# stratified near-degenerate triangles
# idx alt len angle phase x0 y0 x1 y1 x2 y2
N 480
F 0 0.0050000000000000001 10 0 0 155 120 165 120 160 120.005
F 1 0.0050000000000000001 10 0 0.25 155.25 120.25 165.25 120.25 160.25 120.255
F 2 0.0050000000000000001 10 0 0.5 155.5 120.5 165.5 120.5 160.5 120.505
F 3 0.0050000000000000001 10 0 0.75 155.75 120.75 165.75 120.75 160.75 120.755
F 4 0.0050000000000000001 10 22.5 0 155.38060233744358 118.08658283817455 164.61939766255642 121.91341716182545 159.99808658283817 120.00461939766255
F 5 0.0050000000000000001 10 22.5 0.25 155.63060233744358 118.33658283817455 164.86939766255642 122.16341716182545 160.24808658283817 120.25461939766255
F 6 0.0050000000000000001 10 22.5 0.5 155.88060233744358 118.58658283817455 165.11939766255642 122.41341716182545 160.49808658283817 120.50461939766255
F 7 0.0050000000000000001 10 22.5 0.75 156.13060233744358 118.83658283817455 165.36939766255642 122.66341716182545 160.74808658283817 120.75461939766255
F 8 0.0050000000000000001 10 45 0 156.46446609406726 116.46446609406726 163.53553390593274 123.53553390593274 159.99646446609407 120.00353553390593
F 9 0.0050000000000000001 10 45 0.25 156.71446609406726 116.71446609406726 163.78553390593274 123.78553390593274 160.24646446609407 120.25353553390593
F 10 0.0050000000000000001 10 45 0.5 156.96446609406726 116.96446609406726 164.03553390593274 124.03553390593274 160.49646446609407 120.50353553390593
F 11 0.0050000000000000001 10 45 0.75 157.21446609406726 117.21446609406726 164.28553390593274 124.28553390593274 160.74646446609407 120.75353553390593
F 12 0.0050000000000000001 10 67.5 0 158.08658283817456 115.38060233744356 161.91341716182544 124.61939766255644 159.99538060233743 120.00191341716183
F 13 0.0050000000000000001 10 67.5 0.25 158.33658283817456 115.63060233744356 162.16341716182544 124.86939766255644 160.24538060233743 120.25191341716183
F 14 0.0050000000000000001 10 67.5 0.5 158.58658283817456 115.88060233744356 162.41341716182544 125.11939766255644 160.49538060233743 120.50191341716183
F 15 0.0050000000000000001 10 67.5 0.75 158.83658283817456 116.13060233744356 162.66341716182544 125.36939766255644 160.74538060233743 120.75191341716183
F 16 0.0050000000000000001 10 90 0 160 115 160 125 159.995 120
F 17 0.0050000000000000001 10 90 0.25 160.25 115.25 160.25 125.25 160.245 120.25
F 18 0.0050000000000000001 10 90 0.5 160.5 115.5 160.5 125.5 160.495 120.5
F 19 0.0050000000000000001 10 90 0.75 160.75 115.75 160.75 125.75 160.745 120.75
F 20 0.0050000000000000001 40 0 0 140 120 180 120 160 120.005
F 21 0.0050000000000000001 40 0 0.25 140.25 120.25 180.25 120.25 160.25 120.255
F 22 0.0050000000000000001 40 0 0.5 140.5 120.5 180.5 120.5 160.5 120.505
F 23 0.0050000000000000001 40 0 0.75 140.75 120.75 180.75 120.75 160.75 120.755
F 24 0.0050000000000000001 40 22.5 0 141.52240934977425 112.3463313526982 178.47759065022575 127.6536686473018 159.99808658283817 120.00461939766255
F 25 0.0050000000000000001 40 22.5 0.25 141.77240934977425 112.5963313526982 178.72759065022575 127.9036686473018 160.24808658283817 120.25461939766255
F 26 0.0050000000000000001 40 22.5 0.5 142.02240934977425 112.8463313526982 178.97759065022575 128.1536686473018 160.49808658283817 120.50461939766255
F 27 0.0050000000000000001 40 22.5 0.75 142.27240934977425 113.0963313526982 179.22759065022575 128.4036686473018 160.74808658283817 120.75461939766255
F 28 0.0050000000000000001 40 45 0 145.85786437626905 105.85786437626905 174.14213562373095 134.14213562373095 159.99646446609407 120.00353553390593
F 29 0.0050000000000000001 40 45 0.25 146.10786437626905 106.10786437626905 174.39213562373095 134.39213562373095 160.24646446609407 120.25353553390593
F 30 0.0050000000000000001 40 45 0.5 146.35786437626905 106.35786437626905 174.64213562373095 134.64213562373095 160.49646446609407 120.50353553390593
F 31 0.0050000000000000001 40 45 0.75 146.60786437626905 106.60786437626905 174.89213562373095 134.89213562373095 160.74646446609407 120.75353553390593
F 32 0.0050000000000000001 40 67.5 0 152.3463313526982 101.52240934977426 167.6536686473018 138.47759065022575 159.99538060233743 120.00191341716183
F 33 0.0050000000000000001 40 67.5 0.25 152.5963313526982 101.77240934977426 167.9036686473018 138.72759065022575 160.24538060233743 120.25191341716183
F 34 0.0050000000000000001 40 67.5 0.5 152.8463313526982 102.02240934977426 168.1536686473018 138.97759065022575 160.49538060233743 120.50191341716183
F 35 0.0050000000000000001 40 67.5 0.75 153.0963313526982 102.27240934977426 168.4036686473018 139.22759065022575 160.74538060233743 120.75191341716183
F 36 0.0050000000000000001 40 90 0 160 100 160 140 159.995 120
F 37 0.0050000000000000001 40 90 0.25 160.25 100.25 160.25 140.25 160.245 120.25
F 38 0.0050000000000000001 40 90 0.5 160.5 100.5 160.5 140.5 160.495 120.5
F 39 0.0050000000000000001 40 90 0.75 160.75 100.75 160.75 140.75 160.745 120.75
F 40 0.0050000000000000001 87 0 0 116.5 120 203.5 120 160 120.005
F 41 0.0050000000000000001 87 0 0.25 116.75 120.25 203.75 120.25 160.25 120.255
F 42 0.0050000000000000001 87 0 0.5 117 120.5 204 120.5 160.5 120.505
F 43 0.0050000000000000001 87 0 0.75 117.25 120.75 204.25 120.75 160.75 120.755
F 44 0.0050000000000000001 87 22.5 0 119.81124033575902 103.3532706921186 200.18875966424099 136.6467293078814 159.99808658283817 120.00461939766255
F 45 0.0050000000000000001 87 22.5 0.25 120.06124033575902 103.6032706921186 200.43875966424099 136.8967293078814 160.24808658283817 120.25461939766255
F 46 0.0050000000000000001 87 22.5 0.5 120.31124033575902 103.8532706921186 200.68875966424099 137.1467293078814 160.49808658283817 120.50461939766255
F 47 0.0050000000000000001 87 22.5 0.75 120.56124033575902 104.1032706921186 200.93875966424099 137.3967293078814 160.74808658283817 120.75461939766255
F 48 0.0050000000000000001 87 45 0 129.24085501838519 89.24085501838519 190.75914498161481 150.75914498161481 159.99646446609407 120.00353553390593
F 49 0.0050000000000000001 87 45 0.25 129.49085501838519 89.49085501838519 191.00914498161481 151.00914498161481 160.24646446609407 120.25353553390593
F 50 0.0050000000000000001 87 45 0.5 129.74085501838519 89.74085501838519 191.25914498161481 151.25914498161481 160.49646446609407 120.50353553390593
F 51 0.0050000000000000001 87 45 0.75 129.99085501838519 89.99085501838519 191.50914498161481 151.50914498161481 160.74646446609407 120.75353553390593
F 52 0.0050000000000000001 87 67.5 0 143.3532706921186 79.811240335759024 176.6467293078814 160.18875966424099 159.99538060233743 120.00191341716183
F 53 0.0050000000000000001 87 67.5 0.25 143.6032706921186 80.061240335759024 176.8967293078814 160.43875966424099 160.24538060233743 120.25191341716183
F 54 0.0050000000000000001 87 67.5 0.5 143.8532706921186 80.311240335759024 177.1467293078814 160.68875966424099 160.49538060233743 120.50191341716183
F 55 0.0050000000000000001 87 67.5 0.75 144.1032706921186 80.561240335759024 177.3967293078814 160.93875966424099 160.74538060233743 120.75191341716183
F 56 0.0050000000000000001 87 90 0 160 76.5 160 163.5 159.995 120
F 57 0.0050000000000000001 87 90 0.25 160.25 76.75 160.25 163.75 160.245 120.25
F 58 0.0050000000000000001 87 90 0.5 160.5 77 160.5 164 160.495 120.5
F 59 0.0050000000000000001 87 90 0.75 160.75 77.25 160.75 164.25 160.745 120.75
F 60 0.01 10 0 0 155 120 165 120 160 120.01000000000001
F 61 0.01 10 0 0.25 155.25 120.25 165.25 120.25 160.25 120.26000000000001
F 62 0.01 10 0 0.5 155.5 120.5 165.5 120.5 160.5 120.51000000000001
F 63 0.01 10 0 0.75 155.75 120.75 165.75 120.75 160.75 120.76000000000001
F 64 0.01 10 22.5 0 155.38060233744358 118.08658283817455 164.61939766255642 121.91341716182545 159.99617316567634 120.00923879532512
F 65 0.01 10 22.5 0.25 155.63060233744358 118.33658283817455 164.86939766255642 122.16341716182545 160.24617316567634 120.25923879532512
F 66 0.01 10 22.5 0.5 155.88060233744358 118.58658283817455 165.11939766255642 122.41341716182545 160.49617316567634 120.50923879532512
F 67 0.01 10 22.5 0.75 156.13060233744358 118.83658283817455 165.36939766255642 122.66341716182545 160.74617316567634 120.75923879532512
F 68 0.01 10 45 0 156.46446609406726 116.46446609406726 163.53553390593274 123.53553390593274 159.99292893218814 120.00707106781186
F 69 0.01 10 45 0.25 156.71446609406726 116.71446609406726 163.78553390593274 123.78553390593274 160.24292893218814 120.25707106781186
F 70 0.01 10 45 0.5 156.96446609406726 116.96446609406726 164.03553390593274 124.03553390593274 160.49292893218814 120.50707106781186
F 71 0.01 10 45 0.75 157.21446609406726 117.21446609406726 164.28553390593274 124.28553390593274 160.74292893218814 120.75707106781186
F 72 0.01 10 67.5 0 158.08658283817456 115.38060233744356 161.91341716182544 124.61939766255644 159.9907612046749 120.00382683432365
F 73 0.01 10 67.5 0.25 158.33658283817456 115.63060233744356 162.16341716182544 124.86939766255644 160.2407612046749 120.25382683432365
F 74 0.01 10 67.5 0.5 158.58658283817456 115.88060233744356 162.41341716182544 125.11939766255644 160.4907612046749 120.50382683432365
F 75 0.01 10 67.5 0.75 158.83658283817456 116.13060233744356 162.66341716182544 125.36939766255644 160.7407612046749 120.75382683432365
F 76 0.01 10 90 0 160 115 160 125 159.99000000000001 120
F 77 0.01 10 90 0.25 160.25 115.25 160.25 125.25 160.24000000000001 120.25
F 78 0.01 10 90 0.5 160.5 115.5 160.5 125.5 160.49000000000001 120.5
F 79 0.01 10 90 0.75 160.75 115.75 160.75 125.75 160.74000000000001 120.75
F 80 0.01 40 0 0 140 120 180 120 160 120.01000000000001
F 81 0.01 40 0 0.25 140.25 120.25 180.25 120.25 160.25 120.26000000000001
F 82 0.01 40 0 0.5 140.5 120.5 180.5 120.5 160.5 120.51000000000001
F 83 0.01 40 0 0.75 140.75 120.75 180.75 120.75 160.75 120.76000000000001
F 84 0.01 40 22.5 0 141.52240934977425 112.3463313526982 178.47759065022575 127.6536686473018 159.99617316567634 120.00923879532512
F 85 0.01 40 22.5 0.25 141.77240934977425 112.5963313526982 178.72759065022575 127.9036686473018 160.24617316567634 120.25923879532512
F 86 0.01 40 22.5 0.5 142.02240934977425 112.8463313526982 178.97759065022575 128.1536686473018 160.49617316567634 120.50923879532512
F 87 0.01 40 22.5 0.75 142.27240934977425 113.0963313526982 179.22759065022575 128.4036686473018 160.74617316567634 120.75923879532512
F 88 0.01 40 45 0 145.85786437626905 105.85786437626905 174.14213562373095 134.14213562373095 159.99292893218814 120.00707106781186
F 89 0.01 40 45 0.25 146.10786437626905 106.10786437626905 174.39213562373095 134.39213562373095 160.24292893218814 120.25707106781186
F 90 0.01 40 45 0.5 146.35786437626905 106.35786437626905 174.64213562373095 134.64213562373095 160.49292893218814 120.50707106781186
F 91 0.01 40 45 0.75 146.60786437626905 106.60786437626905 174.89213562373095 134.89213562373095 160.74292893218814 120.75707106781186
F 92 0.01 40 67.5 0 152.3463313526982 101.52240934977426 167.6536686473018 138.47759065022575 159.9907612046749 120.00382683432365
F 93 0.01 40 67.5 0.25 152.5963313526982 101.77240934977426 167.9036686473018 138.72759065022575 160.2407612046749 120.25382683432365
F 94 0.01 40 67.5 0.5 152.8463313526982 102.02240934977426 168.1536686473018 138.97759065022575 160.4907612046749 120.50382683432365
F 95 0.01 40 67.5 0.75 153.0963313526982 102.27240934977426 168.4036686473018 139.22759065022575 160.7407612046749 120.75382683432365
F 96 0.01 40 90 0 160 100 160 140 159.99000000000001 120
F 97 0.01 40 90 0.25 160.25 100.25 160.25 140.25 160.24000000000001 120.25
F 98 0.01 40 90 0.5 160.5 100.5 160.5 140.5 160.49000000000001 120.5
F 99 0.01 40 90 0.75 160.75 100.75 160.75 140.75 160.74000000000001 120.75
F 100 0.01 87 0 0 116.5 120 203.5 120 160 120.01000000000001
F 101 0.01 87 0 0.25 116.75 120.25 203.75 120.25 160.25 120.26000000000001
F 102 0.01 87 0 0.5 117 120.5 204 120.5 160.5 120.51000000000001
F 103 0.01 87 0 0.75 117.25 120.75 204.25 120.75 160.75 120.76000000000001
F 104 0.01 87 22.5 0 119.81124033575902 103.3532706921186 200.18875966424099 136.6467293078814 159.99617316567634 120.00923879532512
F 105 0.01 87 22.5 0.25 120.06124033575902 103.6032706921186 200.43875966424099 136.8967293078814 160.24617316567634 120.25923879532512
F 106 0.01 87 22.5 0.5 120.31124033575902 103.8532706921186 200.68875966424099 137.1467293078814 160.49617316567634 120.50923879532512
F 107 0.01 87 22.5 0.75 120.56124033575902 104.1032706921186 200.93875966424099 137.3967293078814 160.74617316567634 120.75923879532512
F 108 0.01 87 45 0 129.24085501838519 89.24085501838519 190.75914498161481 150.75914498161481 159.99292893218814 120.00707106781186
F 109 0.01 87 45 0.25 129.49085501838519 89.49085501838519 191.00914498161481 151.00914498161481 160.24292893218814 120.25707106781186
F 110 0.01 87 45 0.5 129.74085501838519 89.74085501838519 191.25914498161481 151.25914498161481 160.49292893218814 120.50707106781186
F 111 0.01 87 45 0.75 129.99085501838519 89.99085501838519 191.50914498161481 151.50914498161481 160.74292893218814 120.75707106781186
F 112 0.01 87 67.5 0 143.3532706921186 79.811240335759024 176.6467293078814 160.18875966424099 159.9907612046749 120.00382683432365
F 113 0.01 87 67.5 0.25 143.6032706921186 80.061240335759024 176.8967293078814 160.43875966424099 160.2407612046749 120.25382683432365
F 114 0.01 87 67.5 0.5 143.8532706921186 80.311240335759024 177.1467293078814 160.68875966424099 160.4907612046749 120.50382683432365
F 115 0.01 87 67.5 0.75 144.1032706921186 80.561240335759024 177.3967293078814 160.93875966424099 160.7407612046749 120.75382683432365
F 116 0.01 87 90 0 160 76.5 160 163.5 159.99000000000001 120
F 117 0.01 87 90 0.25 160.25 76.75 160.25 163.75 160.24000000000001 120.25
F 118 0.01 87 90 0.5 160.5 77 160.5 164 160.49000000000001 120.5
F 119 0.01 87 90 0.75 160.75 77.25 160.75 164.25 160.74000000000001 120.75
F 120 0.02 10 0 0 155 120 165 120 160 120.02
F 121 0.02 10 0 0.25 155.25 120.25 165.25 120.25 160.25 120.27
F 122 0.02 10 0 0.5 155.5 120.5 165.5 120.5 160.5 120.52
F 123 0.02 10 0 0.75 155.75 120.75 165.75 120.75 160.75 120.77
F 124 0.02 10 22.5 0 155.38060233744358 118.08658283817455 164.61939766255642 121.91341716182545 159.99234633135271 120.01847759065022
F 125 0.02 10 22.5 0.25 155.63060233744358 118.33658283817455 164.86939766255642 122.16341716182545 160.24234633135271 120.26847759065022
F 126 0.02 10 22.5 0.5 155.88060233744358 118.58658283817455 165.11939766255642 122.41341716182545 160.49234633135271 120.51847759065022
F 127 0.02 10 22.5 0.75 156.13060233744358 118.83658283817455 165.36939766255642 122.66341716182545 160.74234633135271 120.76847759065022
F 128 0.02 10 45 0 156.46446609406726 116.46446609406726 163.53553390593274 123.53553390593274 159.98585786437627 120.01414213562373
F 129 0.02 10 45 0.25 156.71446609406726 116.71446609406726 163.78553390593274 123.78553390593274 160.23585786437627 120.26414213562373
F 130 0.02 10 45 0.5 156.96446609406726 116.96446609406726 164.03553390593274 124.03553390593274 160.48585786437627 120.51414213562373
F 131 0.02 10 45 0.75 157.21446609406726 117.21446609406726 164.28553390593274 124.28553390593274 160.73585786437627 120.76414213562373
F 132 0.02 10 67.5 0 158.08658283817456 115.38060233744356 161.91341716182544 124.61939766255644 159.98152240934976 120.00765366864731
F 133 0.02 10 67.5 0.25 158.33658283817456 115.63060233744356 162.16341716182544 124.86939766255644 160.23152240934976 120.25765366864731
F 134 0.02 10 67.5 0.5 158.58658283817456 115.88060233744356 162.41341716182544 125.11939766255644 160.48152240934976 120.50765366864731
F 135 0.02 10 67.5 0.75 158.83658283817456 116.13060233744356 162.66341716182544 125.36939766255644 160.73152240934976 120.75765366864731
F 136 0.02 10 90 0 160 115 160 125 159.97999999999999 120
F 137 0.02 10 90 0.25 160.25 115.25 160.25 125.25 160.22999999999999 120.25
F 138 0.02 10 90 0.5 160.5 115.5 160.5 125.5 160.47999999999999 120.5
F 139 0.02 10 90 0.75 160.75 115.75 160.75 125.75 160.72999999999999 120.75
F 140 0.02 40 0 0 140 120 180 120 160 120.02
F 141 0.02 40 0 0.25 140.25 120.25 180.25 120.25 160.25 120.27
F 142 0.02 40 0 0.5 140.5 120.5 180.5 120.5 160.5 120.52
F 143 0.02 40 0 0.75 140.75 120.75 180.75 120.75 160.75 120.77
F 144 0.02 40 22.5 0 141.52240934977425 112.3463313526982 178.47759065022575 127.6536686473018 159.99234633135271 120.01847759065022
F 145 0.02 40 22.5 0.25 141.77240934977425 112.5963313526982 178.72759065022575 127.9036686473018 160.24234633135271 120.26847759065022
F 146 0.02 40 22.5 0.5 142.02240934977425 112.8463313526982 178.97759065022575 128.1536686473018 160.49234633135271 120.51847759065022
F 147 0.02 40 22.5 0.75 142.27240934977425 113.0963313526982 179.22759065022575 128.4036686473018 160.74234633135271 120.76847759065022
F 148 0.02 40 45 0 145.85786437626905 105.85786437626905 174.14213562373095 134.14213562373095 159.98585786437627 120.01414213562373
F 149 0.02 40 45 0.25 146.10786437626905 106.10786437626905 174.39213562373095 134.39213562373095 160.23585786437627 120.26414213562373
F 150 0.02 40 45 0.5 146.35786437626905 106.35786437626905 174.64213562373095 134.64213562373095 160.48585786437627 120.51414213562373
F 151 0.02 40 45 0.75 146.60786437626905 106.60786437626905 174.89213562373095 134.89213562373095 160.73585786437627 120.76414213562373
F 152 0.02 40 67.5 0 152.3463313526982 101.52240934977426 167.6536686473018 138.47759065022575 159.98152240934976 120.00765366864731
F 153 0.02 40 67.5 0.25 152.5963313526982 101.77240934977426 167.9036686473018 138.72759065022575 160.23152240934976 120.25765366864731
F 154 0.02 40 67.5 0.5 152.8463313526982 102.02240934977426 168.1536686473018 138.97759065022575 160.48152240934976 120.50765366864731
F 155 0.02 40 67.5 0.75 153.0963313526982 102.27240934977426 168.4036686473018 139.22759065022575 160.73152240934976 120.75765366864731
F 156 0.02 40 90 0 160 100 160 140 159.97999999999999 120
F 157 0.02 40 90 0.25 160.25 100.25 160.25 140.25 160.22999999999999 120.25
F 158 0.02 40 90 0.5 160.5 100.5 160.5 140.5 160.47999999999999 120.5
F 159 0.02 40 90 0.75 160.75 100.75 160.75 140.75 160.72999999999999 120.75
F 160 0.02 87 0 0 116.5 120 203.5 120 160 120.02
F 161 0.02 87 0 0.25 116.75 120.25 203.75 120.25 160.25 120.27
F 162 0.02 87 0 0.5 117 120.5 204 120.5 160.5 120.52
F 163 0.02 87 0 0.75 117.25 120.75 204.25 120.75 160.75 120.77
F 164 0.02 87 22.5 0 119.81124033575902 103.3532706921186 200.18875966424099 136.6467293078814 159.99234633135271 120.01847759065022
F 165 0.02 87 22.5 0.25 120.06124033575902 103.6032706921186 200.43875966424099 136.8967293078814 160.24234633135271 120.26847759065022
F 166 0.02 87 22.5 0.5 120.31124033575902 103.8532706921186 200.68875966424099 137.1467293078814 160.49234633135271 120.51847759065022
F 167 0.02 87 22.5 0.75 120.56124033575902 104.1032706921186 200.93875966424099 137.3967293078814 160.74234633135271 120.76847759065022
F 168 0.02 87 45 0 129.24085501838519 89.24085501838519 190.75914498161481 150.75914498161481 159.98585786437627 120.01414213562373
F 169 0.02 87 45 0.25 129.49085501838519 89.49085501838519 191.00914498161481 151.00914498161481 160.23585786437627 120.26414213562373
F 170 0.02 87 45 0.5 129.74085501838519 89.74085501838519 191.25914498161481 151.25914498161481 160.48585786437627 120.51414213562373
F 171 0.02 87 45 0.75 129.99085501838519 89.99085501838519 191.50914498161481 151.50914498161481 160.73585786437627 120.76414213562373
F 172 0.02 87 67.5 0 143.3532706921186 79.811240335759024 176.6467293078814 160.18875966424099 159.98152240934976 120.00765366864731
F 173 0.02 87 67.5 0.25 143.6032706921186 80.061240335759024 176.8967293078814 160.43875966424099 160.23152240934976 120.25765366864731
F 174 0.02 87 67.5 0.5 143.8532706921186 80.311240335759024 177.1467293078814 160.68875966424099 160.48152240934976 120.50765366864731
F 175 0.02 87 67.5 0.75 144.1032706921186 80.561240335759024 177.3967293078814 160.93875966424099 160.73152240934976 120.75765366864731
F 176 0.02 87 90 0 160 76.5 160 163.5 159.97999999999999 120
F 177 0.02 87 90 0.25 160.25 76.75 160.25 163.75 160.22999999999999 120.25
F 178 0.02 87 90 0.5 160.5 77 160.5 164 160.47999999999999 120.5
F 179 0.02 87 90 0.75 160.75 77.25 160.75 164.25 160.72999999999999 120.75
F 180 0.050000000000000003 10 0 0 155 120 165 120 160 120.05
F 181 0.050000000000000003 10 0 0.25 155.25 120.25 165.25 120.25 160.25 120.3
F 182 0.050000000000000003 10 0 0.5 155.5 120.5 165.5 120.5 160.5 120.55
F 183 0.050000000000000003 10 0 0.75 155.75 120.75 165.75 120.75 160.75 120.8
F 184 0.050000000000000003 10 22.5 0 155.38060233744358 118.08658283817455 164.61939766255642 121.91341716182545 159.98086582838175 120.04619397662556
F 185 0.050000000000000003 10 22.5 0.25 155.63060233744358 118.33658283817455 164.86939766255642 122.16341716182545 160.23086582838175 120.29619397662556
F 186 0.050000000000000003 10 22.5 0.5 155.88060233744358 118.58658283817455 165.11939766255642 122.41341716182545 160.48086582838175 120.54619397662556
F 187 0.050000000000000003 10 22.5 0.75 156.13060233744358 118.83658283817455 165.36939766255642 122.66341716182545 160.73086582838175 120.79619397662556
F 188 0.050000000000000003 10 45 0 156.46446609406726 116.46446609406726 163.53553390593274 123.53553390593274 159.96464466094068 120.03535533905932
F 189 0.050000000000000003 10 45 0.25 156.71446609406726 116.71446609406726 163.78553390593274 123.78553390593274 160.21464466094068 120.28535533905932
F 190 0.050000000000000003 10 45 0.5 156.96446609406726 116.96446609406726 164.03553390593274 124.03553390593274 160.46464466094068 120.53535533905932
F 191 0.050000000000000003 10 45 0.75 157.21446609406726 117.21446609406726 164.28553390593274 124.28553390593274 160.71464466094068 120.78535533905932
F 192 0.050000000000000003 10 67.5 0 158.08658283817456 115.38060233744356 161.91341716182544 124.61939766255644 159.95380602337443 120.01913417161825
F 193 0.050000000000000003 10 67.5 0.25 158.33658283817456 115.63060233744356 162.16341716182544 124.86939766255644 160.20380602337443 120.26913417161825
F 194 0.050000000000000003 10 67.5 0.5 158.58658283817456 115.88060233744356 162.41341716182544 125.11939766255644 160.45380602337443 120.51913417161825
F 195 0.050000000000000003 10 67.5 0.75 158.83658283817456 116.13060233744356 162.66341716182544 125.36939766255644 160.70380602337443 120.76913417161825
F 196 0.050000000000000003 10 90 0 160 115 160 125 159.94999999999999 120
F 197 0.050000000000000003 10 90 0.25 160.25 115.25 160.25 125.25 160.19999999999999 120.25
F 198 0.050000000000000003 10 90 0.5 160.5 115.5 160.5 125.5 160.44999999999999 120.5
F 199 0.050000000000000003 10 90 0.75 160.75 115.75 160.75 125.75 160.69999999999999 120.75
F 200 0.050000000000000003 40 0 0 140 120 180 120 160 120.05
F 201 0.050000000000000003 40 0 0.25 140.25 120.25 180.25 120.25 160.25 120.3
F 202 0.050000000000000003 40 0 0.5 140.5 120.5 180.5 120.5 160.5 120.55
F 203 0.050000000000000003 40 0 0.75 140.75 120.75 180.75 120.75 160.75 120.8
F 204 0.050000000000000003 40 22.5 0 141.52240934977425 112.3463313526982 178.47759065022575 127.6536686473018 159.98086582838175 120.04619397662556
F 205 0.050000000000000003 40 22.5 0.25 141.77240934977425 112.5963313526982 178.72759065022575 127.9036686473018 160.23086582838175 120.29619397662556
F 206 0.050000000000000003 40 22.5 0.5 142.02240934977425 112.8463313526982 178.97759065022575 128.1536686473018 160.48086582838175 120.54619397662556
F 207 0.050000000000000003 40 22.5 0.75 142.27240934977425 113.0963313526982 179.22759065022575 128.4036686473018 160.73086582838175 120.79619397662556
F 208 0.050000000000000003 40 45 0 145.85786437626905 105.85786437626905 174.14213562373095 134.14213562373095 159.96464466094068 120.03535533905932
F 209 0.050000000000000003 40 45 0.25 146.10786437626905 106.10786437626905 174.39213562373095 134.39213562373095 160.21464466094068 120.28535533905932
F 210 0.050000000000000003 40 45 0.5 146.35786437626905 106.35786437626905 174.64213562373095 134.64213562373095 160.46464466094068 120.53535533905932
F 211 0.050000000000000003 40 45 0.75 146.60786437626905 106.60786437626905 174.89213562373095 134.89213562373095 160.71464466094068 120.78535533905932
F 212 0.050000000000000003 40 67.5 0 152.3463313526982 101.52240934977426 167.6536686473018 138.47759065022575 159.95380602337443 120.01913417161825
F 213 0.050000000000000003 40 67.5 0.25 152.5963313526982 101.77240934977426 167.9036686473018 138.72759065022575 160.20380602337443 120.26913417161825
F 214 0.050000000000000003 40 67.5 0.5 152.8463313526982 102.02240934977426 168.1536686473018 138.97759065022575 160.45380602337443 120.51913417161825
F 215 0.050000000000000003 40 67.5 0.75 153.0963313526982 102.27240934977426 168.4036686473018 139.22759065022575 160.70380602337443 120.76913417161825
F 216 0.050000000000000003 40 90 0 160 100 160 140 159.94999999999999 120
F 217 0.050000000000000003 40 90 0.25 160.25 100.25 160.25 140.25 160.19999999999999 120.25
F 218 0.050000000000000003 40 90 0.5 160.5 100.5 160.5 140.5 160.44999999999999 120.5
F 219 0.050000000000000003 40 90 0.75 160.75 100.75 160.75 140.75 160.69999999999999 120.75
F 220 0.050000000000000003 87 0 0 116.5 120 203.5 120 160 120.05
F 221 0.050000000000000003 87 0 0.25 116.75 120.25 203.75 120.25 160.25 120.3
F 222 0.050000000000000003 87 0 0.5 117 120.5 204 120.5 160.5 120.55
F 223 0.050000000000000003 87 0 0.75 117.25 120.75 204.25 120.75 160.75 120.8
F 224 0.050000000000000003 87 22.5 0 119.81124033575902 103.3532706921186 200.18875966424099 136.6467293078814 159.98086582838175 120.04619397662556
F 225 0.050000000000000003 87 22.5 0.25 120.06124033575902 103.6032706921186 200.43875966424099 136.8967293078814 160.23086582838175 120.29619397662556
F 226 0.050000000000000003 87 22.5 0.5 120.31124033575902 103.8532706921186 200.68875966424099 137.1467293078814 160.48086582838175 120.54619397662556
F 227 0.050000000000000003 87 22.5 0.75 120.56124033575902 104.1032706921186 200.93875966424099 137.3967293078814 160.73086582838175 120.79619397662556
F 228 0.050000000000000003 87 45 0 129.24085501838519 89.24085501838519 190.75914498161481 150.75914498161481 159.96464466094068 120.03535533905932
F 229 0.050000000000000003 87 45 0.25 129.49085501838519 89.49085501838519 191.00914498161481 151.00914498161481 160.21464466094068 120.28535533905932
F 230 0.050000000000000003 87 45 0.5 129.74085501838519 89.74085501838519 191.25914498161481 151.25914498161481 160.46464466094068 120.53535533905932
F 231 0.050000000000000003 87 45 0.75 129.99085501838519 89.99085501838519 191.50914498161481 151.50914498161481 160.71464466094068 120.78535533905932
F 232 0.050000000000000003 87 67.5 0 143.3532706921186 79.811240335759024 176.6467293078814 160.18875966424099 159.95380602337443 120.01913417161825
F 233 0.050000000000000003 87 67.5 0.25 143.6032706921186 80.061240335759024 176.8967293078814 160.43875966424099 160.20380602337443 120.26913417161825
F 234 0.050000000000000003 87 67.5 0.5 143.8532706921186 80.311240335759024 177.1467293078814 160.68875966424099 160.45380602337443 120.51913417161825
F 235 0.050000000000000003 87 67.5 0.75 144.1032706921186 80.561240335759024 177.3967293078814 160.93875966424099 160.70380602337443 120.76913417161825
F 236 0.050000000000000003 87 90 0 160 76.5 160 163.5 159.94999999999999 120
F 237 0.050000000000000003 87 90 0.25 160.25 76.75 160.25 163.75 160.19999999999999 120.25
F 238 0.050000000000000003 87 90 0.5 160.5 77 160.5 164 160.44999999999999 120.5
F 239 0.050000000000000003 87 90 0.75 160.75 77.25 160.75 164.25 160.69999999999999 120.75
F 240 0.10000000000000001 10 0 0 155 120 165 120 160 120.09999999999999
F 241 0.10000000000000001 10 0 0.25 155.25 120.25 165.25 120.25 160.25 120.34999999999999
F 242 0.10000000000000001 10 0 0.5 155.5 120.5 165.5 120.5 160.5 120.59999999999999
F 243 0.10000000000000001 10 0 0.75 155.75 120.75 165.75 120.75 160.75 120.84999999999999
F 244 0.10000000000000001 10 22.5 0 155.38060233744358 118.08658283817455 164.61939766255642 121.91341716182545 159.9617316567635 120.09238795325113
F 245 0.10000000000000001 10 22.5 0.25 155.63060233744358 118.33658283817455 164.86939766255642 122.16341716182545 160.2117316567635 120.34238795325113
F 246 0.10000000000000001 10 22.5 0.5 155.88060233744358 118.58658283817455 165.11939766255642 122.41341716182545 160.4617316567635 120.59238795325113
F 247 0.10000000000000001 10 22.5 0.75 156.13060233744358 118.83658283817455 165.36939766255642 122.66341716182545 160.7117316567635 120.84238795325113
F 248 0.10000000000000001 10 45 0 156.46446609406726 116.46446609406726 163.53553390593274 123.53553390593274 159.92928932188136 120.07071067811866
F 249 0.10000000000000001 10 45 0.25 156.71446609406726 116.71446609406726 163.78553390593274 123.78553390593274 160.17928932188136 120.32071067811866
F 250 0.10000000000000001 10 45 0.5 156.96446609406726 116.96446609406726 164.03553390593274 124.03553390593274 160.42928932188136 120.57071067811866
F 251 0.10000000000000001 10 45 0.75 157.21446609406726 117.21446609406726 164.28553390593274 124.28553390593274 160.67928932188136 120.82071067811866
F 252 0.10000000000000001 10 67.5 0 158.08658283817456 115.38060233744356 161.91341716182544 124.61939766255644 159.90761204674888 120.03826834323651
F 253 0.10000000000000001 10 67.5 0.25 158.33658283817456 115.63060233744356 162.16341716182544 124.86939766255644 160.15761204674888 120.28826834323651
F 254 0.10000000000000001 10 67.5 0.5 158.58658283817456 115.88060233744356 162.41341716182544 125.11939766255644 160.40761204674888 120.53826834323651
F 255 0.10000000000000001 10 67.5 0.75 158.83658283817456 116.13060233744356 162.66341716182544 125.36939766255644 160.65761204674888 120.78826834323651
F 256 0.10000000000000001 10 90 0 160 115 160 125 159.90000000000001 120
F 257 0.10000000000000001 10 90 0.25 160.25 115.25 160.25 125.25 160.15000000000001 120.25
F 258 0.10000000000000001 10 90 0.5 160.5 115.5 160.5 125.5 160.40000000000001 120.5
F 259 0.10000000000000001 10 90 0.75 160.75 115.75 160.75 125.75 160.65000000000001 120.75
F 260 0.10000000000000001 40 0 0 140 120 180 120 160 120.09999999999999
F 261 0.10000000000000001 40 0 0.25 140.25 120.25 180.25 120.25 160.25 120.34999999999999
F 262 0.10000000000000001 40 0 0.5 140.5 120.5 180.5 120.5 160.5 120.59999999999999
F 263 0.10000000000000001 40 0 0.75 140.75 120.75 180.75 120.75 160.75 120.84999999999999
F 264 0.10000000000000001 40 22.5 0 141.52240934977425 112.3463313526982 178.47759065022575 127.6536686473018 159.9617316567635 120.09238795325113
F 265 0.10000000000000001 40 22.5 0.25 141.77240934977425 112.5963313526982 178.72759065022575 127.9036686473018 160.2117316567635 120.34238795325113
F 266 0.10000000000000001 40 22.5 0.5 142.02240934977425 112.8463313526982 178.97759065022575 128.1536686473018 160.4617316567635 120.59238795325113
F 267 0.10000000000000001 40 22.5 0.75 142.27240934977425 113.0963313526982 179.22759065022575 128.4036686473018 160.7117316567635 120.84238795325113
F 268 0.10000000000000001 40 45 0 145.85786437626905 105.85786437626905 174.14213562373095 134.14213562373095 159.92928932188136 120.07071067811866
F 269 0.10000000000000001 40 45 0.25 146.10786437626905 106.10786437626905 174.39213562373095 134.39213562373095 160.17928932188136 120.32071067811866
F 270 0.10000000000000001 40 45 0.5 146.35786437626905 106.35786437626905 174.64213562373095 134.64213562373095 160.42928932188136 120.57071067811866
F 271 0.10000000000000001 40 45 0.75 146.60786437626905 106.60786437626905 174.89213562373095 134.89213562373095 160.67928932188136 120.82071067811866
F 272 0.10000000000000001 40 67.5 0 152.3463313526982 101.52240934977426 167.6536686473018 138.47759065022575 159.90761204674888 120.03826834323651
F 273 0.10000000000000001 40 67.5 0.25 152.5963313526982 101.77240934977426 167.9036686473018 138.72759065022575 160.15761204674888 120.28826834323651
F 274 0.10000000000000001 40 67.5 0.5 152.8463313526982 102.02240934977426 168.1536686473018 138.97759065022575 160.40761204674888 120.53826834323651
F 275 0.10000000000000001 40 67.5 0.75 153.0963313526982 102.27240934977426 168.4036686473018 139.22759065022575 160.65761204674888 120.78826834323651
F 276 0.10000000000000001 40 90 0 160 100 160 140 159.90000000000001 120
F 277 0.10000000000000001 40 90 0.25 160.25 100.25 160.25 140.25 160.15000000000001 120.25
F 278 0.10000000000000001 40 90 0.5 160.5 100.5 160.5 140.5 160.40000000000001 120.5
F 279 0.10000000000000001 40 90 0.75 160.75 100.75 160.75 140.75 160.65000000000001 120.75
F 280 0.10000000000000001 87 0 0 116.5 120 203.5 120 160 120.09999999999999
F 281 0.10000000000000001 87 0 0.25 116.75 120.25 203.75 120.25 160.25 120.34999999999999
F 282 0.10000000000000001 87 0 0.5 117 120.5 204 120.5 160.5 120.59999999999999
F 283 0.10000000000000001 87 0 0.75 117.25 120.75 204.25 120.75 160.75 120.84999999999999
F 284 0.10000000000000001 87 22.5 0 119.81124033575902 103.3532706921186 200.18875966424099 136.6467293078814 159.9617316567635 120.09238795325113
F 285 0.10000000000000001 87 22.5 0.25 120.06124033575902 103.6032706921186 200.43875966424099 136.8967293078814 160.2117316567635 120.34238795325113
F 286 0.10000000000000001 87 22.5 0.5 120.31124033575902 103.8532706921186 200.68875966424099 137.1467293078814 160.4617316567635 120.59238795325113
F 287 0.10000000000000001 87 22.5 0.75 120.56124033575902 104.1032706921186 200.93875966424099 137.3967293078814 160.7117316567635 120.84238795325113
F 288 0.10000000000000001 87 45 0 129.24085501838519 89.24085501838519 190.75914498161481 150.75914498161481 159.92928932188136 120.07071067811866
F 289 0.10000000000000001 87 45 0.25 129.49085501838519 89.49085501838519 191.00914498161481 151.00914498161481 160.17928932188136 120.32071067811866
F 290 0.10000000000000001 87 45 0.5 129.74085501838519 89.74085501838519 191.25914498161481 151.25914498161481 160.42928932188136 120.57071067811866
F 291 0.10000000000000001 87 45 0.75 129.99085501838519 89.99085501838519 191.50914498161481 151.50914498161481 160.67928932188136 120.82071067811866
F 292 0.10000000000000001 87 67.5 0 143.3532706921186 79.811240335759024 176.6467293078814 160.18875966424099 159.90761204674888 120.03826834323651
F 293 0.10000000000000001 87 67.5 0.25 143.6032706921186 80.061240335759024 176.8967293078814 160.43875966424099 160.15761204674888 120.28826834323651
F 294 0.10000000000000001 87 67.5 0.5 143.8532706921186 80.311240335759024 177.1467293078814 160.68875966424099 160.40761204674888 120.53826834323651
F 295 0.10000000000000001 87 67.5 0.75 144.1032706921186 80.561240335759024 177.3967293078814 160.93875966424099 160.65761204674888 120.78826834323651
F 296 0.10000000000000001 87 90 0 160 76.5 160 163.5 159.90000000000001 120
F 297 0.10000000000000001 87 90 0.25 160.25 76.75 160.25 163.75 160.15000000000001 120.25
F 298 0.10000000000000001 87 90 0.5 160.5 77 160.5 164 160.40000000000001 120.5
F 299 0.10000000000000001 87 90 0.75 160.75 77.25 160.75 164.25 160.65000000000001 120.75
F 300 0.20000000000000001 10 0 0 155 120 165 120 160 120.2
F 301 0.20000000000000001 10 0 0.25 155.25 120.25 165.25 120.25 160.25 120.45
F 302 0.20000000000000001 10 0 0.5 155.5 120.5 165.5 120.5 160.5 120.7
F 303 0.20000000000000001 10 0 0.75 155.75 120.75 165.75 120.75 160.75 120.95
F 304 0.20000000000000001 10 22.5 0 155.38060233744358 118.08658283817455 164.61939766255642 121.91341716182545 159.92346331352698 120.18477590650225
F 305 0.20000000000000001 10 22.5 0.25 155.63060233744358 118.33658283817455 164.86939766255642 122.16341716182545 160.17346331352698 120.43477590650225
F 306 0.20000000000000001 10 22.5 0.5 155.88060233744358 118.58658283817455 165.11939766255642 122.41341716182545 160.42346331352698 120.68477590650225
F 307 0.20000000000000001 10 22.5 0.75 156.13060233744358 118.83658283817455 165.36939766255642 122.66341716182545 160.67346331352698 120.93477590650225
F 308 0.20000000000000001 10 45 0 156.46446609406726 116.46446609406726 163.53553390593274 123.53553390593274 159.85857864376268 120.14142135623732
F 309 0.20000000000000001 10 45 0.25 156.71446609406726 116.71446609406726 163.78553390593274 123.78553390593274 160.10857864376268 120.39142135623732
F 310 0.20000000000000001 10 45 0.5 156.96446609406726 116.96446609406726 164.03553390593274 124.03553390593274 160.35857864376268 120.64142135623732
F 311 0.20000000000000001 10 45 0.75 157.21446609406726 117.21446609406726 164.28553390593274 124.28553390593274 160.60857864376268 120.89142135623732
F 312 0.20000000000000001 10 67.5 0 158.08658283817456 115.38060233744356 161.91341716182544 124.61939766255644 159.81522409349773 120.07653668647302
F 313 0.20000000000000001 10 67.5 0.25 158.33658283817456 115.63060233744356 162.16341716182544 124.86939766255644 160.06522409349773 120.32653668647302
F 314 0.20000000000000001 10 67.5 0.5 158.58658283817456 115.88060233744356 162.41341716182544 125.11939766255644 160.31522409349773 120.57653668647302
F 315 0.20000000000000001 10 67.5 0.75 158.83658283817456 116.13060233744356 162.66341716182544 125.36939766255644 160.56522409349773 120.82653668647302
F 316 0.20000000000000001 10 90 0 160 115 160 125 159.80000000000001 120
F 317 0.20000000000000001 10 90 0.25 160.25 115.25 160.25 125.25 160.05000000000001 120.25
F 318 0.20000000000000001 10 90 0.5 160.5 115.5 160.5 125.5 160.30000000000001 120.5
F 319 0.20000000000000001 10 90 0.75 160.75 115.75 160.75 125.75 160.55000000000001 120.75
F 320 0.20000000000000001 40 0 0 140 120 180 120 160 120.2
F 321 0.20000000000000001 40 0 0.25 140.25 120.25 180.25 120.25 160.25 120.45
F 322 0.20000000000000001 40 0 0.5 140.5 120.5 180.5 120.5 160.5 120.7
F 323 0.20000000000000001 40 0 0.75 140.75 120.75 180.75 120.75 160.75 120.95
F 324 0.20000000000000001 40 22.5 0 141.52240934977425 112.3463313526982 178.47759065022575 127.6536686473018 159.92346331352698 120.18477590650225
F 325 0.20000000000000001 40 22.5 0.25 141.77240934977425 112.5963313526982 178.72759065022575 127.9036686473018 160.17346331352698 120.43477590650225
F 326 0.20000000000000001 40 22.5 0.5 142.02240934977425 112.8463313526982 178.97759065022575 128.1536686473018 160.42346331352698 120.68477590650225
F 327 0.20000000000000001 40 22.5 0.75 142.27240934977425 113.0963313526982 179.22759065022575 128.4036686473018 160.67346331352698 120.93477590650225
F 328 0.20000000000000001 40 45 0 145.85786437626905 105.85786437626905 174.14213562373095 134.14213562373095 159.85857864376268 120.14142135623732
F 329 0.20000000000000001 40 45 0.25 146.10786437626905 106.10786437626905 174.39213562373095 134.39213562373095 160.10857864376268 120.39142135623732
F 330 0.20000000000000001 40 45 0.5 146.35786437626905 106.35786437626905 174.64213562373095 134.64213562373095 160.35857864376268 120.64142135623732
F 331 0.20000000000000001 40 45 0.75 146.60786437626905 106.60786437626905 174.89213562373095 134.89213562373095 160.60857864376268 120.89142135623732
F 332 0.20000000000000001 40 67.5 0 152.3463313526982 101.52240934977426 167.6536686473018 138.47759065022575 159.81522409349773 120.07653668647302
F 333 0.20000000000000001 40 67.5 0.25 152.5963313526982 101.77240934977426 167.9036686473018 138.72759065022575 160.06522409349773 120.32653668647302
F 334 0.20000000000000001 40 67.5 0.5 152.8463313526982 102.02240934977426 168.1536686473018 138.97759065022575 160.31522409349773 120.57653668647302
F 335 0.20000000000000001 40 67.5 0.75 153.0963313526982 102.27240934977426 168.4036686473018 139.22759065022575 160.56522409349773 120.82653668647302
F 336 0.20000000000000001 40 90 0 160 100 160 140 159.80000000000001 120
F 337 0.20000000000000001 40 90 0.25 160.25 100.25 160.25 140.25 160.05000000000001 120.25
F 338 0.20000000000000001 40 90 0.5 160.5 100.5 160.5 140.5 160.30000000000001 120.5
F 339 0.20000000000000001 40 90 0.75 160.75 100.75 160.75 140.75 160.55000000000001 120.75
F 340 0.20000000000000001 87 0 0 116.5 120 203.5 120 160 120.2
F 341 0.20000000000000001 87 0 0.25 116.75 120.25 203.75 120.25 160.25 120.45
F 342 0.20000000000000001 87 0 0.5 117 120.5 204 120.5 160.5 120.7
F 343 0.20000000000000001 87 0 0.75 117.25 120.75 204.25 120.75 160.75 120.95
F 344 0.20000000000000001 87 22.5 0 119.81124033575902 103.3532706921186 200.18875966424099 136.6467293078814 159.92346331352698 120.18477590650225
F 345 0.20000000000000001 87 22.5 0.25 120.06124033575902 103.6032706921186 200.43875966424099 136.8967293078814 160.17346331352698 120.43477590650225
F 346 0.20000000000000001 87 22.5 0.5 120.31124033575902 103.8532706921186 200.68875966424099 137.1467293078814 160.42346331352698 120.68477590650225
F 347 0.20000000000000001 87 22.5 0.75 120.56124033575902 104.1032706921186 200.93875966424099 137.3967293078814 160.67346331352698 120.93477590650225
F 348 0.20000000000000001 87 45 0 129.24085501838519 89.24085501838519 190.75914498161481 150.75914498161481 159.85857864376268 120.14142135623732
F 349 0.20000000000000001 87 45 0.25 129.49085501838519 89.49085501838519 191.00914498161481 151.00914498161481 160.10857864376268 120.39142135623732
F 350 0.20000000000000001 87 45 0.5 129.74085501838519 89.74085501838519 191.25914498161481 151.25914498161481 160.35857864376268 120.64142135623732
F 351 0.20000000000000001 87 45 0.75 129.99085501838519 89.99085501838519 191.50914498161481 151.50914498161481 160.60857864376268 120.89142135623732
F 352 0.20000000000000001 87 67.5 0 143.3532706921186 79.811240335759024 176.6467293078814 160.18875966424099 159.81522409349773 120.07653668647302
F 353 0.20000000000000001 87 67.5 0.25 143.6032706921186 80.061240335759024 176.8967293078814 160.43875966424099 160.06522409349773 120.32653668647302
F 354 0.20000000000000001 87 67.5 0.5 143.8532706921186 80.311240335759024 177.1467293078814 160.68875966424099 160.31522409349773 120.57653668647302
F 355 0.20000000000000001 87 67.5 0.75 144.1032706921186 80.561240335759024 177.3967293078814 160.93875966424099 160.56522409349773 120.82653668647302
F 356 0.20000000000000001 87 90 0 160 76.5 160 163.5 159.80000000000001 120
F 357 0.20000000000000001 87 90 0.25 160.25 76.75 160.25 163.75 160.05000000000001 120.25
F 358 0.20000000000000001 87 90 0.5 160.5 77 160.5 164 160.30000000000001 120.5
F 359 0.20000000000000001 87 90 0.75 160.75 77.25 160.75 164.25 160.55000000000001 120.75
F 360 0.5 10 0 0 155 120 165 120 160 120.5
F 361 0.5 10 0 0.25 155.25 120.25 165.25 120.25 160.25 120.75
F 362 0.5 10 0 0.5 155.5 120.5 165.5 120.5 160.5 121
F 363 0.5 10 0 0.75 155.75 120.75 165.75 120.75 160.75 121.25
F 364 0.5 10 22.5 0 155.38060233744358 118.08658283817455 164.61939766255642 121.91341716182545 159.80865828381746 120.46193976625564
F 365 0.5 10 22.5 0.25 155.63060233744358 118.33658283817455 164.86939766255642 122.16341716182545 160.05865828381746 120.71193976625564
F 366 0.5 10 22.5 0.5 155.88060233744358 118.58658283817455 165.11939766255642 122.41341716182545 160.30865828381746 120.96193976625564
F 367 0.5 10 22.5 0.75 156.13060233744358 118.83658283817455 165.36939766255642 122.66341716182545 160.55865828381746 121.21193976625564
F 368 0.5 10 45 0 156.46446609406726 116.46446609406726 163.53553390593274 123.53553390593274 159.64644660940672 120.35355339059328
F 369 0.5 10 45 0.25 156.71446609406726 116.71446609406726 163.78553390593274 123.78553390593274 159.89644660940672 120.60355339059328
F 370 0.5 10 45 0.5 156.96446609406726 116.96446609406726 164.03553390593274 124.03553390593274 160.14644660940672 120.85355339059328
F 371 0.5 10 45 0.75 157.21446609406726 117.21446609406726 164.28553390593274 124.28553390593274 160.39644660940672 121.10355339059328
F 372 0.5 10 67.5 0 158.08658283817456 115.38060233744356 161.91341716182544 124.61939766255644 159.53806023374435 120.19134171618255
F 373 0.5 10 67.5 0.25 158.33658283817456 115.63060233744356 162.16341716182544 124.86939766255644 159.78806023374435 120.44134171618255
F 374 0.5 10 67.5 0.5 158.58658283817456 115.88060233744356 162.41341716182544 125.11939766255644 160.03806023374435 120.69134171618255
F 375 0.5 10 67.5 0.75 158.83658283817456 116.13060233744356 162.66341716182544 125.36939766255644 160.28806023374435 120.94134171618255
F 376 0.5 10 90 0 160 115 160 125 159.5 120
F 377 0.5 10 90 0.25 160.25 115.25 160.25 125.25 159.75 120.25
F 378 0.5 10 90 0.5 160.5 115.5 160.5 125.5 160 120.5
F 379 0.5 10 90 0.75 160.75 115.75 160.75 125.75 160.25 120.75
F 380 0.5 40 0 0 140 120 180 120 160 120.5
F 381 0.5 40 0 0.25 140.25 120.25 180.25 120.25 160.25 120.75
F 382 0.5 40 0 0.5 140.5 120.5 180.5 120.5 160.5 121
F 383 0.5 40 0 0.75 140.75 120.75 180.75 120.75 160.75 121.25
F 384 0.5 40 22.5 0 141.52240934977425 112.3463313526982 178.47759065022575 127.6536686473018 159.80865828381746 120.46193976625564
F 385 0.5 40 22.5 0.25 141.77240934977425 112.5963313526982 178.72759065022575 127.9036686473018 160.05865828381746 120.71193976625564
F 386 0.5 40 22.5 0.5 142.02240934977425 112.8463313526982 178.97759065022575 128.1536686473018 160.30865828381746 120.96193976625564
F 387 0.5 40 22.5 0.75 142.27240934977425 113.0963313526982 179.22759065022575 128.4036686473018 160.55865828381746 121.21193976625564
F 388 0.5 40 45 0 145.85786437626905 105.85786437626905 174.14213562373095 134.14213562373095 159.64644660940672 120.35355339059328
F 389 0.5 40 45 0.25 146.10786437626905 106.10786437626905 174.39213562373095 134.39213562373095 159.89644660940672 120.60355339059328
F 390 0.5 40 45 0.5 146.35786437626905 106.35786437626905 174.64213562373095 134.64213562373095 160.14644660940672 120.85355339059328
F 391 0.5 40 45 0.75 146.60786437626905 106.60786437626905 174.89213562373095 134.89213562373095 160.39644660940672 121.10355339059328
F 392 0.5 40 67.5 0 152.3463313526982 101.52240934977426 167.6536686473018 138.47759065022575 159.53806023374435 120.19134171618255
F 393 0.5 40 67.5 0.25 152.5963313526982 101.77240934977426 167.9036686473018 138.72759065022575 159.78806023374435 120.44134171618255
F 394 0.5 40 67.5 0.5 152.8463313526982 102.02240934977426 168.1536686473018 138.97759065022575 160.03806023374435 120.69134171618255
F 395 0.5 40 67.5 0.75 153.0963313526982 102.27240934977426 168.4036686473018 139.22759065022575 160.28806023374435 120.94134171618255
F 396 0.5 40 90 0 160 100 160 140 159.5 120
F 397 0.5 40 90 0.25 160.25 100.25 160.25 140.25 159.75 120.25
F 398 0.5 40 90 0.5 160.5 100.5 160.5 140.5 160 120.5
F 399 0.5 40 90 0.75 160.75 100.75 160.75 140.75 160.25 120.75
F 400 0.5 87 0 0 116.5 120 203.5 120 160 120.5
F 401 0.5 87 0 0.25 116.75 120.25 203.75 120.25 160.25 120.75
F 402 0.5 87 0 0.5 117 120.5 204 120.5 160.5 121
F 403 0.5 87 0 0.75 117.25 120.75 204.25 120.75 160.75 121.25
F 404 0.5 87 22.5 0 119.81124033575902 103.3532706921186 200.18875966424099 136.6467293078814 159.80865828381746 120.46193976625564
F 405 0.5 87 22.5 0.25 120.06124033575902 103.6032706921186 200.43875966424099 136.8967293078814 160.05865828381746 120.71193976625564
F 406 0.5 87 22.5 0.5 120.31124033575902 103.8532706921186 200.68875966424099 137.1467293078814 160.30865828381746 120.96193976625564
F 407 0.5 87 22.5 0.75 120.56124033575902 104.1032706921186 200.93875966424099 137.3967293078814 160.55865828381746 121.21193976625564
F 408 0.5 87 45 0 129.24085501838519 89.24085501838519 190.75914498161481 150.75914498161481 159.64644660940672 120.35355339059328
F 409 0.5 87 45 0.25 129.49085501838519 89.49085501838519 191.00914498161481 151.00914498161481 159.89644660940672 120.60355339059328
F 410 0.5 87 45 0.5 129.74085501838519 89.74085501838519 191.25914498161481 151.25914498161481 160.14644660940672 120.85355339059328
F 411 0.5 87 45 0.75 129.99085501838519 89.99085501838519 191.50914498161481 151.50914498161481 160.39644660940672 121.10355339059328
F 412 0.5 87 67.5 0 143.3532706921186 79.811240335759024 176.6467293078814 160.18875966424099 159.53806023374435 120.19134171618255
F 413 0.5 87 67.5 0.25 143.6032706921186 80.061240335759024 176.8967293078814 160.43875966424099 159.78806023374435 120.44134171618255
F 414 0.5 87 67.5 0.5 143.8532706921186 80.311240335759024 177.1467293078814 160.68875966424099 160.03806023374435 120.69134171618255
F 415 0.5 87 67.5 0.75 144.1032706921186 80.561240335759024 177.3967293078814 160.93875966424099 160.28806023374435 120.94134171618255
F 416 0.5 87 90 0 160 76.5 160 163.5 159.5 120
F 417 0.5 87 90 0.25 160.25 76.75 160.25 163.75 159.75 120.25
F 418 0.5 87 90 0.5 160.5 77 160.5 164 160 120.5
F 419 0.5 87 90 0.75 160.75 77.25 160.75 164.25 160.25 120.75
F 420 1 10 0 0 155 120 165 120 160 121
F 421 1 10 0 0.25 155.25 120.25 165.25 120.25 160.25 121.25
F 422 1 10 0 0.5 155.5 120.5 165.5 120.5 160.5 121.5
F 423 1 10 0 0.75 155.75 120.75 165.75 120.75 160.75 121.75
F 424 1 10 22.5 0 155.38060233744358 118.08658283817455 164.61939766255642 121.91341716182545 159.6173165676349 120.92387953251129
F 425 1 10 22.5 0.25 155.63060233744358 118.33658283817455 164.86939766255642 122.16341716182545 159.8673165676349 121.17387953251129
F 426 1 10 22.5 0.5 155.88060233744358 118.58658283817455 165.11939766255642 122.41341716182545 160.1173165676349 121.42387953251129
F 427 1 10 22.5 0.75 156.13060233744358 118.83658283817455 165.36939766255642 122.66341716182545 160.3673165676349 121.67387953251129
F 428 1 10 45 0 156.46446609406726 116.46446609406726 163.53553390593274 123.53553390593274 159.29289321881345 120.70710678118655
F 429 1 10 45 0.25 156.71446609406726 116.71446609406726 163.78553390593274 123.78553390593274 159.54289321881345 120.95710678118655
F 430 1 10 45 0.5 156.96446609406726 116.96446609406726 164.03553390593274 124.03553390593274 159.79289321881345 121.20710678118655
F 431 1 10 45 0.75 157.21446609406726 117.21446609406726 164.28553390593274 124.28553390593274 160.04289321881345 121.45710678118655
F 432 1 10 67.5 0 158.08658283817456 115.38060233744356 161.91341716182544 124.61939766255644 159.07612046748872 120.38268343236508
F 433 1 10 67.5 0.25 158.33658283817456 115.63060233744356 162.16341716182544 124.86939766255644 159.32612046748872 120.63268343236508
F 434 1 10 67.5 0.5 158.58658283817456 115.88060233744356 162.41341716182544 125.11939766255644 159.57612046748872 120.88268343236508
F 435 1 10 67.5 0.75 158.83658283817456 116.13060233744356 162.66341716182544 125.36939766255644 159.82612046748872 121.13268343236508
F 436 1 10 90 0 160 115 160 125 159 120
F 437 1 10 90 0.25 160.25 115.25 160.25 125.25 159.25 120.25
F 438 1 10 90 0.5 160.5 115.5 160.5 125.5 159.5 120.5
F 439 1 10 90 0.75 160.75 115.75 160.75 125.75 159.75 120.75
F 440 1 40 0 0 140 120 180 120 160 121
F 441 1 40 0 0.25 140.25 120.25 180.25 120.25 160.25 121.25
F 442 1 40 0 0.5 140.5 120.5 180.5 120.5 160.5 121.5
F 443 1 40 0 0.75 140.75 120.75 180.75 120.75 160.75 121.75
F 444 1 40 22.5 0 141.52240934977425 112.3463313526982 178.47759065022575 127.6536686473018 159.6173165676349 120.92387953251129
F 445 1 40 22.5 0.25 141.77240934977425 112.5963313526982 178.72759065022575 127.9036686473018 159.8673165676349 121.17387953251129
F 446 1 40 22.5 0.5 142.02240934977425 112.8463313526982 178.97759065022575 128.1536686473018 160.1173165676349 121.42387953251129
F 447 1 40 22.5 0.75 142.27240934977425 113.0963313526982 179.22759065022575 128.4036686473018 160.3673165676349 121.67387953251129
F 448 1 40 45 0 145.85786437626905 105.85786437626905 174.14213562373095 134.14213562373095 159.29289321881345 120.70710678118655
F 449 1 40 45 0.25 146.10786437626905 106.10786437626905 174.39213562373095 134.39213562373095 159.54289321881345 120.95710678118655
F 450 1 40 45 0.5 146.35786437626905 106.35786437626905 174.64213562373095 134.64213562373095 159.79289321881345 121.20710678118655
F 451 1 40 45 0.75 146.60786437626905 106.60786437626905 174.89213562373095 134.89213562373095 160.04289321881345 121.45710678118655
F 452 1 40 67.5 0 152.3463313526982 101.52240934977426 167.6536686473018 138.47759065022575 159.07612046748872 120.38268343236508
F 453 1 40 67.5 0.25 152.5963313526982 101.77240934977426 167.9036686473018 138.72759065022575 159.32612046748872 120.63268343236508
F 454 1 40 67.5 0.5 152.8463313526982 102.02240934977426 168.1536686473018 138.97759065022575 159.57612046748872 120.88268343236508
F 455 1 40 67.5 0.75 153.0963313526982 102.27240934977426 168.4036686473018 139.22759065022575 159.82612046748872 121.13268343236508
F 456 1 40 90 0 160 100 160 140 159 120
F 457 1 40 90 0.25 160.25 100.25 160.25 140.25 159.25 120.25
F 458 1 40 90 0.5 160.5 100.5 160.5 140.5 159.5 120.5
F 459 1 40 90 0.75 160.75 100.75 160.75 140.75 159.75 120.75
F 460 1 87 0 0 116.5 120 203.5 120 160 121
F 461 1 87 0 0.25 116.75 120.25 203.75 120.25 160.25 121.25
F 462 1 87 0 0.5 117 120.5 204 120.5 160.5 121.5
F 463 1 87 0 0.75 117.25 120.75 204.25 120.75 160.75 121.75
F 464 1 87 22.5 0 119.81124033575902 103.3532706921186 200.18875966424099 136.6467293078814 159.6173165676349 120.92387953251129
F 465 1 87 22.5 0.25 120.06124033575902 103.6032706921186 200.43875966424099 136.8967293078814 159.8673165676349 121.17387953251129
F 466 1 87 22.5 0.5 120.31124033575902 103.8532706921186 200.68875966424099 137.1467293078814 160.1173165676349 121.42387953251129
F 467 1 87 22.5 0.75 120.56124033575902 104.1032706921186 200.93875966424099 137.3967293078814 160.3673165676349 121.67387953251129
F 468 1 87 45 0 129.24085501838519 89.24085501838519 190.75914498161481 150.75914498161481 159.29289321881345 120.70710678118655
F 469 1 87 45 0.25 129.49085501838519 89.49085501838519 191.00914498161481 151.00914498161481 159.54289321881345 120.95710678118655
F 470 1 87 45 0.5 129.74085501838519 89.74085501838519 191.25914498161481 151.25914498161481 159.79289321881345 121.20710678118655
F 471 1 87 45 0.75 129.99085501838519 89.99085501838519 191.50914498161481 151.50914498161481 160.04289321881345 121.45710678118655
F 472 1 87 67.5 0 143.3532706921186 79.811240335759024 176.6467293078814 160.18875966424099 159.07612046748872 120.38268343236508
F 473 1 87 67.5 0.25 143.6032706921186 80.061240335759024 176.8967293078814 160.43875966424099 159.32612046748872 120.63268343236508
F 474 1 87 67.5 0.5 143.8532706921186 80.311240335759024 177.1467293078814 160.68875966424099 159.57612046748872 120.88268343236508
F 475 1 87 67.5 0.75 144.1032706921186 80.561240335759024 177.3967293078814 160.93875966424099 159.82612046748872 121.13268343236508
F 476 1 87 90 0 160 76.5 160 163.5 159 120
F 477 1 87 90 0.25 160.25 76.75 160.25 163.75 159.25 120.25
F 478 1 87 90 0.5 160.5 77 160.5 164 159.5 120.5
F 479 1 87 90 0.75 160.75 77.25 160.75 164.25 159.75 120.75
