# family scratch-sliver/one.txt  1 triangles
T 0 drawn 0 warp 0 traps 0 soft 1
V 0 0 140.5 120.50000762939453125
V 0 1 180.5 120.50000762939453125
V 0 2 160.5 120.5050048828125
P 0 140 120
P 0 141 120
P 0 142 120
P 0 143 120
P 0 144 120
P 0 145 120
P 0 146 120
P 0 147 120
P 0 148 120
P 0 149 120
P 0 150 120
P 0 151 120
P 0 152 120
P 0 153 120
P 0 154 120
P 0 155 120
P 0 156 120
P 0 157 120
P 0 158 120
P 0 159 120
P 0 160 120
P 0 161 120
P 0 162 120
P 0 163 120
P 0 164 120
P 0 165 120
P 0 166 120
P 0 167 120
P 0 168 120
P 0 169 120
P 0 170 120
P 0 171 120
P 0 172 120
P 0 173 120
P 0 174 120
P 0 175 120
P 0 176 120
P 0 177 120
P 0 178 120
P 0 179 120
