N 24
F 0 0.0050000000000000001 10 0 0 155 120 165 120 160 120.005
F 1 0.0050000000000000001 10 0 0.25 155.25 120.25 165.25 120.25 160.25 120.255
F 2 0.0050000000000000001 10 0 0.5 155.5 120.5 165.5 120.5 160.5 120.505
F 3 0.0050000000000000001 10 0 0.75 155.75 120.75 165.75 120.75 160.75 120.755
F 4 0.0050000000000000001 10 22.5 0 155.38060233744358 118.08658283817455 164.61939766255642 121.91341716182545 159.99808658283817 120.00461939766255
F 5 0.0050000000000000001 10 22.5 0.25 155.63060233744358 118.33658283817455 164.86939766255642 122.16341716182545 160.24808658283817 120.25461939766255
F 6 0.0050000000000000001 10 22.5 0.5 155.88060233744358 118.58658283817455 165.11939766255642 122.41341716182545 160.49808658283817 120.50461939766255
F 7 0.0050000000000000001 10 22.5 0.75 156.13060233744358 118.83658283817455 165.36939766255642 122.66341716182545 160.74808658283817 120.75461939766255
F 8 0.0050000000000000001 10 45 0 156.46446609406726 116.46446609406726 163.53553390593274 123.53553390593274 159.99646446609407 120.00353553390593
F 9 0.0050000000000000001 10 45 0.25 156.71446609406726 116.71446609406726 163.78553390593274 123.78553390593274 160.24646446609407 120.25353553390593
F 10 0.0050000000000000001 10 45 0.5 156.96446609406726 116.96446609406726 164.03553390593274 124.03553390593274 160.49646446609407 120.50353553390593
F 11 0.0050000000000000001 10 45 0.75 157.21446609406726 117.21446609406726 164.28553390593274 124.28553390593274 160.74646446609407 120.75353553390593
F 12 0.0050000000000000001 10 67.5 0 158.08658283817456 115.38060233744356 161.91341716182544 124.61939766255644 159.99538060233743 120.00191341716183
F 13 0.0050000000000000001 10 67.5 0.25 158.33658283817456 115.63060233744356 162.16341716182544 124.86939766255644 160.24538060233743 120.25191341716183
F 14 0.0050000000000000001 10 67.5 0.5 158.58658283817456 115.88060233744356 162.41341716182544 125.11939766255644 160.49538060233743 120.50191341716183
F 15 0.0050000000000000001 10 67.5 0.75 158.83658283817456 116.13060233744356 162.66341716182544 125.36939766255644 160.74538060233743 120.75191341716183
F 16 0.0050000000000000001 10 90 0 160 115 160 125 159.995 120
F 17 0.0050000000000000001 10 90 0.25 160.25 115.25 160.25 125.25 160.245 120.25
F 18 0.0050000000000000001 10 90 0.5 160.5 115.5 160.5 125.5 160.495 120.5
F 19 0.0050000000000000001 10 90 0.75 160.75 115.75 160.75 125.75 160.745 120.75
F 20 0.0050000000000000001 40 0 0 140 120 180 120 160 120.005
F 21 0.0050000000000000001 40 0 0.25 140.25 120.25 180.25 120.25 160.25 120.255
F 22 0.0050000000000000001 40 0 0.5 140.5 120.5 180.5 120.5 160.5 120.505
F 23 0.0050000000000000001 40 0 0.75 140.75 120.75 180.75 120.75 160.75 120.755
