N 18
F 0 0.0050000000000000001 40 0 0.5 140.5 120.5 180.5 120.5 160.5 120.505
F 1 0.02 40 0 0.5 140.5 120.5 180.5 120.5 160.5 120.52
F 2 0.050000000000000003 40 0 0.5 140.5 120.5 180.5 120.5 160.5 120.55
F 3 0.20000000000000001 40 0 0.5 140.5 120.5 180.5 120.5 160.5 120.7
F 4 0.5 40 0 0.5 140.5 120.5 180.5 120.5 160.5 121
F 5 1 40 0 0.5 140.5 120.5 180.5 120.5 160.5 121.5
F 6 0.0050000000000000001 40 0 0 140 120 180 120 160 120.005
F 7 0.0050000000000000001 40 0 0.25 140.25 120.25 180.25 120.25 160.25 120.255
F 8 0.0050000000000000001 40 0 0.5 140.5 120.5 180.5 120.5 160.5 120.505
F 9 0.0050000000000000001 40 0 0.75 140.75 120.75 180.75 120.75 160.75 120.755
F 10 0.0050000000000000001 40 0 0.5 140.5 120.5 180.5 120.5 160.5 120.505
F 11 0.0050000000000000001 40 22.5 0.5 142.02240934977425 112.8463313526982 178.97759065022575 128.1536686473018 160.49808658283817 120.50461939766255
F 12 0.0050000000000000001 40 45 0.5 146.35786437626905 106.35786437626905 174.64213562373095 134.64213562373095 160.49646446609407 120.50353553390593
F 13 0.0050000000000000001 40 67.5 0.5 152.8463313526982 102.02240934977426 168.1536686473018 138.97759065022575 160.49538060233743 120.50191341716183
F 14 0.0050000000000000001 40 90 0.5 160.5 100.5 160.5 140.5 160.495 120.5
F 15 0.0050000000000000001 10 0 0.5 155.5 120.5 165.5 120.5 160.5 120.505
F 16 0.0050000000000000001 40 0 0.5 140.5 120.5 180.5 120.5 160.5 120.505
F 17 0.0050000000000000001 87 0 0.5 117 120.5 204 120.5 160.5 120.505
