# shape D mode solo2 ntri 4
# select hard 0 soft 0
# v0 160.0000000 120.0000000
# v1 60.0000000 40.0000000
# v2 176.0000000 24.0000000
# v3 188.0000000 28.0000000
# v4 304.0000000 160.0000000
# v5 64.0000000 216.0000000
# t0 0 1 2
# t1 0 2 3
# t2 0 3 4
# t3 0 4 5
# counters drawn=1 software=0 declined=0 warp=1
# mode hardware
P 176 24 0 255 0
P 176 25 0 255 0
P 177 25 0 255 0
P 178 25 0 255 0
P 179 25 0 255 0
P 176 26 0 255 0
P 177 26 0 255 0
P 178 26 0 255 0
P 179 26 0 255 0
P 180 26 0 255 0
P 181 26 0 255 0
P 182 26 0 255 0
P 175 27 0 255 0
P 176 27 0 255 0
P 177 27 0 255 0
P 178 27 0 255 0
P 179 27 0 255 0
P 180 27 0 255 0
P 181 27 0 255 0
P 182 27 0 255 0
P 183 27 0 255 0
P 184 27 0 255 0
P 185 27 0 255 0
P 175 28 0 255 0
P 176 28 0 255 0
P 177 28 0 255 0
P 178 28 0 255 0
P 179 28 0 255 0
P 180 28 0 255 0
P 181 28 0 255 0
P 182 28 0 255 0
P 183 28 0 255 0
P 184 28 0 255 0
P 185 28 0 255 0
P 186 28 0 255 0
P 187 28 0 255 0
P 175 29 0 255 0
P 176 29 0 255 0
P 177 29 0 255 0
P 178 29 0 255 0
P 179 29 0 255 0
P 180 29 0 255 0
P 181 29 0 255 0
P 182 29 0 255 0
P 183 29 0 255 0
P 184 29 0 255 0
P 185 29 0 255 0
P 186 29 0 255 0
P 187 29 0 255 0
P 175 30 0 255 0
P 176 30 0 255 0
P 177 30 0 255 0
P 178 30 0 255 0
P 179 30 0 255 0
P 180 30 0 255 0
P 181 30 0 255 0
P 182 30 0 255 0
P 183 30 0 255 0
P 184 30 0 255 0
P 185 30 0 255 0
P 186 30 0 255 0
P 175 31 0 255 0
P 176 31 0 255 0
P 177 31 0 255 0
P 178 31 0 255 0
P 179 31 0 255 0
P 180 31 0 255 0
P 181 31 0 255 0
P 182 31 0 255 0
P 183 31 0 255 0
P 184 31 0 255 0
P 185 31 0 255 0
P 186 31 0 255 0
P 175 32 0 255 0
P 176 32 0 255 0
P 177 32 0 255 0
P 178 32 0 255 0
P 179 32 0 255 0
P 180 32 0 255 0
P 181 32 0 255 0
P 182 32 0 255 0
P 183 32 0 255 0
P 184 32 0 255 0
P 185 32 0 255 0
P 186 32 0 255 0
P 174 33 0 255 0
P 175 33 0 255 0
P 176 33 0 255 0
P 177 33 0 255 0
P 178 33 0 255 0
P 179 33 0 255 0
P 180 33 0 255 0
P 181 33 0 255 0
P 182 33 0 255 0
P 183 33 0 255 0
P 184 33 0 255 0
P 185 33 0 255 0
P 174 34 0 255 0
P 175 34 0 255 0
P 176 34 0 255 0
P 177 34 0 255 0
P 178 34 0 255 0
P 179 34 0 255 0
P 180 34 0 255 0
P 181 34 0 255 0
P 182 34 0 255 0
P 183 34 0 255 0
P 184 34 0 255 0
P 185 34 0 255 0
P 174 35 0 255 0
P 175 35 0 255 0
P 176 35 0 255 0
P 177 35 0 255 0
P 178 35 0 255 0
P 179 35 0 255 0
P 180 35 0 255 0
P 181 35 0 255 0
P 182 35 0 255 0
P 183 35 0 255 0
P 184 35 0 255 0
P 185 35 0 255 0
P 174 36 0 255 0
P 175 36 0 255 0
P 176 36 0 255 0
P 177 36 0 255 0
P 178 36 0 255 0
P 179 36 0 255 0
P 180 36 0 255 0
P 181 36 0 255 0
P 182 36 0 255 0
P 183 36 0 255 0
P 184 36 0 255 0
P 174 37 0 255 0
P 175 37 0 255 0
P 176 37 0 255 0
P 177 37 0 255 0
P 178 37 0 255 0
P 179 37 0 255 0
P 180 37 0 255 0
P 181 37 0 255 0
P 182 37 0 255 0
P 183 37 0 255 0
P 184 37 0 255 0
P 174 38 0 255 0
P 175 38 0 255 0
P 176 38 0 255 0
P 177 38 0 255 0
P 178 38 0 255 0
P 179 38 0 255 0
P 180 38 0 255 0
P 181 38 0 255 0
P 182 38 0 255 0
P 183 38 0 255 0
P 184 38 0 255 0
P 173 39 0 255 0
P 174 39 0 255 0
P 175 39 0 255 0
P 176 39 0 255 0
P 177 39 0 255 0
P 178 39 0 255 0
P 179 39 0 255 0
P 180 39 0 255 0
P 181 39 0 255 0
P 182 39 0 255 0
P 183 39 0 255 0
P 173 40 0 255 0
P 174 40 0 255 0
P 175 40 0 255 0
P 176 40 0 255 0
P 177 40 0 255 0
P 178 40 0 255 0
P 179 40 0 255 0
P 180 40 0 255 0
P 181 40 0 255 0
P 182 40 0 255 0
P 183 40 0 255 0
P 173 41 0 255 0
P 174 41 0 255 0
P 175 41 0 255 0
P 176 41 0 255 0
P 177 41 0 255 0
P 178 41 0 255 0
P 179 41 0 255 0
P 180 41 0 255 0
P 181 41 0 255 0
P 182 41 0 255 0
P 183 41 0 255 0
P 173 42 0 255 0
P 174 42 0 255 0
P 175 42 0 255 0
P 176 42 0 255 0
P 177 42 0 255 0
P 178 42 0 255 0
P 179 42 0 255 0
P 180 42 0 255 0
P 181 42 0 255 0
P 182 42 0 255 0
P 183 42 0 255 0
P 173 43 0 255 0
P 174 43 0 255 0
P 175 43 0 255 0
P 176 43 0 255 0
P 177 43 0 255 0
P 178 43 0 255 0
P 179 43 0 255 0
P 180 43 0 255 0
P 181 43 0 255 0
P 182 43 0 255 0
P 173 44 0 255 0
P 174 44 0 255 0
P 175 44 0 255 0
P 176 44 0 255 0
P 177 44 0 255 0
P 178 44 0 255 0
P 179 44 0 255 0
P 180 44 0 255 0
P 181 44 0 255 0
P 182 44 0 255 0
P 172 45 0 255 0
P 173 45 0 255 0
P 174 45 0 255 0
P 175 45 0 255 0
P 176 45 0 255 0
P 177 45 0 255 0
P 178 45 0 255 0
P 179 45 0 255 0
P 180 45 0 255 0
P 181 45 0 255 0
P 182 45 0 255 0
P 172 46 0 255 0
P 173 46 0 255 0
P 174 46 0 255 0
P 175 46 0 255 0
P 176 46 0 255 0
P 177 46 0 255 0
P 178 46 0 255 0
P 179 46 0 255 0
P 180 46 0 255 0
P 181 46 0 255 0
P 172 47 0 255 0
P 173 47 0 255 0
P 174 47 0 255 0
P 175 47 0 255 0
P 176 47 0 255 0
P 177 47 0 255 0
P 178 47 0 255 0
P 179 47 0 255 0
P 180 47 0 255 0
P 181 47 0 255 0
P 172 48 0 255 0
P 173 48 0 255 0
P 174 48 0 255 0
P 175 48 0 255 0
P 176 48 0 255 0
P 177 48 0 255 0
P 178 48 0 255 0
P 179 48 0 255 0
P 180 48 0 255 0
P 181 48 0 255 0
P 172 49 0 255 0
P 173 49 0 255 0
P 174 49 0 255 0
P 175 49 0 255 0
P 176 49 0 255 0
P 177 49 0 255 0
P 178 49 0 255 0
P 179 49 0 255 0
P 180 49 0 255 0
P 172 50 0 255 0
P 173 50 0 255 0
P 174 50 0 255 0
P 175 50 0 255 0
P 176 50 0 255 0
P 177 50 0 255 0
P 178 50 0 255 0
P 179 50 0 255 0
P 180 50 0 255 0
P 171 51 0 255 0
P 172 51 0 255 0
P 173 51 0 255 0
P 174 51 0 255 0
P 175 51 0 255 0
P 176 51 0 255 0
P 177 51 0 255 0
P 178 51 0 255 0
P 179 51 0 255 0
P 180 51 0 255 0
P 171 52 0 255 0
P 172 52 0 255 0
P 173 52 0 255 0
P 174 52 0 255 0
P 175 52 0 255 0
P 176 52 0 255 0
P 177 52 0 255 0
P 178 52 0 255 0
P 179 52 0 255 0
P 180 52 0 255 0
P 171 53 0 255 0
P 172 53 0 255 0
P 173 53 0 255 0
P 174 53 0 255 0
P 175 53 0 255 0
P 176 53 0 255 0
P 177 53 0 255 0
P 178 53 0 255 0
P 179 53 0 255 0
P 171 54 0 255 0
P 172 54 0 255 0
P 173 54 0 255 0
P 174 54 0 255 0
P 175 54 0 255 0
P 176 54 0 255 0
P 177 54 0 255 0
P 178 54 0 255 0
P 179 54 0 255 0
P 171 55 0 255 0
P 172 55 0 255 0
P 173 55 0 255 0
P 174 55 0 255 0
P 175 55 0 255 0
P 176 55 0 255 0
P 177 55 0 255 0
P 178 55 0 255 0
P 179 55 0 255 0
P 171 56 0 255 0
P 172 56 0 255 0
P 173 56 0 255 0
P 174 56 0 255 0
P 175 56 0 255 0
P 176 56 0 255 0
P 177 56 0 255 0
P 178 56 0 255 0
P 170 57 0 255 0
P 171 57 0 255 0
P 172 57 0 255 0
P 173 57 0 255 0
P 174 57 0 255 0
P 175 57 0 255 0
P 176 57 0 255 0
P 177 57 0 255 0
P 178 57 0 255 0
P 170 58 0 255 0
P 171 58 0 255 0
P 172 58 0 255 0
P 173 58 0 255 0
P 174 58 0 255 0
P 175 58 0 255 0
P 176 58 0 255 0
P 177 58 0 255 0
P 178 58 0 255 0
P 170 59 0 255 0
P 171 59 0 255 0
P 172 59 0 255 0
P 173 59 0 255 0
P 174 59 0 255 0
P 175 59 0 255 0
P 176 59 0 255 0
P 177 59 0 255 0
P 170 60 0 255 0
P 171 60 0 255 0
P 172 60 0 255 0
P 173 60 0 255 0
P 174 60 0 255 0
P 175 60 0 255 0
P 176 60 0 255 0
P 177 60 0 255 0
P 170 61 0 255 0
P 171 61 0 255 0
P 172 61 0 255 0
P 173 61 0 255 0
P 174 61 0 255 0
P 175 61 0 255 0
P 176 61 0 255 0
P 177 61 0 255 0
P 170 62 0 255 0
P 171 62 0 255 0
P 172 62 0 255 0
P 173 62 0 255 0
P 174 62 0 255 0
P 175 62 0 255 0
P 176 62 0 255 0
P 169 63 0 255 0
P 170 63 0 255 0
P 171 63 0 255 0
P 172 63 0 255 0
P 173 63 0 255 0
P 174 63 0 255 0
P 175 63 0 255 0
P 176 63 0 255 0
P 169 64 0 255 0
P 170 64 0 255 0
P 171 64 0 255 0
P 172 64 0 255 0
P 173 64 0 255 0
P 174 64 0 255 0
P 175 64 0 255 0
P 176 64 0 255 0
P 169 65 0 255 0
P 170 65 0 255 0
P 171 65 0 255 0
P 172 65 0 255 0
P 173 65 0 255 0
P 174 65 0 255 0
P 175 65 0 255 0
P 176 65 0 255 0
P 169 66 0 255 0
P 170 66 0 255 0
P 171 66 0 255 0
P 172 66 0 255 0
P 173 66 0 255 0
P 174 66 0 255 0
P 175 66 0 255 0
P 169 67 0 255 0
P 170 67 0 255 0
P 171 67 0 255 0
P 172 67 0 255 0
P 173 67 0 255 0
P 174 67 0 255 0
P 175 67 0 255 0
P 169 68 0 255 0
P 170 68 0 255 0
P 171 68 0 255 0
P 172 68 0 255 0
P 173 68 0 255 0
P 174 68 0 255 0
P 175 68 0 255 0
P 168 69 0 255 0
P 169 69 0 255 0
P 170 69 0 255 0
P 171 69 0 255 0
P 172 69 0 255 0
P 173 69 0 255 0
P 174 69 0 255 0
P 168 70 0 255 0
P 169 70 0 255 0
P 170 70 0 255 0
P 171 70 0 255 0
P 172 70 0 255 0
P 173 70 0 255 0
P 174 70 0 255 0
P 168 71 0 255 0
P 169 71 0 255 0
P 170 71 0 255 0
P 171 71 0 255 0
P 172 71 0 255 0
P 173 71 0 255 0
P 174 71 0 255 0
P 168 72 0 255 0
P 169 72 0 255 0
P 170 72 0 255 0
P 171 72 0 255 0
P 172 72 0 255 0
P 173 72 0 255 0
P 168 73 0 255 0
P 169 73 0 255 0
P 170 73 0 255 0
P 171 73 0 255 0
P 172 73 0 255 0
P 173 73 0 255 0
P 168 74 0 255 0
P 169 74 0 255 0
P 170 74 0 255 0
P 171 74 0 255 0
P 172 74 0 255 0
P 173 74 0 255 0
P 167 75 0 255 0
P 168 75 0 255 0
P 169 75 0 255 0
P 170 75 0 255 0
P 171 75 0 255 0
P 172 75 0 255 0
P 173 75 0 255 0
P 167 76 0 255 0
P 168 76 0 255 0
P 169 76 0 255 0
P 170 76 0 255 0
P 171 76 0 255 0
P 172 76 0 255 0
P 167 77 0 255 0
P 168 77 0 255 0
P 169 77 0 255 0
P 170 77 0 255 0
P 171 77 0 255 0
P 172 77 0 255 0
P 167 78 0 255 0
P 168 78 0 255 0
P 169 78 0 255 0
P 170 78 0 255 0
P 171 78 0 255 0
P 172 78 0 255 0
P 167 79 0 255 0
P 168 79 0 255 0
P 169 79 0 255 0
P 170 79 0 255 0
P 171 79 0 255 0
P 167 80 0 255 0
P 168 80 0 255 0
P 169 80 0 255 0
P 170 80 0 255 0
P 171 80 0 255 0
P 166 81 0 255 0
P 167 81 0 255 0
P 168 81 0 255 0
P 169 81 0 255 0
P 170 81 0 255 0
P 171 81 0 255 0
P 166 82 0 255 0
P 167 82 0 255 0
P 168 82 0 255 0
P 169 82 0 255 0
P 170 82 0 255 0
P 166 83 0 255 0
P 167 83 0 255 0
P 168 83 0 255 0
P 169 83 0 255 0
P 170 83 0 255 0
P 166 84 0 255 0
P 167 84 0 255 0
P 168 84 0 255 0
P 169 84 0 255 0
P 170 84 0 255 0
P 166 85 0 255 0
P 167 85 0 255 0
P 168 85 0 255 0
P 169 85 0 255 0
P 166 86 0 255 0
P 167 86 0 255 0
P 168 86 0 255 0
P 169 86 0 255 0
P 165 87 0 255 0
P 166 87 0 255 0
P 167 87 0 255 0
P 168 87 0 255 0
P 169 87 0 255 0
P 165 88 0 255 0
P 166 88 0 255 0
P 167 88 0 255 0
P 168 88 0 255 0
P 169 88 0 255 0
P 165 89 0 255 0
P 166 89 0 255 0
P 167 89 0 255 0
P 168 89 0 255 0
P 165 90 0 255 0
P 166 90 0 255 0
P 167 90 0 255 0
P 168 90 0 255 0
P 165 91 0 255 0
P 166 91 0 255 0
P 167 91 0 255 0
P 168 91 0 255 0
P 165 92 0 255 0
P 166 92 0 255 0
P 167 92 0 255 0
P 164 93 0 255 0
P 165 93 0 255 0
P 166 93 0 255 0
P 167 93 0 255 0
P 164 94 0 255 0
P 165 94 0 255 0
P 166 94 0 255 0
P 167 94 0 255 0
P 164 95 0 255 0
P 165 95 0 255 0
P 166 95 0 255 0
P 164 96 0 255 0
P 165 96 0 255 0
P 166 96 0 255 0
P 164 97 0 255 0
P 165 97 0 255 0
P 166 97 0 255 0
P 164 98 0 255 0
P 165 98 0 255 0
P 166 98 0 255 0
P 163 99 0 255 0
P 164 99 0 255 0
P 165 99 0 255 0
P 163 100 0 255 0
P 164 100 0 255 0
P 165 100 0 255 0
P 163 101 0 255 0
P 164 101 0 255 0
P 165 101 0 255 0
P 163 102 0 255 0
P 164 102 0 255 0
P 163 103 0 255 0
P 164 103 0 255 0
P 163 104 0 255 0
P 164 104 0 255 0
P 162 105 0 255 0
P 163 105 0 255 0
P 162 106 0 255 0
P 163 106 0 255 0
P 162 107 0 255 0
P 163 107 0 255 0
P 162 108 0 255 0
P 162 109 0 255 0
P 162 110 0 255 0
P 161 111 0 255 0
P 162 111 0 255 0
P 161 112 0 255 0
P 161 113 0 255 0
P 161 114 0 255 0
P 160 117 0 255 0
