# shape E mode solo4 ntri 4
# select hard 0 soft 0
# v0 40.0000000 60.0000000
# v1 120.0000000 52.0000000
# v2 200.0000000 64.0000000
# v3 280.0000000 56.0000000
# v4 48.0000000 180.0000000
# v5 128.0000000 188.0000000
# v6 208.0000000 176.0000000
# v7 288.0000000 184.0000000
# t0 0 4 1
# t1 4 5 1
# t2 1 5 2
# t3 5 6 2
# counters drawn=1 software=0 declined=0 warp=1
# mode hardware
P 199 65 0 255 0
P 199 66 0 255 0
P 198 67 0 255 0
P 199 67 0 255 0
P 197 68 0 255 0
P 198 68 0 255 0
P 199 68 0 255 0
P 197 69 0 255 0
P 198 69 0 255 0
P 199 69 0 255 0
P 196 70 0 255 0
P 197 70 0 255 0
P 198 70 0 255 0
P 199 70 0 255 0
P 196 71 0 255 0
P 197 71 0 255 0
P 198 71 0 255 0
P 199 71 0 255 0
P 200 71 0 255 0
P 195 72 0 255 0
P 196 72 0 255 0
P 197 72 0 255 0
P 198 72 0 255 0
P 199 72 0 255 0
P 200 72 0 255 0
P 194 73 0 255 0
P 195 73 0 255 0
P 196 73 0 255 0
P 197 73 0 255 0
P 198 73 0 255 0
P 199 73 0 255 0
P 200 73 0 255 0
P 194 74 0 255 0
P 195 74 0 255 0
P 196 74 0 255 0
P 197 74 0 255 0
P 198 74 0 255 0
P 199 74 0 255 0
P 200 74 0 255 0
P 193 75 0 255 0
P 194 75 0 255 0
P 195 75 0 255 0
P 196 75 0 255 0
P 197 75 0 255 0
P 198 75 0 255 0
P 199 75 0 255 0
P 200 75 0 255 0
P 193 76 0 255 0
P 194 76 0 255 0
P 195 76 0 255 0
P 196 76 0 255 0
P 197 76 0 255 0
P 198 76 0 255 0
P 199 76 0 255 0
P 200 76 0 255 0
P 192 77 0 255 0
P 193 77 0 255 0
P 194 77 0 255 0
P 195 77 0 255 0
P 196 77 0 255 0
P 197 77 0 255 0
P 198 77 0 255 0
P 199 77 0 255 0
P 200 77 0 255 0
P 192 78 0 255 0
P 193 78 0 255 0
P 194 78 0 255 0
P 195 78 0 255 0
P 196 78 0 255 0
P 197 78 0 255 0
P 198 78 0 255 0
P 199 78 0 255 0
P 200 78 0 255 0
P 191 79 0 255 0
P 192 79 0 255 0
P 193 79 0 255 0
P 194 79 0 255 0
P 195 79 0 255 0
P 196 79 0 255 0
P 197 79 0 255 0
P 198 79 0 255 0
P 199 79 0 255 0
P 200 79 0 255 0
P 190 80 0 255 0
P 191 80 0 255 0
P 192 80 0 255 0
P 193 80 0 255 0
P 194 80 0 255 0
P 195 80 0 255 0
P 196 80 0 255 0
P 197 80 0 255 0
P 198 80 0 255 0
P 199 80 0 255 0
P 200 80 0 255 0
P 190 81 0 255 0
P 191 81 0 255 0
P 192 81 0 255 0
P 193 81 0 255 0
P 194 81 0 255 0
P 195 81 0 255 0
P 196 81 0 255 0
P 197 81 0 255 0
P 198 81 0 255 0
P 199 81 0 255 0
P 200 81 0 255 0
P 189 82 0 255 0
P 190 82 0 255 0
P 191 82 0 255 0
P 192 82 0 255 0
P 193 82 0 255 0
P 194 82 0 255 0
P 195 82 0 255 0
P 196 82 0 255 0
P 197 82 0 255 0
P 198 82 0 255 0
P 199 82 0 255 0
P 200 82 0 255 0
P 189 83 0 255 0
P 190 83 0 255 0
P 191 83 0 255 0
P 192 83 0 255 0
P 193 83 0 255 0
P 194 83 0 255 0
P 195 83 0 255 0
P 196 83 0 255 0
P 197 83 0 255 0
P 198 83 0 255 0
P 199 83 0 255 0
P 200 83 0 255 0
P 188 84 0 255 0
P 189 84 0 255 0
P 190 84 0 255 0
P 191 84 0 255 0
P 192 84 0 255 0
P 193 84 0 255 0
P 194 84 0 255 0
P 195 84 0 255 0
P 196 84 0 255 0
P 197 84 0 255 0
P 198 84 0 255 0
P 199 84 0 255 0
P 200 84 0 255 0
P 188 85 0 255 0
P 189 85 0 255 0
P 190 85 0 255 0
P 191 85 0 255 0
P 192 85 0 255 0
P 193 85 0 255 0
P 194 85 0 255 0
P 195 85 0 255 0
P 196 85 0 255 0
P 197 85 0 255 0
P 198 85 0 255 0
P 199 85 0 255 0
P 200 85 0 255 0
P 201 85 0 255 0
P 187 86 0 255 0
P 188 86 0 255 0
P 189 86 0 255 0
P 190 86 0 255 0
P 191 86 0 255 0
P 192 86 0 255 0
P 193 86 0 255 0
P 194 86 0 255 0
P 195 86 0 255 0
P 196 86 0 255 0
P 197 86 0 255 0
P 198 86 0 255 0
P 199 86 0 255 0
P 200 86 0 255 0
P 201 86 0 255 0
P 186 87 0 255 0
P 187 87 0 255 0
P 188 87 0 255 0
P 189 87 0 255 0
P 190 87 0 255 0
P 191 87 0 255 0
P 192 87 0 255 0
P 193 87 0 255 0
P 194 87 0 255 0
P 195 87 0 255 0
P 196 87 0 255 0
P 197 87 0 255 0
P 198 87 0 255 0
P 199 87 0 255 0
P 200 87 0 255 0
P 201 87 0 255 0
P 186 88 0 255 0
P 187 88 0 255 0
P 188 88 0 255 0
P 189 88 0 255 0
P 190 88 0 255 0
P 191 88 0 255 0
P 192 88 0 255 0
P 193 88 0 255 0
P 194 88 0 255 0
P 195 88 0 255 0
P 196 88 0 255 0
P 197 88 0 255 0
P 198 88 0 255 0
P 199 88 0 255 0
P 200 88 0 255 0
P 201 88 0 255 0
P 185 89 0 255 0
P 186 89 0 255 0
P 187 89 0 255 0
P 188 89 0 255 0
P 189 89 0 255 0
P 190 89 0 255 0
P 191 89 0 255 0
P 192 89 0 255 0
P 193 89 0 255 0
P 194 89 0 255 0
P 195 89 0 255 0
P 196 89 0 255 0
P 197 89 0 255 0
P 198 89 0 255 0
P 199 89 0 255 0
P 200 89 0 255 0
P 201 89 0 255 0
P 185 90 0 255 0
P 186 90 0 255 0
P 187 90 0 255 0
P 188 90 0 255 0
P 189 90 0 255 0
P 190 90 0 255 0
P 191 90 0 255 0
P 192 90 0 255 0
P 193 90 0 255 0
P 194 90 0 255 0
P 195 90 0 255 0
P 196 90 0 255 0
P 197 90 0 255 0
P 198 90 0 255 0
P 199 90 0 255 0
P 200 90 0 255 0
P 201 90 0 255 0
P 184 91 0 255 0
P 185 91 0 255 0
P 186 91 0 255 0
P 187 91 0 255 0
P 188 91 0 255 0
P 189 91 0 255 0
P 190 91 0 255 0
P 191 91 0 255 0
P 192 91 0 255 0
P 193 91 0 255 0
P 194 91 0 255 0
P 195 91 0 255 0
P 196 91 0 255 0
P 197 91 0 255 0
P 198 91 0 255 0
P 199 91 0 255 0
P 200 91 0 255 0
P 201 91 0 255 0
P 183 92 0 255 0
P 184 92 0 255 0
P 185 92 0 255 0
P 186 92 0 255 0
P 187 92 0 255 0
P 188 92 0 255 0
P 189 92 0 255 0
P 190 92 0 255 0
P 191 92 0 255 0
P 192 92 0 255 0
P 193 92 0 255 0
P 194 92 0 255 0
P 195 92 0 255 0
P 196 92 0 255 0
P 197 92 0 255 0
P 198 92 0 255 0
P 199 92 0 255 0
P 200 92 0 255 0
P 201 92 0 255 0
P 183 93 0 255 0
P 184 93 0 255 0
P 185 93 0 255 0
P 186 93 0 255 0
P 187 93 0 255 0
P 188 93 0 255 0
P 189 93 0 255 0
P 190 93 0 255 0
P 191 93 0 255 0
P 192 93 0 255 0
P 193 93 0 255 0
P 194 93 0 255 0
P 195 93 0 255 0
P 196 93 0 255 0
P 197 93 0 255 0
P 198 93 0 255 0
P 199 93 0 255 0
P 200 93 0 255 0
P 201 93 0 255 0
P 182 94 0 255 0
P 183 94 0 255 0
P 184 94 0 255 0
P 185 94 0 255 0
P 186 94 0 255 0
P 187 94 0 255 0
P 188 94 0 255 0
P 189 94 0 255 0
P 190 94 0 255 0
P 191 94 0 255 0
P 192 94 0 255 0
P 193 94 0 255 0
P 194 94 0 255 0
P 195 94 0 255 0
P 196 94 0 255 0
P 197 94 0 255 0
P 198 94 0 255 0
P 199 94 0 255 0
P 200 94 0 255 0
P 201 94 0 255 0
P 182 95 0 255 0
P 183 95 0 255 0
P 184 95 0 255 0
P 185 95 0 255 0
P 186 95 0 255 0
P 187 95 0 255 0
P 188 95 0 255 0
P 189 95 0 255 0
P 190 95 0 255 0
P 191 95 0 255 0
P 192 95 0 255 0
P 193 95 0 255 0
P 194 95 0 255 0
P 195 95 0 255 0
P 196 95 0 255 0
P 197 95 0 255 0
P 198 95 0 255 0
P 199 95 0 255 0
P 200 95 0 255 0
P 201 95 0 255 0
P 181 96 0 255 0
P 182 96 0 255 0
P 183 96 0 255 0
P 184 96 0 255 0
P 185 96 0 255 0
P 186 96 0 255 0
P 187 96 0 255 0
P 188 96 0 255 0
P 189 96 0 255 0
P 190 96 0 255 0
P 191 96 0 255 0
P 192 96 0 255 0
P 193 96 0 255 0
P 194 96 0 255 0
P 195 96 0 255 0
P 196 96 0 255 0
P 197 96 0 255 0
P 198 96 0 255 0
P 199 96 0 255 0
P 200 96 0 255 0
P 201 96 0 255 0
P 181 97 0 255 0
P 182 97 0 255 0
P 183 97 0 255 0
P 184 97 0 255 0
P 185 97 0 255 0
P 186 97 0 255 0
P 187 97 0 255 0
P 188 97 0 255 0
P 189 97 0 255 0
P 190 97 0 255 0
P 191 97 0 255 0
P 192 97 0 255 0
P 193 97 0 255 0
P 194 97 0 255 0
P 195 97 0 255 0
P 196 97 0 255 0
P 197 97 0 255 0
P 198 97 0 255 0
P 199 97 0 255 0
P 200 97 0 255 0
P 201 97 0 255 0
P 180 98 0 255 0
P 181 98 0 255 0
P 182 98 0 255 0
P 183 98 0 255 0
P 184 98 0 255 0
P 185 98 0 255 0
P 186 98 0 255 0
P 187 98 0 255 0
P 188 98 0 255 0
P 189 98 0 255 0
P 190 98 0 255 0
P 191 98 0 255 0
P 192 98 0 255 0
P 193 98 0 255 0
P 194 98 0 255 0
P 195 98 0 255 0
P 196 98 0 255 0
P 197 98 0 255 0
P 198 98 0 255 0
P 199 98 0 255 0
P 200 98 0 255 0
P 201 98 0 255 0
P 179 99 0 255 0
P 180 99 0 255 0
P 181 99 0 255 0
P 182 99 0 255 0
P 183 99 0 255 0
P 184 99 0 255 0
P 185 99 0 255 0
P 186 99 0 255 0
P 187 99 0 255 0
P 188 99 0 255 0
P 189 99 0 255 0
P 190 99 0 255 0
P 191 99 0 255 0
P 192 99 0 255 0
P 193 99 0 255 0
P 194 99 0 255 0
P 195 99 0 255 0
P 196 99 0 255 0
P 197 99 0 255 0
P 198 99 0 255 0
P 199 99 0 255 0
P 200 99 0 255 0
P 201 99 0 255 0
P 202 99 0 255 0
P 179 100 0 255 0
P 180 100 0 255 0
P 181 100 0 255 0
P 182 100 0 255 0
P 183 100 0 255 0
P 184 100 0 255 0
P 185 100 0 255 0
P 186 100 0 255 0
P 187 100 0 255 0
P 188 100 0 255 0
P 189 100 0 255 0
P 190 100 0 255 0
P 191 100 0 255 0
P 192 100 0 255 0
P 193 100 0 255 0
P 194 100 0 255 0
P 195 100 0 255 0
P 196 100 0 255 0
P 197 100 0 255 0
P 198 100 0 255 0
P 199 100 0 255 0
P 200 100 0 255 0
P 201 100 0 255 0
P 202 100 0 255 0
P 178 101 0 255 0
P 179 101 0 255 0
P 180 101 0 255 0
P 181 101 0 255 0
P 182 101 0 255 0
P 183 101 0 255 0
P 184 101 0 255 0
P 185 101 0 255 0
P 186 101 0 255 0
P 187 101 0 255 0
P 188 101 0 255 0
P 189 101 0 255 0
P 190 101 0 255 0
P 191 101 0 255 0
P 192 101 0 255 0
P 193 101 0 255 0
P 194 101 0 255 0
P 195 101 0 255 0
P 196 101 0 255 0
P 197 101 0 255 0
P 198 101 0 255 0
P 199 101 0 255 0
P 200 101 0 255 0
P 201 101 0 255 0
P 202 101 0 255 0
P 178 102 0 255 0
P 179 102 0 255 0
P 180 102 0 255 0
P 181 102 0 255 0
P 182 102 0 255 0
P 183 102 0 255 0
P 184 102 0 255 0
P 185 102 0 255 0
P 186 102 0 255 0
P 187 102 0 255 0
P 188 102 0 255 0
P 189 102 0 255 0
P 190 102 0 255 0
P 191 102 0 255 0
P 192 102 0 255 0
P 193 102 0 255 0
P 194 102 0 255 0
P 195 102 0 255 0
P 196 102 0 255 0
P 197 102 0 255 0
P 198 102 0 255 0
P 199 102 0 255 0
P 200 102 0 255 0
P 201 102 0 255 0
P 202 102 0 255 0
P 177 103 0 255 0
P 178 103 0 255 0
P 179 103 0 255 0
P 180 103 0 255 0
P 181 103 0 255 0
P 182 103 0 255 0
P 183 103 0 255 0
P 184 103 0 255 0
P 185 103 0 255 0
P 186 103 0 255 0
P 187 103 0 255 0
P 188 103 0 255 0
P 189 103 0 255 0
P 190 103 0 255 0
P 191 103 0 255 0
P 192 103 0 255 0
P 193 103 0 255 0
P 194 103 0 255 0
P 195 103 0 255 0
P 196 103 0 255 0
P 197 103 0 255 0
P 198 103 0 255 0
P 199 103 0 255 0
P 200 103 0 255 0
P 201 103 0 255 0
P 202 103 0 255 0
P 176 104 0 255 0
P 177 104 0 255 0
P 178 104 0 255 0
P 179 104 0 255 0
P 180 104 0 255 0
P 181 104 0 255 0
P 182 104 0 255 0
P 183 104 0 255 0
P 184 104 0 255 0
P 185 104 0 255 0
P 186 104 0 255 0
P 187 104 0 255 0
P 188 104 0 255 0
P 189 104 0 255 0
P 190 104 0 255 0
P 191 104 0 255 0
P 192 104 0 255 0
P 193 104 0 255 0
P 194 104 0 255 0
P 195 104 0 255 0
P 196 104 0 255 0
P 197 104 0 255 0
P 198 104 0 255 0
P 199 104 0 255 0
P 200 104 0 255 0
P 201 104 0 255 0
P 202 104 0 255 0
P 176 105 0 255 0
P 177 105 0 255 0
P 178 105 0 255 0
P 179 105 0 255 0
P 180 105 0 255 0
P 181 105 0 255 0
P 182 105 0 255 0
P 183 105 0 255 0
P 184 105 0 255 0
P 185 105 0 255 0
P 186 105 0 255 0
P 187 105 0 255 0
P 188 105 0 255 0
P 189 105 0 255 0
P 190 105 0 255 0
P 191 105 0 255 0
P 192 105 0 255 0
P 193 105 0 255 0
P 194 105 0 255 0
P 195 105 0 255 0
P 196 105 0 255 0
P 197 105 0 255 0
P 198 105 0 255 0
P 199 105 0 255 0
P 200 105 0 255 0
P 201 105 0 255 0
P 202 105 0 255 0
P 175 106 0 255 0
P 176 106 0 255 0
P 177 106 0 255 0
P 178 106 0 255 0
P 179 106 0 255 0
P 180 106 0 255 0
P 181 106 0 255 0
P 182 106 0 255 0
P 183 106 0 255 0
P 184 106 0 255 0
P 185 106 0 255 0
P 186 106 0 255 0
P 187 106 0 255 0
P 188 106 0 255 0
P 189 106 0 255 0
P 190 106 0 255 0
P 191 106 0 255 0
P 192 106 0 255 0
P 193 106 0 255 0
P 194 106 0 255 0
P 195 106 0 255 0
P 196 106 0 255 0
P 197 106 0 255 0
P 198 106 0 255 0
P 199 106 0 255 0
P 200 106 0 255 0
P 201 106 0 255 0
P 202 106 0 255 0
P 175 107 0 255 0
P 176 107 0 255 0
P 177 107 0 255 0
P 178 107 0 255 0
P 179 107 0 255 0
P 180 107 0 255 0
P 181 107 0 255 0
P 182 107 0 255 0
P 183 107 0 255 0
P 184 107 0 255 0
P 185 107 0 255 0
P 186 107 0 255 0
P 187 107 0 255 0
P 188 107 0 255 0
P 189 107 0 255 0
P 190 107 0 255 0
P 191 107 0 255 0
P 192 107 0 255 0
P 193 107 0 255 0
P 194 107 0 255 0
P 195 107 0 255 0
P 196 107 0 255 0
P 197 107 0 255 0
P 198 107 0 255 0
P 199 107 0 255 0
P 200 107 0 255 0
P 201 107 0 255 0
P 202 107 0 255 0
P 174 108 0 255 0
P 175 108 0 255 0
P 176 108 0 255 0
P 177 108 0 255 0
P 178 108 0 255 0
P 179 108 0 255 0
P 180 108 0 255 0
P 181 108 0 255 0
P 182 108 0 255 0
P 183 108 0 255 0
P 184 108 0 255 0
P 185 108 0 255 0
P 186 108 0 255 0
P 187 108 0 255 0
P 188 108 0 255 0
P 189 108 0 255 0
P 190 108 0 255 0
P 191 108 0 255 0
P 192 108 0 255 0
P 193 108 0 255 0
P 194 108 0 255 0
P 195 108 0 255 0
P 196 108 0 255 0
P 197 108 0 255 0
P 198 108 0 255 0
P 199 108 0 255 0
P 200 108 0 255 0
P 201 108 0 255 0
P 202 108 0 255 0
P 174 109 0 255 0
P 175 109 0 255 0
P 176 109 0 255 0
P 177 109 0 255 0
P 178 109 0 255 0
P 179 109 0 255 0
P 180 109 0 255 0
P 181 109 0 255 0
P 182 109 0 255 0
P 183 109 0 255 0
P 184 109 0 255 0
P 185 109 0 255 0
P 186 109 0 255 0
P 187 109 0 255 0
P 188 109 0 255 0
P 189 109 0 255 0
P 190 109 0 255 0
P 191 109 0 255 0
P 192 109 0 255 0
P 193 109 0 255 0
P 194 109 0 255 0
P 195 109 0 255 0
P 196 109 0 255 0
P 197 109 0 255 0
P 198 109 0 255 0
P 199 109 0 255 0
P 200 109 0 255 0
P 201 109 0 255 0
P 202 109 0 255 0
P 173 110 0 255 0
P 174 110 0 255 0
P 175 110 0 255 0
P 176 110 0 255 0
P 177 110 0 255 0
P 178 110 0 255 0
P 179 110 0 255 0
P 180 110 0 255 0
P 181 110 0 255 0
P 182 110 0 255 0
P 183 110 0 255 0
P 184 110 0 255 0
P 185 110 0 255 0
P 186 110 0 255 0
P 187 110 0 255 0
P 188 110 0 255 0
P 189 110 0 255 0
P 190 110 0 255 0
P 191 110 0 255 0
P 192 110 0 255 0
P 193 110 0 255 0
P 194 110 0 255 0
P 195 110 0 255 0
P 196 110 0 255 0
P 197 110 0 255 0
P 198 110 0 255 0
P 199 110 0 255 0
P 200 110 0 255 0
P 201 110 0 255 0
P 202 110 0 255 0
P 172 111 0 255 0
P 173 111 0 255 0
P 174 111 0 255 0
P 175 111 0 255 0
P 176 111 0 255 0
P 177 111 0 255 0
P 178 111 0 255 0
P 179 111 0 255 0
P 180 111 0 255 0
P 181 111 0 255 0
P 182 111 0 255 0
P 183 111 0 255 0
P 184 111 0 255 0
P 185 111 0 255 0
P 186 111 0 255 0
P 187 111 0 255 0
P 188 111 0 255 0
P 189 111 0 255 0
P 190 111 0 255 0
P 191 111 0 255 0
P 192 111 0 255 0
P 193 111 0 255 0
P 194 111 0 255 0
P 195 111 0 255 0
P 196 111 0 255 0
P 197 111 0 255 0
P 198 111 0 255 0
P 199 111 0 255 0
P 200 111 0 255 0
P 201 111 0 255 0
P 202 111 0 255 0
P 172 112 0 255 0
P 173 112 0 255 0
P 174 112 0 255 0
P 175 112 0 255 0
P 176 112 0 255 0
P 177 112 0 255 0
P 178 112 0 255 0
P 179 112 0 255 0
P 180 112 0 255 0
P 181 112 0 255 0
P 182 112 0 255 0
P 183 112 0 255 0
P 184 112 0 255 0
P 185 112 0 255 0
P 186 112 0 255 0
P 187 112 0 255 0
P 188 112 0 255 0
P 189 112 0 255 0
P 190 112 0 255 0
P 191 112 0 255 0
P 192 112 0 255 0
P 193 112 0 255 0
P 194 112 0 255 0
P 195 112 0 255 0
P 196 112 0 255 0
P 197 112 0 255 0
P 198 112 0 255 0
P 199 112 0 255 0
P 200 112 0 255 0
P 201 112 0 255 0
P 202 112 0 255 0
P 171 113 0 255 0
P 172 113 0 255 0
P 173 113 0 255 0
P 174 113 0 255 0
P 175 113 0 255 0
P 176 113 0 255 0
P 177 113 0 255 0
P 178 113 0 255 0
P 179 113 0 255 0
P 180 113 0 255 0
P 181 113 0 255 0
P 182 113 0 255 0
P 183 113 0 255 0
P 184 113 0 255 0
P 185 113 0 255 0
P 186 113 0 255 0
P 187 113 0 255 0
P 188 113 0 255 0
P 189 113 0 255 0
P 190 113 0 255 0
P 191 113 0 255 0
P 192 113 0 255 0
P 193 113 0 255 0
P 194 113 0 255 0
P 195 113 0 255 0
P 196 113 0 255 0
P 197 113 0 255 0
P 198 113 0 255 0
P 199 113 0 255 0
P 200 113 0 255 0
P 201 113 0 255 0
P 202 113 0 255 0
P 203 113 0 255 0
P 171 114 0 255 0
P 172 114 0 255 0
P 173 114 0 255 0
P 174 114 0 255 0
P 175 114 0 255 0
P 176 114 0 255 0
P 177 114 0 255 0
P 178 114 0 255 0
P 179 114 0 255 0
P 180 114 0 255 0
P 181 114 0 255 0
P 182 114 0 255 0
P 183 114 0 255 0
P 184 114 0 255 0
P 185 114 0 255 0
P 186 114 0 255 0
P 187 114 0 255 0
P 188 114 0 255 0
P 189 114 0 255 0
P 190 114 0 255 0
P 191 114 0 255 0
P 192 114 0 255 0
P 193 114 0 255 0
P 194 114 0 255 0
P 195 114 0 255 0
P 196 114 0 255 0
P 197 114 0 255 0
P 198 114 0 255 0
P 199 114 0 255 0
P 200 114 0 255 0
P 201 114 0 255 0
P 202 114 0 255 0
P 203 114 0 255 0
P 170 115 0 255 0
P 171 115 0 255 0
P 172 115 0 255 0
P 173 115 0 255 0
P 174 115 0 255 0
P 175 115 0 255 0
P 176 115 0 255 0
P 177 115 0 255 0
P 178 115 0 255 0
P 179 115 0 255 0
P 180 115 0 255 0
P 181 115 0 255 0
P 182 115 0 255 0
P 183 115 0 255 0
P 184 115 0 255 0
P 185 115 0 255 0
P 186 115 0 255 0
P 187 115 0 255 0
P 188 115 0 255 0
P 189 115 0 255 0
P 190 115 0 255 0
P 191 115 0 255 0
P 192 115 0 255 0
P 193 115 0 255 0
P 194 115 0 255 0
P 195 115 0 255 0
P 196 115 0 255 0
P 197 115 0 255 0
P 198 115 0 255 0
P 199 115 0 255 0
P 200 115 0 255 0
P 201 115 0 255 0
P 202 115 0 255 0
P 203 115 0 255 0
P 170 116 0 255 0
P 171 116 0 255 0
P 172 116 0 255 0
P 173 116 0 255 0
P 174 116 0 255 0
P 175 116 0 255 0
P 176 116 0 255 0
P 177 116 0 255 0
P 178 116 0 255 0
P 179 116 0 255 0
P 180 116 0 255 0
P 181 116 0 255 0
P 182 116 0 255 0
P 183 116 0 255 0
P 184 116 0 255 0
P 185 116 0 255 0
P 186 116 0 255 0
P 187 116 0 255 0
P 188 116 0 255 0
P 189 116 0 255 0
P 190 116 0 255 0
P 191 116 0 255 0
P 192 116 0 255 0
P 193 116 0 255 0
P 194 116 0 255 0
P 195 116 0 255 0
P 196 116 0 255 0
P 197 116 0 255 0
P 198 116 0 255 0
P 199 116 0 255 0
P 200 116 0 255 0
P 201 116 0 255 0
P 202 116 0 255 0
P 203 116 0 255 0
P 169 117 0 255 0
P 170 117 0 255 0
P 171 117 0 255 0
P 172 117 0 255 0
P 173 117 0 255 0
P 174 117 0 255 0
P 175 117 0 255 0
P 176 117 0 255 0
P 177 117 0 255 0
P 178 117 0 255 0
P 179 117 0 255 0
P 180 117 0 255 0
P 181 117 0 255 0
P 182 117 0 255 0
P 183 117 0 255 0
P 184 117 0 255 0
P 185 117 0 255 0
P 186 117 0 255 0
P 187 117 0 255 0
P 188 117 0 255 0
P 189 117 0 255 0
P 190 117 0 255 0
P 191 117 0 255 0
P 192 117 0 255 0
P 193 117 0 255 0
P 194 117 0 255 0
P 195 117 0 255 0
P 196 117 0 255 0
P 197 117 0 255 0
P 198 117 0 255 0
P 199 117 0 255 0
P 200 117 0 255 0
P 201 117 0 255 0
P 202 117 0 255 0
P 203 117 0 255 0
P 168 118 0 255 0
P 169 118 0 255 0
P 170 118 0 255 0
P 171 118 0 255 0
P 172 118 0 255 0
P 173 118 0 255 0
P 174 118 0 255 0
P 175 118 0 255 0
P 176 118 0 255 0
P 177 118 0 255 0
P 178 118 0 255 0
P 179 118 0 255 0
P 180 118 0 255 0
P 181 118 0 255 0
P 182 118 0 255 0
P 183 118 0 255 0
P 184 118 0 255 0
P 185 118 0 255 0
P 186 118 0 255 0
P 187 118 0 255 0
P 188 118 0 255 0
P 189 118 0 255 0
P 190 118 0 255 0
P 191 118 0 255 0
P 192 118 0 255 0
P 193 118 0 255 0
P 194 118 0 255 0
P 195 118 0 255 0
P 196 118 0 255 0
P 197 118 0 255 0
P 198 118 0 255 0
P 199 118 0 255 0
P 200 118 0 255 0
P 201 118 0 255 0
P 202 118 0 255 0
P 203 118 0 255 0
P 168 119 0 255 0
P 169 119 0 255 0
P 170 119 0 255 0
P 171 119 0 255 0
P 172 119 0 255 0
P 173 119 0 255 0
P 174 119 0 255 0
P 175 119 0 255 0
P 176 119 0 255 0
P 177 119 0 255 0
P 178 119 0 255 0
P 179 119 0 255 0
P 180 119 0 255 0
P 181 119 0 255 0
P 182 119 0 255 0
P 183 119 0 255 0
P 184 119 0 255 0
P 185 119 0 255 0
P 186 119 0 255 0
P 187 119 0 255 0
P 188 119 0 255 0
P 189 119 0 255 0
P 190 119 0 255 0
P 191 119 0 255 0
P 192 119 0 255 0
P 193 119 0 255 0
P 194 119 0 255 0
P 195 119 0 255 0
P 196 119 0 255 0
P 197 119 0 255 0
P 198 119 0 255 0
P 199 119 0 255 0
P 200 119 0 255 0
P 201 119 0 255 0
P 202 119 0 255 0
P 203 119 0 255 0
P 167 120 0 255 0
P 168 120 0 255 0
P 169 120 0 255 0
P 170 120 0 255 0
P 171 120 0 255 0
P 172 120 0 255 0
P 173 120 0 255 0
P 174 120 0 255 0
P 175 120 0 255 0
P 176 120 0 255 0
P 177 120 0 255 0
P 178 120 0 255 0
P 179 120 0 255 0
P 180 120 0 255 0
P 181 120 0 255 0
P 182 120 0 255 0
P 183 120 0 255 0
P 184 120 0 255 0
P 185 120 0 255 0
P 186 120 0 255 0
P 187 120 0 255 0
P 188 120 0 255 0
P 189 120 0 255 0
P 190 120 0 255 0
P 191 120 0 255 0
P 192 120 0 255 0
P 193 120 0 255 0
P 194 120 0 255 0
P 195 120 0 255 0
P 196 120 0 255 0
P 197 120 0 255 0
P 198 120 0 255 0
P 199 120 0 255 0
P 200 120 0 255 0
P 201 120 0 255 0
P 202 120 0 255 0
P 203 120 0 255 0
P 167 121 0 255 0
P 168 121 0 255 0
P 169 121 0 255 0
P 170 121 0 255 0
P 171 121 0 255 0
P 172 121 0 255 0
P 173 121 0 255 0
P 174 121 0 255 0
P 175 121 0 255 0
P 176 121 0 255 0
P 177 121 0 255 0
P 178 121 0 255 0
P 179 121 0 255 0
P 180 121 0 255 0
P 181 121 0 255 0
P 182 121 0 255 0
P 183 121 0 255 0
P 184 121 0 255 0
P 185 121 0 255 0
P 186 121 0 255 0
P 187 121 0 255 0
P 188 121 0 255 0
P 189 121 0 255 0
P 190 121 0 255 0
P 191 121 0 255 0
P 192 121 0 255 0
P 193 121 0 255 0
P 194 121 0 255 0
P 195 121 0 255 0
P 196 121 0 255 0
P 197 121 0 255 0
P 198 121 0 255 0
P 199 121 0 255 0
P 200 121 0 255 0
P 201 121 0 255 0
P 202 121 0 255 0
P 203 121 0 255 0
P 166 122 0 255 0
P 167 122 0 255 0
P 168 122 0 255 0
P 169 122 0 255 0
P 170 122 0 255 0
P 171 122 0 255 0
P 172 122 0 255 0
P 173 122 0 255 0
P 174 122 0 255 0
P 175 122 0 255 0
P 176 122 0 255 0
P 177 122 0 255 0
P 178 122 0 255 0
P 179 122 0 255 0
P 180 122 0 255 0
P 181 122 0 255 0
P 182 122 0 255 0
P 183 122 0 255 0
P 184 122 0 255 0
P 185 122 0 255 0
P 186 122 0 255 0
P 187 122 0 255 0
P 188 122 0 255 0
P 189 122 0 255 0
P 190 122 0 255 0
P 191 122 0 255 0
P 192 122 0 255 0
P 193 122 0 255 0
P 194 122 0 255 0
P 195 122 0 255 0
P 196 122 0 255 0
P 197 122 0 255 0
P 198 122 0 255 0
P 199 122 0 255 0
P 200 122 0 255 0
P 201 122 0 255 0
P 202 122 0 255 0
P 203 122 0 255 0
P 165 123 0 255 0
P 166 123 0 255 0
P 167 123 0 255 0
P 168 123 0 255 0
P 169 123 0 255 0
P 170 123 0 255 0
P 171 123 0 255 0
P 172 123 0 255 0
P 173 123 0 255 0
P 174 123 0 255 0
P 175 123 0 255 0
P 176 123 0 255 0
P 177 123 0 255 0
P 178 123 0 255 0
P 179 123 0 255 0
P 180 123 0 255 0
P 181 123 0 255 0
P 182 123 0 255 0
P 183 123 0 255 0
P 184 123 0 255 0
P 185 123 0 255 0
P 186 123 0 255 0
P 187 123 0 255 0
P 188 123 0 255 0
P 189 123 0 255 0
P 190 123 0 255 0
P 191 123 0 255 0
P 192 123 0 255 0
P 193 123 0 255 0
P 194 123 0 255 0
P 195 123 0 255 0
P 196 123 0 255 0
P 197 123 0 255 0
P 198 123 0 255 0
P 199 123 0 255 0
P 200 123 0 255 0
P 201 123 0 255 0
P 202 123 0 255 0
P 203 123 0 255 0
P 165 124 0 255 0
P 166 124 0 255 0
P 167 124 0 255 0
P 168 124 0 255 0
P 169 124 0 255 0
P 170 124 0 255 0
P 171 124 0 255 0
P 172 124 0 255 0
P 173 124 0 255 0
P 174 124 0 255 0
P 175 124 0 255 0
P 176 124 0 255 0
P 177 124 0 255 0
P 178 124 0 255 0
P 179 124 0 255 0
P 180 124 0 255 0
P 181 124 0 255 0
P 182 124 0 255 0
P 183 124 0 255 0
P 184 124 0 255 0
P 185 124 0 255 0
P 186 124 0 255 0
P 187 124 0 255 0
P 188 124 0 255 0
P 189 124 0 255 0
P 190 124 0 255 0
P 191 124 0 255 0
P 192 124 0 255 0
P 193 124 0 255 0
P 194 124 0 255 0
P 195 124 0 255 0
P 196 124 0 255 0
P 197 124 0 255 0
P 198 124 0 255 0
P 199 124 0 255 0
P 200 124 0 255 0
P 201 124 0 255 0
P 202 124 0 255 0
P 203 124 0 255 0
P 164 125 0 255 0
P 165 125 0 255 0
P 166 125 0 255 0
P 167 125 0 255 0
P 168 125 0 255 0
P 169 125 0 255 0
P 170 125 0 255 0
P 171 125 0 255 0
P 172 125 0 255 0
P 173 125 0 255 0
P 174 125 0 255 0
P 175 125 0 255 0
P 176 125 0 255 0
P 177 125 0 255 0
P 178 125 0 255 0
P 179 125 0 255 0
P 180 125 0 255 0
P 181 125 0 255 0
P 182 125 0 255 0
P 183 125 0 255 0
P 184 125 0 255 0
P 185 125 0 255 0
P 186 125 0 255 0
P 187 125 0 255 0
P 188 125 0 255 0
P 189 125 0 255 0
P 190 125 0 255 0
P 191 125 0 255 0
P 192 125 0 255 0
P 193 125 0 255 0
P 194 125 0 255 0
P 195 125 0 255 0
P 196 125 0 255 0
P 197 125 0 255 0
P 198 125 0 255 0
P 199 125 0 255 0
P 200 125 0 255 0
P 201 125 0 255 0
P 202 125 0 255 0
P 203 125 0 255 0
P 164 126 0 255 0
P 165 126 0 255 0
P 166 126 0 255 0
P 167 126 0 255 0
P 168 126 0 255 0
P 169 126 0 255 0
P 170 126 0 255 0
P 171 126 0 255 0
P 172 126 0 255 0
P 173 126 0 255 0
P 174 126 0 255 0
P 175 126 0 255 0
P 176 126 0 255 0
P 177 126 0 255 0
P 178 126 0 255 0
P 179 126 0 255 0
P 180 126 0 255 0
P 181 126 0 255 0
P 182 126 0 255 0
P 183 126 0 255 0
P 184 126 0 255 0
P 185 126 0 255 0
P 186 126 0 255 0
P 187 126 0 255 0
P 188 126 0 255 0
P 189 126 0 255 0
P 190 126 0 255 0
P 191 126 0 255 0
P 192 126 0 255 0
P 193 126 0 255 0
P 194 126 0 255 0
P 195 126 0 255 0
P 196 126 0 255 0
P 197 126 0 255 0
P 198 126 0 255 0
P 199 126 0 255 0
P 200 126 0 255 0
P 201 126 0 255 0
P 202 126 0 255 0
P 203 126 0 255 0
P 163 127 0 255 0
P 164 127 0 255 0
P 165 127 0 255 0
P 166 127 0 255 0
P 167 127 0 255 0
P 168 127 0 255 0
P 169 127 0 255 0
P 170 127 0 255 0
P 171 127 0 255 0
P 172 127 0 255 0
P 173 127 0 255 0
P 174 127 0 255 0
P 175 127 0 255 0
P 176 127 0 255 0
P 177 127 0 255 0
P 178 127 0 255 0
P 179 127 0 255 0
P 180 127 0 255 0
P 181 127 0 255 0
P 182 127 0 255 0
P 183 127 0 255 0
P 184 127 0 255 0
P 185 127 0 255 0
P 186 127 0 255 0
P 187 127 0 255 0
P 188 127 0 255 0
P 189 127 0 255 0
P 190 127 0 255 0
P 191 127 0 255 0
P 192 127 0 255 0
P 193 127 0 255 0
P 194 127 0 255 0
P 195 127 0 255 0
P 196 127 0 255 0
P 197 127 0 255 0
P 198 127 0 255 0
P 199 127 0 255 0
P 200 127 0 255 0
P 201 127 0 255 0
P 202 127 0 255 0
P 203 127 0 255 0
P 204 127 0 255 0
P 163 128 0 255 0
P 164 128 0 255 0
P 165 128 0 255 0
P 166 128 0 255 0
P 167 128 0 255 0
P 168 128 0 255 0
P 169 128 0 255 0
P 170 128 0 255 0
P 171 128 0 255 0
P 172 128 0 255 0
P 173 128 0 255 0
P 174 128 0 255 0
P 175 128 0 255 0
P 176 128 0 255 0
P 177 128 0 255 0
P 178 128 0 255 0
P 179 128 0 255 0
P 180 128 0 255 0
P 181 128 0 255 0
P 182 128 0 255 0
P 183 128 0 255 0
P 184 128 0 255 0
P 185 128 0 255 0
P 186 128 0 255 0
P 187 128 0 255 0
P 188 128 0 255 0
P 189 128 0 255 0
P 190 128 0 255 0
P 191 128 0 255 0
P 192 128 0 255 0
P 193 128 0 255 0
P 194 128 0 255 0
P 195 128 0 255 0
P 196 128 0 255 0
P 197 128 0 255 0
P 198 128 0 255 0
P 199 128 0 255 0
P 200 128 0 255 0
P 201 128 0 255 0
P 202 128 0 255 0
P 203 128 0 255 0
P 204 128 0 255 0
P 162 129 0 255 0
P 163 129 0 255 0
P 164 129 0 255 0
P 165 129 0 255 0
P 166 129 0 255 0
P 167 129 0 255 0
P 168 129 0 255 0
P 169 129 0 255 0
P 170 129 0 255 0
P 171 129 0 255 0
P 172 129 0 255 0
P 173 129 0 255 0
P 174 129 0 255 0
P 175 129 0 255 0
P 176 129 0 255 0
P 177 129 0 255 0
P 178 129 0 255 0
P 179 129 0 255 0
P 180 129 0 255 0
P 181 129 0 255 0
P 182 129 0 255 0
P 183 129 0 255 0
P 184 129 0 255 0
P 185 129 0 255 0
P 186 129 0 255 0
P 187 129 0 255 0
P 188 129 0 255 0
P 189 129 0 255 0
P 190 129 0 255 0
P 191 129 0 255 0
P 192 129 0 255 0
P 193 129 0 255 0
P 194 129 0 255 0
P 195 129 0 255 0
P 196 129 0 255 0
P 197 129 0 255 0
P 198 129 0 255 0
P 199 129 0 255 0
P 200 129 0 255 0
P 201 129 0 255 0
P 202 129 0 255 0
P 203 129 0 255 0
P 204 129 0 255 0
P 161 130 0 255 0
P 162 130 0 255 0
P 163 130 0 255 0
P 164 130 0 255 0
P 165 130 0 255 0
P 166 130 0 255 0
P 167 130 0 255 0
P 168 130 0 255 0
P 169 130 0 255 0
P 170 130 0 255 0
P 171 130 0 255 0
P 172 130 0 255 0
P 173 130 0 255 0
P 174 130 0 255 0
P 175 130 0 255 0
P 176 130 0 255 0
P 177 130 0 255 0
P 178 130 0 255 0
P 179 130 0 255 0
P 180 130 0 255 0
P 181 130 0 255 0
P 182 130 0 255 0
P 183 130 0 255 0
P 184 130 0 255 0
P 185 130 0 255 0
P 186 130 0 255 0
P 187 130 0 255 0
P 188 130 0 255 0
P 189 130 0 255 0
P 190 130 0 255 0
P 191 130 0 255 0
P 192 130 0 255 0
P 193 130 0 255 0
P 194 130 0 255 0
P 195 130 0 255 0
P 196 130 0 255 0
P 197 130 0 255 0
P 198 130 0 255 0
P 199 130 0 255 0
P 200 130 0 255 0
P 201 130 0 255 0
P 202 130 0 255 0
P 203 130 0 255 0
P 204 130 0 255 0
P 161 131 0 255 0
P 162 131 0 255 0
P 163 131 0 255 0
P 164 131 0 255 0
P 165 131 0 255 0
P 166 131 0 255 0
P 167 131 0 255 0
P 168 131 0 255 0
P 169 131 0 255 0
P 170 131 0 255 0
P 171 131 0 255 0
P 172 131 0 255 0
P 173 131 0 255 0
P 174 131 0 255 0
P 175 131 0 255 0
P 176 131 0 255 0
P 177 131 0 255 0
P 178 131 0 255 0
P 179 131 0 255 0
P 180 131 0 255 0
P 181 131 0 255 0
P 182 131 0 255 0
P 183 131 0 255 0
P 184 131 0 255 0
P 185 131 0 255 0
P 186 131 0 255 0
P 187 131 0 255 0
P 188 131 0 255 0
P 189 131 0 255 0
P 190 131 0 255 0
P 191 131 0 255 0
P 192 131 0 255 0
P 193 131 0 255 0
P 194 131 0 255 0
P 195 131 0 255 0
P 196 131 0 255 0
P 197 131 0 255 0
P 198 131 0 255 0
P 199 131 0 255 0
P 200 131 0 255 0
P 201 131 0 255 0
P 202 131 0 255 0
P 203 131 0 255 0
P 204 131 0 255 0
P 160 132 0 255 0
P 161 132 0 255 0
P 162 132 0 255 0
P 163 132 0 255 0
P 164 132 0 255 0
P 165 132 0 255 0
P 166 132 0 255 0
P 167 132 0 255 0
P 168 132 0 255 0
P 169 132 0 255 0
P 170 132 0 255 0
P 171 132 0 255 0
P 172 132 0 255 0
P 173 132 0 255 0
P 174 132 0 255 0
P 175 132 0 255 0
P 176 132 0 255 0
P 177 132 0 255 0
P 178 132 0 255 0
P 179 132 0 255 0
P 180 132 0 255 0
P 181 132 0 255 0
P 182 132 0 255 0
P 183 132 0 255 0
P 184 132 0 255 0
P 185 132 0 255 0
P 186 132 0 255 0
P 187 132 0 255 0
P 188 132 0 255 0
P 189 132 0 255 0
P 190 132 0 255 0
P 191 132 0 255 0
P 192 132 0 255 0
P 193 132 0 255 0
P 194 132 0 255 0
P 195 132 0 255 0
P 196 132 0 255 0
P 197 132 0 255 0
P 198 132 0 255 0
P 199 132 0 255 0
P 200 132 0 255 0
P 201 132 0 255 0
P 202 132 0 255 0
P 203 132 0 255 0
P 204 132 0 255 0
P 160 133 0 255 0
P 161 133 0 255 0
P 162 133 0 255 0
P 163 133 0 255 0
P 164 133 0 255 0
P 165 133 0 255 0
P 166 133 0 255 0
P 167 133 0 255 0
P 168 133 0 255 0
P 169 133 0 255 0
P 170 133 0 255 0
P 171 133 0 255 0
P 172 133 0 255 0
P 173 133 0 255 0
P 174 133 0 255 0
P 175 133 0 255 0
P 176 133 0 255 0
P 177 133 0 255 0
P 178 133 0 255 0
P 179 133 0 255 0
P 180 133 0 255 0
P 181 133 0 255 0
P 182 133 0 255 0
P 183 133 0 255 0
P 184 133 0 255 0
P 185 133 0 255 0
P 186 133 0 255 0
P 187 133 0 255 0
P 188 133 0 255 0
P 189 133 0 255 0
P 190 133 0 255 0
P 191 133 0 255 0
P 192 133 0 255 0
P 193 133 0 255 0
P 194 133 0 255 0
P 195 133 0 255 0
P 196 133 0 255 0
P 197 133 0 255 0
P 198 133 0 255 0
P 199 133 0 255 0
P 200 133 0 255 0
P 201 133 0 255 0
P 202 133 0 255 0
P 203 133 0 255 0
P 204 133 0 255 0
P 159 134 0 255 0
P 160 134 0 255 0
P 161 134 0 255 0
P 162 134 0 255 0
P 163 134 0 255 0
P 164 134 0 255 0
P 165 134 0 255 0
P 166 134 0 255 0
P 167 134 0 255 0
P 168 134 0 255 0
P 169 134 0 255 0
P 170 134 0 255 0
P 171 134 0 255 0
P 172 134 0 255 0
P 173 134 0 255 0
P 174 134 0 255 0
P 175 134 0 255 0
P 176 134 0 255 0
P 177 134 0 255 0
P 178 134 0 255 0
P 179 134 0 255 0
P 180 134 0 255 0
P 181 134 0 255 0
P 182 134 0 255 0
P 183 134 0 255 0
P 184 134 0 255 0
P 185 134 0 255 0
P 186 134 0 255 0
P 187 134 0 255 0
P 188 134 0 255 0
P 189 134 0 255 0
P 190 134 0 255 0
P 191 134 0 255 0
P 192 134 0 255 0
P 193 134 0 255 0
P 194 134 0 255 0
P 195 134 0 255 0
P 196 134 0 255 0
P 197 134 0 255 0
P 198 134 0 255 0
P 199 134 0 255 0
P 200 134 0 255 0
P 201 134 0 255 0
P 202 134 0 255 0
P 203 134 0 255 0
P 204 134 0 255 0
P 158 135 0 255 0
P 159 135 0 255 0
P 160 135 0 255 0
P 161 135 0 255 0
P 162 135 0 255 0
P 163 135 0 255 0
P 164 135 0 255 0
P 165 135 0 255 0
P 166 135 0 255 0
P 167 135 0 255 0
P 168 135 0 255 0
P 169 135 0 255 0
P 170 135 0 255 0
P 171 135 0 255 0
P 172 135 0 255 0
P 173 135 0 255 0
P 174 135 0 255 0
P 175 135 0 255 0
P 176 135 0 255 0
P 177 135 0 255 0
P 178 135 0 255 0
P 179 135 0 255 0
P 180 135 0 255 0
P 181 135 0 255 0
P 182 135 0 255 0
P 183 135 0 255 0
P 184 135 0 255 0
P 185 135 0 255 0
P 186 135 0 255 0
P 187 135 0 255 0
P 188 135 0 255 0
P 189 135 0 255 0
P 190 135 0 255 0
P 191 135 0 255 0
P 192 135 0 255 0
P 193 135 0 255 0
P 194 135 0 255 0
P 195 135 0 255 0
P 196 135 0 255 0
P 197 135 0 255 0
P 198 135 0 255 0
P 199 135 0 255 0
P 200 135 0 255 0
P 201 135 0 255 0
P 202 135 0 255 0
P 203 135 0 255 0
P 204 135 0 255 0
P 158 136 0 255 0
P 159 136 0 255 0
P 160 136 0 255 0
P 161 136 0 255 0
P 162 136 0 255 0
P 163 136 0 255 0
P 164 136 0 255 0
P 165 136 0 255 0
P 166 136 0 255 0
P 167 136 0 255 0
P 168 136 0 255 0
P 169 136 0 255 0
P 170 136 0 255 0
P 171 136 0 255 0
P 172 136 0 255 0
P 173 136 0 255 0
P 174 136 0 255 0
P 175 136 0 255 0
P 176 136 0 255 0
P 177 136 0 255 0
P 178 136 0 255 0
P 179 136 0 255 0
P 180 136 0 255 0
P 181 136 0 255 0
P 182 136 0 255 0
P 183 136 0 255 0
P 184 136 0 255 0
P 185 136 0 255 0
P 186 136 0 255 0
P 187 136 0 255 0
P 188 136 0 255 0
P 189 136 0 255 0
P 190 136 0 255 0
P 191 136 0 255 0
P 192 136 0 255 0
P 193 136 0 255 0
P 194 136 0 255 0
P 195 136 0 255 0
P 196 136 0 255 0
P 197 136 0 255 0
P 198 136 0 255 0
P 199 136 0 255 0
P 200 136 0 255 0
P 201 136 0 255 0
P 202 136 0 255 0
P 203 136 0 255 0
P 204 136 0 255 0
P 157 137 0 255 0
P 158 137 0 255 0
P 159 137 0 255 0
P 160 137 0 255 0
P 161 137 0 255 0
P 162 137 0 255 0
P 163 137 0 255 0
P 164 137 0 255 0
P 165 137 0 255 0
P 166 137 0 255 0
P 167 137 0 255 0
P 168 137 0 255 0
P 169 137 0 255 0
P 170 137 0 255 0
P 171 137 0 255 0
P 172 137 0 255 0
P 173 137 0 255 0
P 174 137 0 255 0
P 175 137 0 255 0
P 176 137 0 255 0
P 177 137 0 255 0
P 178 137 0 255 0
P 179 137 0 255 0
P 180 137 0 255 0
P 181 137 0 255 0
P 182 137 0 255 0
P 183 137 0 255 0
P 184 137 0 255 0
P 185 137 0 255 0
P 186 137 0 255 0
P 187 137 0 255 0
P 188 137 0 255 0
P 189 137 0 255 0
P 190 137 0 255 0
P 191 137 0 255 0
P 192 137 0 255 0
P 193 137 0 255 0
P 194 137 0 255 0
P 195 137 0 255 0
P 196 137 0 255 0
P 197 137 0 255 0
P 198 137 0 255 0
P 199 137 0 255 0
P 200 137 0 255 0
P 201 137 0 255 0
P 202 137 0 255 0
P 203 137 0 255 0
P 204 137 0 255 0
P 157 138 0 255 0
P 158 138 0 255 0
P 159 138 0 255 0
P 160 138 0 255 0
P 161 138 0 255 0
P 162 138 0 255 0
P 163 138 0 255 0
P 164 138 0 255 0
P 165 138 0 255 0
P 166 138 0 255 0
P 167 138 0 255 0
P 168 138 0 255 0
P 169 138 0 255 0
P 170 138 0 255 0
P 171 138 0 255 0
P 172 138 0 255 0
P 173 138 0 255 0
P 174 138 0 255 0
P 175 138 0 255 0
P 176 138 0 255 0
P 177 138 0 255 0
P 178 138 0 255 0
P 179 138 0 255 0
P 180 138 0 255 0
P 181 138 0 255 0
P 182 138 0 255 0
P 183 138 0 255 0
P 184 138 0 255 0
P 185 138 0 255 0
P 186 138 0 255 0
P 187 138 0 255 0
P 188 138 0 255 0
P 189 138 0 255 0
P 190 138 0 255 0
P 191 138 0 255 0
P 192 138 0 255 0
P 193 138 0 255 0
P 194 138 0 255 0
P 195 138 0 255 0
P 196 138 0 255 0
P 197 138 0 255 0
P 198 138 0 255 0
P 199 138 0 255 0
P 200 138 0 255 0
P 201 138 0 255 0
P 202 138 0 255 0
P 203 138 0 255 0
P 204 138 0 255 0
P 156 139 0 255 0
P 157 139 0 255 0
P 158 139 0 255 0
P 159 139 0 255 0
P 160 139 0 255 0
P 161 139 0 255 0
P 162 139 0 255 0
P 163 139 0 255 0
P 164 139 0 255 0
P 165 139 0 255 0
P 166 139 0 255 0
P 167 139 0 255 0
P 168 139 0 255 0
P 169 139 0 255 0
P 170 139 0 255 0
P 171 139 0 255 0
P 172 139 0 255 0
P 173 139 0 255 0
P 174 139 0 255 0
P 175 139 0 255 0
P 176 139 0 255 0
P 177 139 0 255 0
P 178 139 0 255 0
P 179 139 0 255 0
P 180 139 0 255 0
P 181 139 0 255 0
P 182 139 0 255 0
P 183 139 0 255 0
P 184 139 0 255 0
P 185 139 0 255 0
P 186 139 0 255 0
P 187 139 0 255 0
P 188 139 0 255 0
P 189 139 0 255 0
P 190 139 0 255 0
P 191 139 0 255 0
P 192 139 0 255 0
P 193 139 0 255 0
P 194 139 0 255 0
P 195 139 0 255 0
P 196 139 0 255 0
P 197 139 0 255 0
P 198 139 0 255 0
P 199 139 0 255 0
P 200 139 0 255 0
P 201 139 0 255 0
P 202 139 0 255 0
P 203 139 0 255 0
P 204 139 0 255 0
P 156 140 0 255 0
P 157 140 0 255 0
P 158 140 0 255 0
P 159 140 0 255 0
P 160 140 0 255 0
P 161 140 0 255 0
P 162 140 0 255 0
P 163 140 0 255 0
P 164 140 0 255 0
P 165 140 0 255 0
P 166 140 0 255 0
P 167 140 0 255 0
P 168 140 0 255 0
P 169 140 0 255 0
P 170 140 0 255 0
P 171 140 0 255 0
P 172 140 0 255 0
P 173 140 0 255 0
P 174 140 0 255 0
P 175 140 0 255 0
P 176 140 0 255 0
P 177 140 0 255 0
P 178 140 0 255 0
P 179 140 0 255 0
P 180 140 0 255 0
P 181 140 0 255 0
P 182 140 0 255 0
P 183 140 0 255 0
P 184 140 0 255 0
P 185 140 0 255 0
P 186 140 0 255 0
P 187 140 0 255 0
P 188 140 0 255 0
P 189 140 0 255 0
P 190 140 0 255 0
P 191 140 0 255 0
P 192 140 0 255 0
P 193 140 0 255 0
P 194 140 0 255 0
P 195 140 0 255 0
P 196 140 0 255 0
P 197 140 0 255 0
P 198 140 0 255 0
P 199 140 0 255 0
P 200 140 0 255 0
P 201 140 0 255 0
P 202 140 0 255 0
P 203 140 0 255 0
P 204 140 0 255 0
P 155 141 0 255 0
P 156 141 0 255 0
P 157 141 0 255 0
P 158 141 0 255 0
P 159 141 0 255 0
P 160 141 0 255 0
P 161 141 0 255 0
P 162 141 0 255 0
P 163 141 0 255 0
P 164 141 0 255 0
P 165 141 0 255 0
P 166 141 0 255 0
P 167 141 0 255 0
P 168 141 0 255 0
P 169 141 0 255 0
P 170 141 0 255 0
P 171 141 0 255 0
P 172 141 0 255 0
P 173 141 0 255 0
P 174 141 0 255 0
P 175 141 0 255 0
P 176 141 0 255 0
P 177 141 0 255 0
P 178 141 0 255 0
P 179 141 0 255 0
P 180 141 0 255 0
P 181 141 0 255 0
P 182 141 0 255 0
P 183 141 0 255 0
P 184 141 0 255 0
P 185 141 0 255 0
P 186 141 0 255 0
P 187 141 0 255 0
P 188 141 0 255 0
P 189 141 0 255 0
P 190 141 0 255 0
P 191 141 0 255 0
P 192 141 0 255 0
P 193 141 0 255 0
P 194 141 0 255 0
P 195 141 0 255 0
P 196 141 0 255 0
P 197 141 0 255 0
P 198 141 0 255 0
P 199 141 0 255 0
P 200 141 0 255 0
P 201 141 0 255 0
P 202 141 0 255 0
P 203 141 0 255 0
P 204 141 0 255 0
P 205 141 0 255 0
P 154 142 0 255 0
P 155 142 0 255 0
P 156 142 0 255 0
P 157 142 0 255 0
P 158 142 0 255 0
P 159 142 0 255 0
P 160 142 0 255 0
P 161 142 0 255 0
P 162 142 0 255 0
P 163 142 0 255 0
P 164 142 0 255 0
P 165 142 0 255 0
P 166 142 0 255 0
P 167 142 0 255 0
P 168 142 0 255 0
P 169 142 0 255 0
P 170 142 0 255 0
P 171 142 0 255 0
P 172 142 0 255 0
P 173 142 0 255 0
P 174 142 0 255 0
P 175 142 0 255 0
P 176 142 0 255 0
P 177 142 0 255 0
P 178 142 0 255 0
P 179 142 0 255 0
P 180 142 0 255 0
P 181 142 0 255 0
P 182 142 0 255 0
P 183 142 0 255 0
P 184 142 0 255 0
P 185 142 0 255 0
P 186 142 0 255 0
P 187 142 0 255 0
P 188 142 0 255 0
P 189 142 0 255 0
P 190 142 0 255 0
P 191 142 0 255 0
P 192 142 0 255 0
P 193 142 0 255 0
P 194 142 0 255 0
P 195 142 0 255 0
P 196 142 0 255 0
P 197 142 0 255 0
P 198 142 0 255 0
P 199 142 0 255 0
P 200 142 0 255 0
P 201 142 0 255 0
P 202 142 0 255 0
P 203 142 0 255 0
P 204 142 0 255 0
P 205 142 0 255 0
P 154 143 0 255 0
P 155 143 0 255 0
P 156 143 0 255 0
P 157 143 0 255 0
P 158 143 0 255 0
P 159 143 0 255 0
P 160 143 0 255 0
P 161 143 0 255 0
P 162 143 0 255 0
P 163 143 0 255 0
P 164 143 0 255 0
P 165 143 0 255 0
P 166 143 0 255 0
P 167 143 0 255 0
P 168 143 0 255 0
P 169 143 0 255 0
P 170 143 0 255 0
P 171 143 0 255 0
P 172 143 0 255 0
P 173 143 0 255 0
P 174 143 0 255 0
P 175 143 0 255 0
P 176 143 0 255 0
P 177 143 0 255 0
P 178 143 0 255 0
P 179 143 0 255 0
P 180 143 0 255 0
P 181 143 0 255 0
P 182 143 0 255 0
P 183 143 0 255 0
P 184 143 0 255 0
P 185 143 0 255 0
P 186 143 0 255 0
P 187 143 0 255 0
P 188 143 0 255 0
P 189 143 0 255 0
P 190 143 0 255 0
P 191 143 0 255 0
P 192 143 0 255 0
P 193 143 0 255 0
P 194 143 0 255 0
P 195 143 0 255 0
P 196 143 0 255 0
P 197 143 0 255 0
P 198 143 0 255 0
P 199 143 0 255 0
P 200 143 0 255 0
P 201 143 0 255 0
P 202 143 0 255 0
P 203 143 0 255 0
P 204 143 0 255 0
P 205 143 0 255 0
P 153 144 0 255 0
P 154 144 0 255 0
P 155 144 0 255 0
P 156 144 0 255 0
P 157 144 0 255 0
P 158 144 0 255 0
P 159 144 0 255 0
P 160 144 0 255 0
P 161 144 0 255 0
P 162 144 0 255 0
P 163 144 0 255 0
P 164 144 0 255 0
P 165 144 0 255 0
P 166 144 0 255 0
P 167 144 0 255 0
P 168 144 0 255 0
P 169 144 0 255 0
P 170 144 0 255 0
P 171 144 0 255 0
P 172 144 0 255 0
P 173 144 0 255 0
P 174 144 0 255 0
P 175 144 0 255 0
P 176 144 0 255 0
P 177 144 0 255 0
P 178 144 0 255 0
P 179 144 0 255 0
P 180 144 0 255 0
P 181 144 0 255 0
P 182 144 0 255 0
P 183 144 0 255 0
P 184 144 0 255 0
P 185 144 0 255 0
P 186 144 0 255 0
P 187 144 0 255 0
P 188 144 0 255 0
P 189 144 0 255 0
P 190 144 0 255 0
P 191 144 0 255 0
P 192 144 0 255 0
P 193 144 0 255 0
P 194 144 0 255 0
P 195 144 0 255 0
P 196 144 0 255 0
P 197 144 0 255 0
P 198 144 0 255 0
P 199 144 0 255 0
P 200 144 0 255 0
P 201 144 0 255 0
P 202 144 0 255 0
P 203 144 0 255 0
P 204 144 0 255 0
P 205 144 0 255 0
P 153 145 0 255 0
P 154 145 0 255 0
P 155 145 0 255 0
P 156 145 0 255 0
P 157 145 0 255 0
P 158 145 0 255 0
P 159 145 0 255 0
P 160 145 0 255 0
P 161 145 0 255 0
P 162 145 0 255 0
P 163 145 0 255 0
P 164 145 0 255 0
P 165 145 0 255 0
P 166 145 0 255 0
P 167 145 0 255 0
P 168 145 0 255 0
P 169 145 0 255 0
P 170 145 0 255 0
P 171 145 0 255 0
P 172 145 0 255 0
P 173 145 0 255 0
P 174 145 0 255 0
P 175 145 0 255 0
P 176 145 0 255 0
P 177 145 0 255 0
P 178 145 0 255 0
P 179 145 0 255 0
P 180 145 0 255 0
P 181 145 0 255 0
P 182 145 0 255 0
P 183 145 0 255 0
P 184 145 0 255 0
P 185 145 0 255 0
P 186 145 0 255 0
P 187 145 0 255 0
P 188 145 0 255 0
P 189 145 0 255 0
P 190 145 0 255 0
P 191 145 0 255 0
P 192 145 0 255 0
P 193 145 0 255 0
P 194 145 0 255 0
P 195 145 0 255 0
P 196 145 0 255 0
P 197 145 0 255 0
P 198 145 0 255 0
P 199 145 0 255 0
P 200 145 0 255 0
P 201 145 0 255 0
P 202 145 0 255 0
P 203 145 0 255 0
P 204 145 0 255 0
P 205 145 0 255 0
P 152 146 0 255 0
P 153 146 0 255 0
P 154 146 0 255 0
P 155 146 0 255 0
P 156 146 0 255 0
P 157 146 0 255 0
P 158 146 0 255 0
P 159 146 0 255 0
P 160 146 0 255 0
P 161 146 0 255 0
P 162 146 0 255 0
P 163 146 0 255 0
P 164 146 0 255 0
P 165 146 0 255 0
P 166 146 0 255 0
P 167 146 0 255 0
P 168 146 0 255 0
P 169 146 0 255 0
P 170 146 0 255 0
P 171 146 0 255 0
P 172 146 0 255 0
P 173 146 0 255 0
P 174 146 0 255 0
P 175 146 0 255 0
P 176 146 0 255 0
P 177 146 0 255 0
P 178 146 0 255 0
P 179 146 0 255 0
P 180 146 0 255 0
P 181 146 0 255 0
P 182 146 0 255 0
P 183 146 0 255 0
P 184 146 0 255 0
P 185 146 0 255 0
P 186 146 0 255 0
P 187 146 0 255 0
P 188 146 0 255 0
P 189 146 0 255 0
P 190 146 0 255 0
P 191 146 0 255 0
P 192 146 0 255 0
P 193 146 0 255 0
P 194 146 0 255 0
P 195 146 0 255 0
P 196 146 0 255 0
P 197 146 0 255 0
P 198 146 0 255 0
P 199 146 0 255 0
P 200 146 0 255 0
P 201 146 0 255 0
P 202 146 0 255 0
P 203 146 0 255 0
P 204 146 0 255 0
P 205 146 0 255 0
P 152 147 0 255 0
P 153 147 0 255 0
P 154 147 0 255 0
P 155 147 0 255 0
P 156 147 0 255 0
P 157 147 0 255 0
P 158 147 0 255 0
P 159 147 0 255 0
P 160 147 0 255 0
P 161 147 0 255 0
P 162 147 0 255 0
P 163 147 0 255 0
P 164 147 0 255 0
P 165 147 0 255 0
P 166 147 0 255 0
P 167 147 0 255 0
P 168 147 0 255 0
P 169 147 0 255 0
P 170 147 0 255 0
P 171 147 0 255 0
P 172 147 0 255 0
P 173 147 0 255 0
P 174 147 0 255 0
P 175 147 0 255 0
P 176 147 0 255 0
P 177 147 0 255 0
P 178 147 0 255 0
P 179 147 0 255 0
P 180 147 0 255 0
P 181 147 0 255 0
P 182 147 0 255 0
P 183 147 0 255 0
P 184 147 0 255 0
P 185 147 0 255 0
P 186 147 0 255 0
P 187 147 0 255 0
P 188 147 0 255 0
P 189 147 0 255 0
P 190 147 0 255 0
P 191 147 0 255 0
P 192 147 0 255 0
P 193 147 0 255 0
P 194 147 0 255 0
P 195 147 0 255 0
P 196 147 0 255 0
P 197 147 0 255 0
P 198 147 0 255 0
P 199 147 0 255 0
P 200 147 0 255 0
P 201 147 0 255 0
P 202 147 0 255 0
P 203 147 0 255 0
P 204 147 0 255 0
P 205 147 0 255 0
P 151 148 0 255 0
P 152 148 0 255 0
P 153 148 0 255 0
P 154 148 0 255 0
P 155 148 0 255 0
P 156 148 0 255 0
P 157 148 0 255 0
P 158 148 0 255 0
P 159 148 0 255 0
P 160 148 0 255 0
P 161 148 0 255 0
P 162 148 0 255 0
P 163 148 0 255 0
P 164 148 0 255 0
P 165 148 0 255 0
P 166 148 0 255 0
P 167 148 0 255 0
P 168 148 0 255 0
P 169 148 0 255 0
P 170 148 0 255 0
P 171 148 0 255 0
P 172 148 0 255 0
P 173 148 0 255 0
P 174 148 0 255 0
P 175 148 0 255 0
P 176 148 0 255 0
P 177 148 0 255 0
P 178 148 0 255 0
P 179 148 0 255 0
P 180 148 0 255 0
P 181 148 0 255 0
P 182 148 0 255 0
P 183 148 0 255 0
P 184 148 0 255 0
P 185 148 0 255 0
P 186 148 0 255 0
P 187 148 0 255 0
P 188 148 0 255 0
P 189 148 0 255 0
P 190 148 0 255 0
P 191 148 0 255 0
P 192 148 0 255 0
P 193 148 0 255 0
P 194 148 0 255 0
P 195 148 0 255 0
P 196 148 0 255 0
P 197 148 0 255 0
P 198 148 0 255 0
P 199 148 0 255 0
P 200 148 0 255 0
P 201 148 0 255 0
P 202 148 0 255 0
P 203 148 0 255 0
P 204 148 0 255 0
P 205 148 0 255 0
P 150 149 0 255 0
P 151 149 0 255 0
P 152 149 0 255 0
P 153 149 0 255 0
P 154 149 0 255 0
P 155 149 0 255 0
P 156 149 0 255 0
P 157 149 0 255 0
P 158 149 0 255 0
P 159 149 0 255 0
P 160 149 0 255 0
P 161 149 0 255 0
P 162 149 0 255 0
P 163 149 0 255 0
P 164 149 0 255 0
P 165 149 0 255 0
P 166 149 0 255 0
P 167 149 0 255 0
P 168 149 0 255 0
P 169 149 0 255 0
P 170 149 0 255 0
P 171 149 0 255 0
P 172 149 0 255 0
P 173 149 0 255 0
P 174 149 0 255 0
P 175 149 0 255 0
P 176 149 0 255 0
P 177 149 0 255 0
P 178 149 0 255 0
P 179 149 0 255 0
P 180 149 0 255 0
P 181 149 0 255 0
P 182 149 0 255 0
P 183 149 0 255 0
P 184 149 0 255 0
P 185 149 0 255 0
P 186 149 0 255 0
P 187 149 0 255 0
P 188 149 0 255 0
P 189 149 0 255 0
P 190 149 0 255 0
P 191 149 0 255 0
P 192 149 0 255 0
P 193 149 0 255 0
P 194 149 0 255 0
P 195 149 0 255 0
P 196 149 0 255 0
P 197 149 0 255 0
P 198 149 0 255 0
P 199 149 0 255 0
P 200 149 0 255 0
P 201 149 0 255 0
P 202 149 0 255 0
P 203 149 0 255 0
P 204 149 0 255 0
P 205 149 0 255 0
P 150 150 0 255 0
P 151 150 0 255 0
P 152 150 0 255 0
P 153 150 0 255 0
P 154 150 0 255 0
P 155 150 0 255 0
P 156 150 0 255 0
P 157 150 0 255 0
P 158 150 0 255 0
P 159 150 0 255 0
P 160 150 0 255 0
P 161 150 0 255 0
P 162 150 0 255 0
P 163 150 0 255 0
P 164 150 0 255 0
P 165 150 0 255 0
P 166 150 0 255 0
P 167 150 0 255 0
P 168 150 0 255 0
P 169 150 0 255 0
P 170 150 0 255 0
P 171 150 0 255 0
P 172 150 0 255 0
P 173 150 0 255 0
P 174 150 0 255 0
P 175 150 0 255 0
P 176 150 0 255 0
P 177 150 0 255 0
P 178 150 0 255 0
P 179 150 0 255 0
P 180 150 0 255 0
P 181 150 0 255 0
P 182 150 0 255 0
P 183 150 0 255 0
P 184 150 0 255 0
P 185 150 0 255 0
P 186 150 0 255 0
P 187 150 0 255 0
P 188 150 0 255 0
P 189 150 0 255 0
P 190 150 0 255 0
P 191 150 0 255 0
P 192 150 0 255 0
P 193 150 0 255 0
P 194 150 0 255 0
P 195 150 0 255 0
P 196 150 0 255 0
P 197 150 0 255 0
P 198 150 0 255 0
P 199 150 0 255 0
P 200 150 0 255 0
P 201 150 0 255 0
P 202 150 0 255 0
P 203 150 0 255 0
P 204 150 0 255 0
P 205 150 0 255 0
P 149 151 0 255 0
P 150 151 0 255 0
P 151 151 0 255 0
P 152 151 0 255 0
P 153 151 0 255 0
P 154 151 0 255 0
P 155 151 0 255 0
P 156 151 0 255 0
P 157 151 0 255 0
P 158 151 0 255 0
P 159 151 0 255 0
P 160 151 0 255 0
P 161 151 0 255 0
P 162 151 0 255 0
P 163 151 0 255 0
P 164 151 0 255 0
P 165 151 0 255 0
P 166 151 0 255 0
P 167 151 0 255 0
P 168 151 0 255 0
P 169 151 0 255 0
P 170 151 0 255 0
P 171 151 0 255 0
P 172 151 0 255 0
P 173 151 0 255 0
P 174 151 0 255 0
P 175 151 0 255 0
P 176 151 0 255 0
P 177 151 0 255 0
P 178 151 0 255 0
P 179 151 0 255 0
P 180 151 0 255 0
P 181 151 0 255 0
P 182 151 0 255 0
P 183 151 0 255 0
P 184 151 0 255 0
P 185 151 0 255 0
P 186 151 0 255 0
P 187 151 0 255 0
P 188 151 0 255 0
P 189 151 0 255 0
P 190 151 0 255 0
P 191 151 0 255 0
P 192 151 0 255 0
P 193 151 0 255 0
P 194 151 0 255 0
P 195 151 0 255 0
P 196 151 0 255 0
P 197 151 0 255 0
P 198 151 0 255 0
P 199 151 0 255 0
P 200 151 0 255 0
P 201 151 0 255 0
P 202 151 0 255 0
P 203 151 0 255 0
P 204 151 0 255 0
P 205 151 0 255 0
P 149 152 0 255 0
P 150 152 0 255 0
P 151 152 0 255 0
P 152 152 0 255 0
P 153 152 0 255 0
P 154 152 0 255 0
P 155 152 0 255 0
P 156 152 0 255 0
P 157 152 0 255 0
P 158 152 0 255 0
P 159 152 0 255 0
P 160 152 0 255 0
P 161 152 0 255 0
P 162 152 0 255 0
P 163 152 0 255 0
P 164 152 0 255 0
P 165 152 0 255 0
P 166 152 0 255 0
P 167 152 0 255 0
P 168 152 0 255 0
P 169 152 0 255 0
P 170 152 0 255 0
P 171 152 0 255 0
P 172 152 0 255 0
P 173 152 0 255 0
P 174 152 0 255 0
P 175 152 0 255 0
P 176 152 0 255 0
P 177 152 0 255 0
P 178 152 0 255 0
P 179 152 0 255 0
P 180 152 0 255 0
P 181 152 0 255 0
P 182 152 0 255 0
P 183 152 0 255 0
P 184 152 0 255 0
P 185 152 0 255 0
P 186 152 0 255 0
P 187 152 0 255 0
P 188 152 0 255 0
P 189 152 0 255 0
P 190 152 0 255 0
P 191 152 0 255 0
P 192 152 0 255 0
P 193 152 0 255 0
P 194 152 0 255 0
P 195 152 0 255 0
P 196 152 0 255 0
P 197 152 0 255 0
P 198 152 0 255 0
P 199 152 0 255 0
P 200 152 0 255 0
P 201 152 0 255 0
P 202 152 0 255 0
P 203 152 0 255 0
P 204 152 0 255 0
P 205 152 0 255 0
P 148 153 0 255 0
P 149 153 0 255 0
P 150 153 0 255 0
P 151 153 0 255 0
P 152 153 0 255 0
P 153 153 0 255 0
P 154 153 0 255 0
P 155 153 0 255 0
P 156 153 0 255 0
P 157 153 0 255 0
P 158 153 0 255 0
P 159 153 0 255 0
P 160 153 0 255 0
P 161 153 0 255 0
P 162 153 0 255 0
P 163 153 0 255 0
P 164 153 0 255 0
P 165 153 0 255 0
P 166 153 0 255 0
P 167 153 0 255 0
P 168 153 0 255 0
P 169 153 0 255 0
P 170 153 0 255 0
P 171 153 0 255 0
P 172 153 0 255 0
P 173 153 0 255 0
P 174 153 0 255 0
P 175 153 0 255 0
P 176 153 0 255 0
P 177 153 0 255 0
P 178 153 0 255 0
P 179 153 0 255 0
P 180 153 0 255 0
P 181 153 0 255 0
P 182 153 0 255 0
P 183 153 0 255 0
P 184 153 0 255 0
P 185 153 0 255 0
P 186 153 0 255 0
P 187 153 0 255 0
P 188 153 0 255 0
P 189 153 0 255 0
P 190 153 0 255 0
P 191 153 0 255 0
P 192 153 0 255 0
P 193 153 0 255 0
P 194 153 0 255 0
P 195 153 0 255 0
P 196 153 0 255 0
P 197 153 0 255 0
P 198 153 0 255 0
P 199 153 0 255 0
P 200 153 0 255 0
P 201 153 0 255 0
P 202 153 0 255 0
P 203 153 0 255 0
P 204 153 0 255 0
P 205 153 0 255 0
P 147 154 0 255 0
P 148 154 0 255 0
P 149 154 0 255 0
P 150 154 0 255 0
P 151 154 0 255 0
P 152 154 0 255 0
P 153 154 0 255 0
P 154 154 0 255 0
P 155 154 0 255 0
P 156 154 0 255 0
P 157 154 0 255 0
P 158 154 0 255 0
P 159 154 0 255 0
P 160 154 0 255 0
P 161 154 0 255 0
P 162 154 0 255 0
P 163 154 0 255 0
P 164 154 0 255 0
P 165 154 0 255 0
P 166 154 0 255 0
P 167 154 0 255 0
P 168 154 0 255 0
P 169 154 0 255 0
P 170 154 0 255 0
P 171 154 0 255 0
P 172 154 0 255 0
P 173 154 0 255 0
P 174 154 0 255 0
P 175 154 0 255 0
P 176 154 0 255 0
P 177 154 0 255 0
P 178 154 0 255 0
P 179 154 0 255 0
P 180 154 0 255 0
P 181 154 0 255 0
P 182 154 0 255 0
P 183 154 0 255 0
P 184 154 0 255 0
P 185 154 0 255 0
P 186 154 0 255 0
P 187 154 0 255 0
P 188 154 0 255 0
P 189 154 0 255 0
P 190 154 0 255 0
P 191 154 0 255 0
P 192 154 0 255 0
P 193 154 0 255 0
P 194 154 0 255 0
P 195 154 0 255 0
P 196 154 0 255 0
P 197 154 0 255 0
P 198 154 0 255 0
P 199 154 0 255 0
P 200 154 0 255 0
P 201 154 0 255 0
P 202 154 0 255 0
P 203 154 0 255 0
P 204 154 0 255 0
P 205 154 0 255 0
P 147 155 0 255 0
P 148 155 0 255 0
P 149 155 0 255 0
P 150 155 0 255 0
P 151 155 0 255 0
P 152 155 0 255 0
P 153 155 0 255 0
P 154 155 0 255 0
P 155 155 0 255 0
P 156 155 0 255 0
P 157 155 0 255 0
P 158 155 0 255 0
P 159 155 0 255 0
P 160 155 0 255 0
P 161 155 0 255 0
P 162 155 0 255 0
P 163 155 0 255 0
P 164 155 0 255 0
P 165 155 0 255 0
P 166 155 0 255 0
P 167 155 0 255 0
P 168 155 0 255 0
P 169 155 0 255 0
P 170 155 0 255 0
P 171 155 0 255 0
P 172 155 0 255 0
P 173 155 0 255 0
P 174 155 0 255 0
P 175 155 0 255 0
P 176 155 0 255 0
P 177 155 0 255 0
P 178 155 0 255 0
P 179 155 0 255 0
P 180 155 0 255 0
P 181 155 0 255 0
P 182 155 0 255 0
P 183 155 0 255 0
P 184 155 0 255 0
P 185 155 0 255 0
P 186 155 0 255 0
P 187 155 0 255 0
P 188 155 0 255 0
P 189 155 0 255 0
P 190 155 0 255 0
P 191 155 0 255 0
P 192 155 0 255 0
P 193 155 0 255 0
P 194 155 0 255 0
P 195 155 0 255 0
P 196 155 0 255 0
P 197 155 0 255 0
P 198 155 0 255 0
P 199 155 0 255 0
P 200 155 0 255 0
P 201 155 0 255 0
P 202 155 0 255 0
P 203 155 0 255 0
P 204 155 0 255 0
P 205 155 0 255 0
P 206 155 0 255 0
P 146 156 0 255 0
P 147 156 0 255 0
P 148 156 0 255 0
P 149 156 0 255 0
P 150 156 0 255 0
P 151 156 0 255 0
P 152 156 0 255 0
P 153 156 0 255 0
P 154 156 0 255 0
P 155 156 0 255 0
P 156 156 0 255 0
P 157 156 0 255 0
P 158 156 0 255 0
P 159 156 0 255 0
P 160 156 0 255 0
P 161 156 0 255 0
P 162 156 0 255 0
P 163 156 0 255 0
P 164 156 0 255 0
P 165 156 0 255 0
P 166 156 0 255 0
P 167 156 0 255 0
P 168 156 0 255 0
P 169 156 0 255 0
P 170 156 0 255 0
P 171 156 0 255 0
P 172 156 0 255 0
P 173 156 0 255 0
P 174 156 0 255 0
P 175 156 0 255 0
P 176 156 0 255 0
P 177 156 0 255 0
P 178 156 0 255 0
P 179 156 0 255 0
P 180 156 0 255 0
P 181 156 0 255 0
P 182 156 0 255 0
P 183 156 0 255 0
P 184 156 0 255 0
P 185 156 0 255 0
P 186 156 0 255 0
P 187 156 0 255 0
P 188 156 0 255 0
P 189 156 0 255 0
P 190 156 0 255 0
P 191 156 0 255 0
P 192 156 0 255 0
P 193 156 0 255 0
P 194 156 0 255 0
P 195 156 0 255 0
P 196 156 0 255 0
P 197 156 0 255 0
P 198 156 0 255 0
P 199 156 0 255 0
P 200 156 0 255 0
P 201 156 0 255 0
P 202 156 0 255 0
P 203 156 0 255 0
P 204 156 0 255 0
P 205 156 0 255 0
P 206 156 0 255 0
P 146 157 0 255 0
P 147 157 0 255 0
P 148 157 0 255 0
P 149 157 0 255 0
P 150 157 0 255 0
P 151 157 0 255 0
P 152 157 0 255 0
P 153 157 0 255 0
P 154 157 0 255 0
P 155 157 0 255 0
P 156 157 0 255 0
P 157 157 0 255 0
P 158 157 0 255 0
P 159 157 0 255 0
P 160 157 0 255 0
P 161 157 0 255 0
P 162 157 0 255 0
P 163 157 0 255 0
P 164 157 0 255 0
P 165 157 0 255 0
P 166 157 0 255 0
P 167 157 0 255 0
P 168 157 0 255 0
P 169 157 0 255 0
P 170 157 0 255 0
P 171 157 0 255 0
P 172 157 0 255 0
P 173 157 0 255 0
P 174 157 0 255 0
P 175 157 0 255 0
P 176 157 0 255 0
P 177 157 0 255 0
P 178 157 0 255 0
P 179 157 0 255 0
P 180 157 0 255 0
P 181 157 0 255 0
P 182 157 0 255 0
P 183 157 0 255 0
P 184 157 0 255 0
P 185 157 0 255 0
P 186 157 0 255 0
P 187 157 0 255 0
P 188 157 0 255 0
P 189 157 0 255 0
P 190 157 0 255 0
P 191 157 0 255 0
P 192 157 0 255 0
P 193 157 0 255 0
P 194 157 0 255 0
P 195 157 0 255 0
P 196 157 0 255 0
P 197 157 0 255 0
P 198 157 0 255 0
P 199 157 0 255 0
P 200 157 0 255 0
P 201 157 0 255 0
P 202 157 0 255 0
P 203 157 0 255 0
P 204 157 0 255 0
P 205 157 0 255 0
P 206 157 0 255 0
P 145 158 0 255 0
P 146 158 0 255 0
P 147 158 0 255 0
P 148 158 0 255 0
P 149 158 0 255 0
P 150 158 0 255 0
P 151 158 0 255 0
P 152 158 0 255 0
P 153 158 0 255 0
P 154 158 0 255 0
P 155 158 0 255 0
P 156 158 0 255 0
P 157 158 0 255 0
P 158 158 0 255 0
P 159 158 0 255 0
P 160 158 0 255 0
P 161 158 0 255 0
P 162 158 0 255 0
P 163 158 0 255 0
P 164 158 0 255 0
P 165 158 0 255 0
P 166 158 0 255 0
P 167 158 0 255 0
P 168 158 0 255 0
P 169 158 0 255 0
P 170 158 0 255 0
P 171 158 0 255 0
P 172 158 0 255 0
P 173 158 0 255 0
P 174 158 0 255 0
P 175 158 0 255 0
P 176 158 0 255 0
P 177 158 0 255 0
P 178 158 0 255 0
P 179 158 0 255 0
P 180 158 0 255 0
P 181 158 0 255 0
P 182 158 0 255 0
P 183 158 0 255 0
P 184 158 0 255 0
P 185 158 0 255 0
P 186 158 0 255 0
P 187 158 0 255 0
P 188 158 0 255 0
P 189 158 0 255 0
P 190 158 0 255 0
P 191 158 0 255 0
P 192 158 0 255 0
P 193 158 0 255 0
P 194 158 0 255 0
P 195 158 0 255 0
P 196 158 0 255 0
P 197 158 0 255 0
P 198 158 0 255 0
P 199 158 0 255 0
P 200 158 0 255 0
P 201 158 0 255 0
P 202 158 0 255 0
P 203 158 0 255 0
P 204 158 0 255 0
P 205 158 0 255 0
P 206 158 0 255 0
P 145 159 0 255 0
P 146 159 0 255 0
P 147 159 0 255 0
P 148 159 0 255 0
P 149 159 0 255 0
P 150 159 0 255 0
P 151 159 0 255 0
P 152 159 0 255 0
P 153 159 0 255 0
P 154 159 0 255 0
P 155 159 0 255 0
P 156 159 0 255 0
P 157 159 0 255 0
P 158 159 0 255 0
P 159 159 0 255 0
P 160 159 0 255 0
P 161 159 0 255 0
P 162 159 0 255 0
P 163 159 0 255 0
P 164 159 0 255 0
P 165 159 0 255 0
P 166 159 0 255 0
P 167 159 0 255 0
P 168 159 0 255 0
P 169 159 0 255 0
P 170 159 0 255 0
P 171 159 0 255 0
P 172 159 0 255 0
P 173 159 0 255 0
P 174 159 0 255 0
P 175 159 0 255 0
P 176 159 0 255 0
P 177 159 0 255 0
P 178 159 0 255 0
P 179 159 0 255 0
P 180 159 0 255 0
P 181 159 0 255 0
P 182 159 0 255 0
P 183 159 0 255 0
P 184 159 0 255 0
P 185 159 0 255 0
P 186 159 0 255 0
P 187 159 0 255 0
P 188 159 0 255 0
P 189 159 0 255 0
P 190 159 0 255 0
P 191 159 0 255 0
P 192 159 0 255 0
P 193 159 0 255 0
P 194 159 0 255 0
P 195 159 0 255 0
P 196 159 0 255 0
P 197 159 0 255 0
P 198 159 0 255 0
P 199 159 0 255 0
P 200 159 0 255 0
P 201 159 0 255 0
P 202 159 0 255 0
P 203 159 0 255 0
P 204 159 0 255 0
P 205 159 0 255 0
P 206 159 0 255 0
P 144 160 0 255 0
P 145 160 0 255 0
P 146 160 0 255 0
P 147 160 0 255 0
P 148 160 0 255 0
P 149 160 0 255 0
P 150 160 0 255 0
P 151 160 0 255 0
P 152 160 0 255 0
P 153 160 0 255 0
P 154 160 0 255 0
P 155 160 0 255 0
P 156 160 0 255 0
P 157 160 0 255 0
P 158 160 0 255 0
P 159 160 0 255 0
P 160 160 0 255 0
P 161 160 0 255 0
P 162 160 0 255 0
P 163 160 0 255 0
P 164 160 0 255 0
P 165 160 0 255 0
P 166 160 0 255 0
P 167 160 0 255 0
P 168 160 0 255 0
P 169 160 0 255 0
P 170 160 0 255 0
P 171 160 0 255 0
P 172 160 0 255 0
P 173 160 0 255 0
P 174 160 0 255 0
P 175 160 0 255 0
P 176 160 0 255 0
P 177 160 0 255 0
P 178 160 0 255 0
P 179 160 0 255 0
P 180 160 0 255 0
P 181 160 0 255 0
P 182 160 0 255 0
P 183 160 0 255 0
P 184 160 0 255 0
P 185 160 0 255 0
P 186 160 0 255 0
P 187 160 0 255 0
P 188 160 0 255 0
P 189 160 0 255 0
P 190 160 0 255 0
P 191 160 0 255 0
P 192 160 0 255 0
P 193 160 0 255 0
P 194 160 0 255 0
P 195 160 0 255 0
P 196 160 0 255 0
P 197 160 0 255 0
P 198 160 0 255 0
P 199 160 0 255 0
P 200 160 0 255 0
P 201 160 0 255 0
P 202 160 0 255 0
P 203 160 0 255 0
P 204 160 0 255 0
P 205 160 0 255 0
P 206 160 0 255 0
P 143 161 0 255 0
P 144 161 0 255 0
P 145 161 0 255 0
P 146 161 0 255 0
P 147 161 0 255 0
P 148 161 0 255 0
P 149 161 0 255 0
P 150 161 0 255 0
P 151 161 0 255 0
P 152 161 0 255 0
P 153 161 0 255 0
P 154 161 0 255 0
P 155 161 0 255 0
P 156 161 0 255 0
P 157 161 0 255 0
P 158 161 0 255 0
P 159 161 0 255 0
P 160 161 0 255 0
P 161 161 0 255 0
P 162 161 0 255 0
P 163 161 0 255 0
P 164 161 0 255 0
P 165 161 0 255 0
P 166 161 0 255 0
P 167 161 0 255 0
P 168 161 0 255 0
P 169 161 0 255 0
P 170 161 0 255 0
P 171 161 0 255 0
P 172 161 0 255 0
P 173 161 0 255 0
P 174 161 0 255 0
P 175 161 0 255 0
P 176 161 0 255 0
P 177 161 0 255 0
P 178 161 0 255 0
P 179 161 0 255 0
P 180 161 0 255 0
P 181 161 0 255 0
P 182 161 0 255 0
P 183 161 0 255 0
P 184 161 0 255 0
P 185 161 0 255 0
P 186 161 0 255 0
P 187 161 0 255 0
P 188 161 0 255 0
P 189 161 0 255 0
P 190 161 0 255 0
P 191 161 0 255 0
P 192 161 0 255 0
P 193 161 0 255 0
P 194 161 0 255 0
P 195 161 0 255 0
P 196 161 0 255 0
P 197 161 0 255 0
P 198 161 0 255 0
P 199 161 0 255 0
P 200 161 0 255 0
P 201 161 0 255 0
P 202 161 0 255 0
P 203 161 0 255 0
P 204 161 0 255 0
P 205 161 0 255 0
P 206 161 0 255 0
P 143 162 0 255 0
P 144 162 0 255 0
P 145 162 0 255 0
P 146 162 0 255 0
P 147 162 0 255 0
P 148 162 0 255 0
P 149 162 0 255 0
P 150 162 0 255 0
P 151 162 0 255 0
P 152 162 0 255 0
P 153 162 0 255 0
P 154 162 0 255 0
P 155 162 0 255 0
P 156 162 0 255 0
P 157 162 0 255 0
P 158 162 0 255 0
P 159 162 0 255 0
P 160 162 0 255 0
P 161 162 0 255 0
P 162 162 0 255 0
P 163 162 0 255 0
P 164 162 0 255 0
P 165 162 0 255 0
P 166 162 0 255 0
P 167 162 0 255 0
P 168 162 0 255 0
P 169 162 0 255 0
P 170 162 0 255 0
P 171 162 0 255 0
P 172 162 0 255 0
P 173 162 0 255 0
P 174 162 0 255 0
P 175 162 0 255 0
P 176 162 0 255 0
P 177 162 0 255 0
P 178 162 0 255 0
P 179 162 0 255 0
P 180 162 0 255 0
P 181 162 0 255 0
P 182 162 0 255 0
P 183 162 0 255 0
P 184 162 0 255 0
P 185 162 0 255 0
P 186 162 0 255 0
P 187 162 0 255 0
P 188 162 0 255 0
P 189 162 0 255 0
P 190 162 0 255 0
P 191 162 0 255 0
P 192 162 0 255 0
P 193 162 0 255 0
P 194 162 0 255 0
P 195 162 0 255 0
P 196 162 0 255 0
P 197 162 0 255 0
P 198 162 0 255 0
P 199 162 0 255 0
P 200 162 0 255 0
P 201 162 0 255 0
P 202 162 0 255 0
P 203 162 0 255 0
P 204 162 0 255 0
P 205 162 0 255 0
P 206 162 0 255 0
P 142 163 0 255 0
P 143 163 0 255 0
P 144 163 0 255 0
P 145 163 0 255 0
P 146 163 0 255 0
P 147 163 0 255 0
P 148 163 0 255 0
P 149 163 0 255 0
P 150 163 0 255 0
P 151 163 0 255 0
P 152 163 0 255 0
P 153 163 0 255 0
P 154 163 0 255 0
P 155 163 0 255 0
P 156 163 0 255 0
P 157 163 0 255 0
P 158 163 0 255 0
P 159 163 0 255 0
P 160 163 0 255 0
P 161 163 0 255 0
P 162 163 0 255 0
P 163 163 0 255 0
P 164 163 0 255 0
P 165 163 0 255 0
P 166 163 0 255 0
P 167 163 0 255 0
P 168 163 0 255 0
P 169 163 0 255 0
P 170 163 0 255 0
P 171 163 0 255 0
P 172 163 0 255 0
P 173 163 0 255 0
P 174 163 0 255 0
P 175 163 0 255 0
P 176 163 0 255 0
P 177 163 0 255 0
P 178 163 0 255 0
P 179 163 0 255 0
P 180 163 0 255 0
P 181 163 0 255 0
P 182 163 0 255 0
P 183 163 0 255 0
P 184 163 0 255 0
P 185 163 0 255 0
P 186 163 0 255 0
P 187 163 0 255 0
P 188 163 0 255 0
P 189 163 0 255 0
P 190 163 0 255 0
P 191 163 0 255 0
P 192 163 0 255 0
P 193 163 0 255 0
P 194 163 0 255 0
P 195 163 0 255 0
P 196 163 0 255 0
P 197 163 0 255 0
P 198 163 0 255 0
P 199 163 0 255 0
P 200 163 0 255 0
P 201 163 0 255 0
P 202 163 0 255 0
P 203 163 0 255 0
P 204 163 0 255 0
P 205 163 0 255 0
P 206 163 0 255 0
P 142 164 0 255 0
P 143 164 0 255 0
P 144 164 0 255 0
P 145 164 0 255 0
P 146 164 0 255 0
P 147 164 0 255 0
P 148 164 0 255 0
P 149 164 0 255 0
P 150 164 0 255 0
P 151 164 0 255 0
P 152 164 0 255 0
P 153 164 0 255 0
P 154 164 0 255 0
P 155 164 0 255 0
P 156 164 0 255 0
P 157 164 0 255 0
P 158 164 0 255 0
P 159 164 0 255 0
P 160 164 0 255 0
P 161 164 0 255 0
P 162 164 0 255 0
P 163 164 0 255 0
P 164 164 0 255 0
P 165 164 0 255 0
P 166 164 0 255 0
P 167 164 0 255 0
P 168 164 0 255 0
P 169 164 0 255 0
P 170 164 0 255 0
P 171 164 0 255 0
P 172 164 0 255 0
P 173 164 0 255 0
P 174 164 0 255 0
P 175 164 0 255 0
P 176 164 0 255 0
P 177 164 0 255 0
P 178 164 0 255 0
P 179 164 0 255 0
P 180 164 0 255 0
P 181 164 0 255 0
P 182 164 0 255 0
P 183 164 0 255 0
P 184 164 0 255 0
P 185 164 0 255 0
P 186 164 0 255 0
P 187 164 0 255 0
P 188 164 0 255 0
P 189 164 0 255 0
P 190 164 0 255 0
P 191 164 0 255 0
P 192 164 0 255 0
P 193 164 0 255 0
P 194 164 0 255 0
P 195 164 0 255 0
P 196 164 0 255 0
P 197 164 0 255 0
P 198 164 0 255 0
P 199 164 0 255 0
P 200 164 0 255 0
P 201 164 0 255 0
P 202 164 0 255 0
P 203 164 0 255 0
P 204 164 0 255 0
P 205 164 0 255 0
P 206 164 0 255 0
P 141 165 0 255 0
P 142 165 0 255 0
P 143 165 0 255 0
P 144 165 0 255 0
P 145 165 0 255 0
P 146 165 0 255 0
P 147 165 0 255 0
P 148 165 0 255 0
P 149 165 0 255 0
P 150 165 0 255 0
P 151 165 0 255 0
P 152 165 0 255 0
P 153 165 0 255 0
P 154 165 0 255 0
P 155 165 0 255 0
P 156 165 0 255 0
P 157 165 0 255 0
P 158 165 0 255 0
P 159 165 0 255 0
P 160 165 0 255 0
P 161 165 0 255 0
P 162 165 0 255 0
P 163 165 0 255 0
P 164 165 0 255 0
P 165 165 0 255 0
P 166 165 0 255 0
P 167 165 0 255 0
P 168 165 0 255 0
P 169 165 0 255 0
P 170 165 0 255 0
P 171 165 0 255 0
P 172 165 0 255 0
P 173 165 0 255 0
P 174 165 0 255 0
P 175 165 0 255 0
P 176 165 0 255 0
P 177 165 0 255 0
P 178 165 0 255 0
P 179 165 0 255 0
P 180 165 0 255 0
P 181 165 0 255 0
P 182 165 0 255 0
P 183 165 0 255 0
P 184 165 0 255 0
P 185 165 0 255 0
P 186 165 0 255 0
P 187 165 0 255 0
P 188 165 0 255 0
P 189 165 0 255 0
P 190 165 0 255 0
P 191 165 0 255 0
P 192 165 0 255 0
P 193 165 0 255 0
P 194 165 0 255 0
P 195 165 0 255 0
P 196 165 0 255 0
P 197 165 0 255 0
P 198 165 0 255 0
P 199 165 0 255 0
P 200 165 0 255 0
P 201 165 0 255 0
P 202 165 0 255 0
P 203 165 0 255 0
P 204 165 0 255 0
P 205 165 0 255 0
P 206 165 0 255 0
P 140 166 0 255 0
P 141 166 0 255 0
P 142 166 0 255 0
P 143 166 0 255 0
P 144 166 0 255 0
P 145 166 0 255 0
P 146 166 0 255 0
P 147 166 0 255 0
P 148 166 0 255 0
P 149 166 0 255 0
P 150 166 0 255 0
P 151 166 0 255 0
P 152 166 0 255 0
P 153 166 0 255 0
P 154 166 0 255 0
P 155 166 0 255 0
P 156 166 0 255 0
P 157 166 0 255 0
P 158 166 0 255 0
P 159 166 0 255 0
P 160 166 0 255 0
P 161 166 0 255 0
P 162 166 0 255 0
P 163 166 0 255 0
P 164 166 0 255 0
P 165 166 0 255 0
P 166 166 0 255 0
P 167 166 0 255 0
P 168 166 0 255 0
P 169 166 0 255 0
P 170 166 0 255 0
P 171 166 0 255 0
P 172 166 0 255 0
P 173 166 0 255 0
P 174 166 0 255 0
P 175 166 0 255 0
P 176 166 0 255 0
P 177 166 0 255 0
P 178 166 0 255 0
P 179 166 0 255 0
P 180 166 0 255 0
P 181 166 0 255 0
P 182 166 0 255 0
P 183 166 0 255 0
P 184 166 0 255 0
P 185 166 0 255 0
P 186 166 0 255 0
P 187 166 0 255 0
P 188 166 0 255 0
P 189 166 0 255 0
P 190 166 0 255 0
P 191 166 0 255 0
P 192 166 0 255 0
P 193 166 0 255 0
P 194 166 0 255 0
P 195 166 0 255 0
P 196 166 0 255 0
P 197 166 0 255 0
P 198 166 0 255 0
P 199 166 0 255 0
P 200 166 0 255 0
P 201 166 0 255 0
P 202 166 0 255 0
P 203 166 0 255 0
P 204 166 0 255 0
P 205 166 0 255 0
P 206 166 0 255 0
P 140 167 0 255 0
P 141 167 0 255 0
P 142 167 0 255 0
P 143 167 0 255 0
P 144 167 0 255 0
P 145 167 0 255 0
P 146 167 0 255 0
P 147 167 0 255 0
P 148 167 0 255 0
P 149 167 0 255 0
P 150 167 0 255 0
P 151 167 0 255 0
P 152 167 0 255 0
P 153 167 0 255 0
P 154 167 0 255 0
P 155 167 0 255 0
P 156 167 0 255 0
P 157 167 0 255 0
P 158 167 0 255 0
P 159 167 0 255 0
P 160 167 0 255 0
P 161 167 0 255 0
P 162 167 0 255 0
P 163 167 0 255 0
P 164 167 0 255 0
P 165 167 0 255 0
P 166 167 0 255 0
P 167 167 0 255 0
P 168 167 0 255 0
P 169 167 0 255 0
P 170 167 0 255 0
P 171 167 0 255 0
P 172 167 0 255 0
P 173 167 0 255 0
P 174 167 0 255 0
P 175 167 0 255 0
P 176 167 0 255 0
P 177 167 0 255 0
P 178 167 0 255 0
P 179 167 0 255 0
P 180 167 0 255 0
P 181 167 0 255 0
P 182 167 0 255 0
P 183 167 0 255 0
P 184 167 0 255 0
P 185 167 0 255 0
P 186 167 0 255 0
P 187 167 0 255 0
P 188 167 0 255 0
P 189 167 0 255 0
P 190 167 0 255 0
P 191 167 0 255 0
P 192 167 0 255 0
P 193 167 0 255 0
P 194 167 0 255 0
P 195 167 0 255 0
P 196 167 0 255 0
P 197 167 0 255 0
P 198 167 0 255 0
P 199 167 0 255 0
P 200 167 0 255 0
P 201 167 0 255 0
P 202 167 0 255 0
P 203 167 0 255 0
P 204 167 0 255 0
P 205 167 0 255 0
P 206 167 0 255 0
P 139 168 0 255 0
P 140 168 0 255 0
P 141 168 0 255 0
P 142 168 0 255 0
P 143 168 0 255 0
P 144 168 0 255 0
P 145 168 0 255 0
P 146 168 0 255 0
P 147 168 0 255 0
P 148 168 0 255 0
P 149 168 0 255 0
P 150 168 0 255 0
P 151 168 0 255 0
P 152 168 0 255 0
P 153 168 0 255 0
P 154 168 0 255 0
P 155 168 0 255 0
P 156 168 0 255 0
P 157 168 0 255 0
P 158 168 0 255 0
P 159 168 0 255 0
P 160 168 0 255 0
P 161 168 0 255 0
P 162 168 0 255 0
P 163 168 0 255 0
P 164 168 0 255 0
P 165 168 0 255 0
P 166 168 0 255 0
P 167 168 0 255 0
P 168 168 0 255 0
P 169 168 0 255 0
P 170 168 0 255 0
P 171 168 0 255 0
P 172 168 0 255 0
P 173 168 0 255 0
P 174 168 0 255 0
P 175 168 0 255 0
P 176 168 0 255 0
P 177 168 0 255 0
P 178 168 0 255 0
P 179 168 0 255 0
P 180 168 0 255 0
P 181 168 0 255 0
P 182 168 0 255 0
P 183 168 0 255 0
P 184 168 0 255 0
P 185 168 0 255 0
P 186 168 0 255 0
P 187 168 0 255 0
P 188 168 0 255 0
P 189 168 0 255 0
P 190 168 0 255 0
P 191 168 0 255 0
P 192 168 0 255 0
P 193 168 0 255 0
P 194 168 0 255 0
P 195 168 0 255 0
P 196 168 0 255 0
P 197 168 0 255 0
P 198 168 0 255 0
P 199 168 0 255 0
P 200 168 0 255 0
P 201 168 0 255 0
P 202 168 0 255 0
P 203 168 0 255 0
P 204 168 0 255 0
P 205 168 0 255 0
P 206 168 0 255 0
P 139 169 0 255 0
P 140 169 0 255 0
P 141 169 0 255 0
P 142 169 0 255 0
P 143 169 0 255 0
P 144 169 0 255 0
P 145 169 0 255 0
P 146 169 0 255 0
P 147 169 0 255 0
P 148 169 0 255 0
P 149 169 0 255 0
P 150 169 0 255 0
P 151 169 0 255 0
P 152 169 0 255 0
P 153 169 0 255 0
P 154 169 0 255 0
P 155 169 0 255 0
P 156 169 0 255 0
P 157 169 0 255 0
P 158 169 0 255 0
P 159 169 0 255 0
P 160 169 0 255 0
P 161 169 0 255 0
P 162 169 0 255 0
P 163 169 0 255 0
P 164 169 0 255 0
P 165 169 0 255 0
P 166 169 0 255 0
P 167 169 0 255 0
P 168 169 0 255 0
P 169 169 0 255 0
P 170 169 0 255 0
P 171 169 0 255 0
P 172 169 0 255 0
P 173 169 0 255 0
P 174 169 0 255 0
P 175 169 0 255 0
P 176 169 0 255 0
P 177 169 0 255 0
P 178 169 0 255 0
P 179 169 0 255 0
P 180 169 0 255 0
P 181 169 0 255 0
P 182 169 0 255 0
P 183 169 0 255 0
P 184 169 0 255 0
P 185 169 0 255 0
P 186 169 0 255 0
P 187 169 0 255 0
P 188 169 0 255 0
P 189 169 0 255 0
P 190 169 0 255 0
P 191 169 0 255 0
P 192 169 0 255 0
P 193 169 0 255 0
P 194 169 0 255 0
P 195 169 0 255 0
P 196 169 0 255 0
P 197 169 0 255 0
P 198 169 0 255 0
P 199 169 0 255 0
P 200 169 0 255 0
P 201 169 0 255 0
P 202 169 0 255 0
P 203 169 0 255 0
P 204 169 0 255 0
P 205 169 0 255 0
P 206 169 0 255 0
P 207 169 0 255 0
P 138 170 0 255 0
P 139 170 0 255 0
P 140 170 0 255 0
P 141 170 0 255 0
P 142 170 0 255 0
P 143 170 0 255 0
P 144 170 0 255 0
P 145 170 0 255 0
P 146 170 0 255 0
P 147 170 0 255 0
P 148 170 0 255 0
P 149 170 0 255 0
P 150 170 0 255 0
P 151 170 0 255 0
P 152 170 0 255 0
P 153 170 0 255 0
P 154 170 0 255 0
P 155 170 0 255 0
P 156 170 0 255 0
P 157 170 0 255 0
P 158 170 0 255 0
P 159 170 0 255 0
P 160 170 0 255 0
P 161 170 0 255 0
P 162 170 0 255 0
P 163 170 0 255 0
P 164 170 0 255 0
P 165 170 0 255 0
P 166 170 0 255 0
P 167 170 0 255 0
P 168 170 0 255 0
P 169 170 0 255 0
P 170 170 0 255 0
P 171 170 0 255 0
P 172 170 0 255 0
P 173 170 0 255 0
P 174 170 0 255 0
P 175 170 0 255 0
P 176 170 0 255 0
P 177 170 0 255 0
P 178 170 0 255 0
P 179 170 0 255 0
P 180 170 0 255 0
P 181 170 0 255 0
P 182 170 0 255 0
P 183 170 0 255 0
P 184 170 0 255 0
P 185 170 0 255 0
P 186 170 0 255 0
P 187 170 0 255 0
P 188 170 0 255 0
P 189 170 0 255 0
P 190 170 0 255 0
P 191 170 0 255 0
P 192 170 0 255 0
P 193 170 0 255 0
P 194 170 0 255 0
P 195 170 0 255 0
P 196 170 0 255 0
P 197 170 0 255 0
P 198 170 0 255 0
P 199 170 0 255 0
P 200 170 0 255 0
P 201 170 0 255 0
P 202 170 0 255 0
P 203 170 0 255 0
P 204 170 0 255 0
P 205 170 0 255 0
P 206 170 0 255 0
P 207 170 0 255 0
P 138 171 0 255 0
P 139 171 0 255 0
P 140 171 0 255 0
P 141 171 0 255 0
P 142 171 0 255 0
P 143 171 0 255 0
P 144 171 0 255 0
P 145 171 0 255 0
P 146 171 0 255 0
P 147 171 0 255 0
P 148 171 0 255 0
P 149 171 0 255 0
P 150 171 0 255 0
P 151 171 0 255 0
P 152 171 0 255 0
P 153 171 0 255 0
P 154 171 0 255 0
P 155 171 0 255 0
P 156 171 0 255 0
P 157 171 0 255 0
P 158 171 0 255 0
P 159 171 0 255 0
P 160 171 0 255 0
P 161 171 0 255 0
P 162 171 0 255 0
P 163 171 0 255 0
P 164 171 0 255 0
P 165 171 0 255 0
P 166 171 0 255 0
P 167 171 0 255 0
P 168 171 0 255 0
P 169 171 0 255 0
P 170 171 0 255 0
P 171 171 0 255 0
P 172 171 0 255 0
P 173 171 0 255 0
P 174 171 0 255 0
P 175 171 0 255 0
P 176 171 0 255 0
P 177 171 0 255 0
P 178 171 0 255 0
P 179 171 0 255 0
P 180 171 0 255 0
P 181 171 0 255 0
P 182 171 0 255 0
P 183 171 0 255 0
P 184 171 0 255 0
P 185 171 0 255 0
P 186 171 0 255 0
P 187 171 0 255 0
P 188 171 0 255 0
P 189 171 0 255 0
P 190 171 0 255 0
P 191 171 0 255 0
P 192 171 0 255 0
P 193 171 0 255 0
P 194 171 0 255 0
P 195 171 0 255 0
P 196 171 0 255 0
P 197 171 0 255 0
P 198 171 0 255 0
P 199 171 0 255 0
P 200 171 0 255 0
P 201 171 0 255 0
P 202 171 0 255 0
P 203 171 0 255 0
P 204 171 0 255 0
P 205 171 0 255 0
P 206 171 0 255 0
P 207 171 0 255 0
P 137 172 0 255 0
P 138 172 0 255 0
P 139 172 0 255 0
P 140 172 0 255 0
P 141 172 0 255 0
P 142 172 0 255 0
P 143 172 0 255 0
P 144 172 0 255 0
P 145 172 0 255 0
P 146 172 0 255 0
P 147 172 0 255 0
P 148 172 0 255 0
P 149 172 0 255 0
P 150 172 0 255 0
P 151 172 0 255 0
P 152 172 0 255 0
P 153 172 0 255 0
P 154 172 0 255 0
P 155 172 0 255 0
P 156 172 0 255 0
P 157 172 0 255 0
P 158 172 0 255 0
P 159 172 0 255 0
P 160 172 0 255 0
P 161 172 0 255 0
P 162 172 0 255 0
P 163 172 0 255 0
P 164 172 0 255 0
P 165 172 0 255 0
P 166 172 0 255 0
P 167 172 0 255 0
P 168 172 0 255 0
P 169 172 0 255 0
P 170 172 0 255 0
P 171 172 0 255 0
P 172 172 0 255 0
P 173 172 0 255 0
P 174 172 0 255 0
P 175 172 0 255 0
P 176 172 0 255 0
P 177 172 0 255 0
P 178 172 0 255 0
P 179 172 0 255 0
P 180 172 0 255 0
P 181 172 0 255 0
P 182 172 0 255 0
P 183 172 0 255 0
P 184 172 0 255 0
P 185 172 0 255 0
P 186 172 0 255 0
P 187 172 0 255 0
P 188 172 0 255 0
P 189 172 0 255 0
P 190 172 0 255 0
P 191 172 0 255 0
P 192 172 0 255 0
P 193 172 0 255 0
P 194 172 0 255 0
P 195 172 0 255 0
P 196 172 0 255 0
P 197 172 0 255 0
P 198 172 0 255 0
P 199 172 0 255 0
P 200 172 0 255 0
P 201 172 0 255 0
P 202 172 0 255 0
P 203 172 0 255 0
P 204 172 0 255 0
P 205 172 0 255 0
P 206 172 0 255 0
P 207 172 0 255 0
P 136 173 0 255 0
P 137 173 0 255 0
P 138 173 0 255 0
P 139 173 0 255 0
P 140 173 0 255 0
P 141 173 0 255 0
P 142 173 0 255 0
P 143 173 0 255 0
P 144 173 0 255 0
P 145 173 0 255 0
P 146 173 0 255 0
P 147 173 0 255 0
P 148 173 0 255 0
P 149 173 0 255 0
P 150 173 0 255 0
P 151 173 0 255 0
P 152 173 0 255 0
P 153 173 0 255 0
P 154 173 0 255 0
P 155 173 0 255 0
P 156 173 0 255 0
P 157 173 0 255 0
P 158 173 0 255 0
P 159 173 0 255 0
P 160 173 0 255 0
P 161 173 0 255 0
P 162 173 0 255 0
P 163 173 0 255 0
P 164 173 0 255 0
P 165 173 0 255 0
P 166 173 0 255 0
P 167 173 0 255 0
P 168 173 0 255 0
P 169 173 0 255 0
P 170 173 0 255 0
P 171 173 0 255 0
P 172 173 0 255 0
P 173 173 0 255 0
P 174 173 0 255 0
P 175 173 0 255 0
P 176 173 0 255 0
P 177 173 0 255 0
P 178 173 0 255 0
P 179 173 0 255 0
P 180 173 0 255 0
P 181 173 0 255 0
P 182 173 0 255 0
P 183 173 0 255 0
P 184 173 0 255 0
P 185 173 0 255 0
P 186 173 0 255 0
P 187 173 0 255 0
P 188 173 0 255 0
P 189 173 0 255 0
P 190 173 0 255 0
P 191 173 0 255 0
P 192 173 0 255 0
P 193 173 0 255 0
P 194 173 0 255 0
P 195 173 0 255 0
P 196 173 0 255 0
P 197 173 0 255 0
P 198 173 0 255 0
P 199 173 0 255 0
P 200 173 0 255 0
P 201 173 0 255 0
P 202 173 0 255 0
P 203 173 0 255 0
P 204 173 0 255 0
P 205 173 0 255 0
P 206 173 0 255 0
P 207 173 0 255 0
P 136 174 0 255 0
P 137 174 0 255 0
P 138 174 0 255 0
P 139 174 0 255 0
P 140 174 0 255 0
P 141 174 0 255 0
P 142 174 0 255 0
P 143 174 0 255 0
P 144 174 0 255 0
P 145 174 0 255 0
P 146 174 0 255 0
P 147 174 0 255 0
P 148 174 0 255 0
P 149 174 0 255 0
P 150 174 0 255 0
P 151 174 0 255 0
P 152 174 0 255 0
P 153 174 0 255 0
P 154 174 0 255 0
P 155 174 0 255 0
P 156 174 0 255 0
P 157 174 0 255 0
P 158 174 0 255 0
P 159 174 0 255 0
P 160 174 0 255 0
P 161 174 0 255 0
P 162 174 0 255 0
P 163 174 0 255 0
P 164 174 0 255 0
P 165 174 0 255 0
P 166 174 0 255 0
P 167 174 0 255 0
P 168 174 0 255 0
P 169 174 0 255 0
P 170 174 0 255 0
P 171 174 0 255 0
P 172 174 0 255 0
P 173 174 0 255 0
P 174 174 0 255 0
P 175 174 0 255 0
P 176 174 0 255 0
P 177 174 0 255 0
P 178 174 0 255 0
P 179 174 0 255 0
P 180 174 0 255 0
P 181 174 0 255 0
P 182 174 0 255 0
P 183 174 0 255 0
P 184 174 0 255 0
P 185 174 0 255 0
P 186 174 0 255 0
P 187 174 0 255 0
P 188 174 0 255 0
P 189 174 0 255 0
P 190 174 0 255 0
P 191 174 0 255 0
P 192 174 0 255 0
P 193 174 0 255 0
P 194 174 0 255 0
P 195 174 0 255 0
P 196 174 0 255 0
P 197 174 0 255 0
P 198 174 0 255 0
P 199 174 0 255 0
P 200 174 0 255 0
P 201 174 0 255 0
P 202 174 0 255 0
P 203 174 0 255 0
P 204 174 0 255 0
P 205 174 0 255 0
P 206 174 0 255 0
P 207 174 0 255 0
P 135 175 0 255 0
P 136 175 0 255 0
P 137 175 0 255 0
P 138 175 0 255 0
P 139 175 0 255 0
P 140 175 0 255 0
P 141 175 0 255 0
P 142 175 0 255 0
P 143 175 0 255 0
P 144 175 0 255 0
P 145 175 0 255 0
P 146 175 0 255 0
P 147 175 0 255 0
P 148 175 0 255 0
P 149 175 0 255 0
P 150 175 0 255 0
P 151 175 0 255 0
P 152 175 0 255 0
P 153 175 0 255 0
P 154 175 0 255 0
P 155 175 0 255 0
P 156 175 0 255 0
P 157 175 0 255 0
P 158 175 0 255 0
P 159 175 0 255 0
P 160 175 0 255 0
P 161 175 0 255 0
P 162 175 0 255 0
P 163 175 0 255 0
P 164 175 0 255 0
P 165 175 0 255 0
P 166 175 0 255 0
P 167 175 0 255 0
P 168 175 0 255 0
P 169 175 0 255 0
P 170 175 0 255 0
P 171 175 0 255 0
P 172 175 0 255 0
P 173 175 0 255 0
P 174 175 0 255 0
P 175 175 0 255 0
P 176 175 0 255 0
P 177 175 0 255 0
P 178 175 0 255 0
P 179 175 0 255 0
P 180 175 0 255 0
P 181 175 0 255 0
P 182 175 0 255 0
P 183 175 0 255 0
P 184 175 0 255 0
P 185 175 0 255 0
P 186 175 0 255 0
P 187 175 0 255 0
P 188 175 0 255 0
P 189 175 0 255 0
P 190 175 0 255 0
P 191 175 0 255 0
P 192 175 0 255 0
P 193 175 0 255 0
P 194 175 0 255 0
P 195 175 0 255 0
P 196 175 0 255 0
P 197 175 0 255 0
P 198 175 0 255 0
P 199 175 0 255 0
P 200 175 0 255 0
P 201 175 0 255 0
P 202 175 0 255 0
P 203 175 0 255 0
P 204 175 0 255 0
P 205 175 0 255 0
P 206 175 0 255 0
P 207 175 0 255 0
P 135 176 0 255 0
P 136 176 0 255 0
P 137 176 0 255 0
P 138 176 0 255 0
P 139 176 0 255 0
P 140 176 0 255 0
P 141 176 0 255 0
P 142 176 0 255 0
P 143 176 0 255 0
P 144 176 0 255 0
P 145 176 0 255 0
P 146 176 0 255 0
P 147 176 0 255 0
P 148 176 0 255 0
P 149 176 0 255 0
P 150 176 0 255 0
P 151 176 0 255 0
P 152 176 0 255 0
P 153 176 0 255 0
P 154 176 0 255 0
P 155 176 0 255 0
P 156 176 0 255 0
P 157 176 0 255 0
P 158 176 0 255 0
P 159 176 0 255 0
P 160 176 0 255 0
P 161 176 0 255 0
P 162 176 0 255 0
P 163 176 0 255 0
P 164 176 0 255 0
P 165 176 0 255 0
P 166 176 0 255 0
P 167 176 0 255 0
P 168 176 0 255 0
P 169 176 0 255 0
P 170 176 0 255 0
P 171 176 0 255 0
P 172 176 0 255 0
P 173 176 0 255 0
P 174 176 0 255 0
P 175 176 0 255 0
P 176 176 0 255 0
P 177 176 0 255 0
P 178 176 0 255 0
P 179 176 0 255 0
P 180 176 0 255 0
P 181 176 0 255 0
P 182 176 0 255 0
P 183 176 0 255 0
P 184 176 0 255 0
P 185 176 0 255 0
P 186 176 0 255 0
P 187 176 0 255 0
P 188 176 0 255 0
P 189 176 0 255 0
P 190 176 0 255 0
P 191 176 0 255 0
P 192 176 0 255 0
P 193 176 0 255 0
P 194 176 0 255 0
P 195 176 0 255 0
P 196 176 0 255 0
P 197 176 0 255 0
P 198 176 0 255 0
P 199 176 0 255 0
P 200 176 0 255 0
P 201 176 0 255 0
P 202 176 0 255 0
P 203 176 0 255 0
P 204 176 0 255 0
P 134 177 0 255 0
P 135 177 0 255 0
P 136 177 0 255 0
P 137 177 0 255 0
P 138 177 0 255 0
P 139 177 0 255 0
P 140 177 0 255 0
P 141 177 0 255 0
P 142 177 0 255 0
P 143 177 0 255 0
P 144 177 0 255 0
P 145 177 0 255 0
P 146 177 0 255 0
P 147 177 0 255 0
P 148 177 0 255 0
P 149 177 0 255 0
P 150 177 0 255 0
P 151 177 0 255 0
P 152 177 0 255 0
P 153 177 0 255 0
P 154 177 0 255 0
P 155 177 0 255 0
P 156 177 0 255 0
P 157 177 0 255 0
P 158 177 0 255 0
P 159 177 0 255 0
P 160 177 0 255 0
P 161 177 0 255 0
P 162 177 0 255 0
P 163 177 0 255 0
P 164 177 0 255 0
P 165 177 0 255 0
P 166 177 0 255 0
P 167 177 0 255 0
P 168 177 0 255 0
P 169 177 0 255 0
P 170 177 0 255 0
P 171 177 0 255 0
P 172 177 0 255 0
P 173 177 0 255 0
P 174 177 0 255 0
P 175 177 0 255 0
P 176 177 0 255 0
P 177 177 0 255 0
P 178 177 0 255 0
P 179 177 0 255 0
P 180 177 0 255 0
P 181 177 0 255 0
P 182 177 0 255 0
P 183 177 0 255 0
P 184 177 0 255 0
P 185 177 0 255 0
P 186 177 0 255 0
P 187 177 0 255 0
P 188 177 0 255 0
P 189 177 0 255 0
P 190 177 0 255 0
P 191 177 0 255 0
P 192 177 0 255 0
P 193 177 0 255 0
P 194 177 0 255 0
P 195 177 0 255 0
P 196 177 0 255 0
P 197 177 0 255 0
P 134 178 0 255 0
P 135 178 0 255 0
P 136 178 0 255 0
P 137 178 0 255 0
P 138 178 0 255 0
P 139 178 0 255 0
P 140 178 0 255 0
P 141 178 0 255 0
P 142 178 0 255 0
P 143 178 0 255 0
P 144 178 0 255 0
P 145 178 0 255 0
P 146 178 0 255 0
P 147 178 0 255 0
P 148 178 0 255 0
P 149 178 0 255 0
P 150 178 0 255 0
P 151 178 0 255 0
P 152 178 0 255 0
P 153 178 0 255 0
P 154 178 0 255 0
P 155 178 0 255 0
P 156 178 0 255 0
P 157 178 0 255 0
P 158 178 0 255 0
P 159 178 0 255 0
P 160 178 0 255 0
P 161 178 0 255 0
P 162 178 0 255 0
P 163 178 0 255 0
P 164 178 0 255 0
P 165 178 0 255 0
P 166 178 0 255 0
P 167 178 0 255 0
P 168 178 0 255 0
P 169 178 0 255 0
P 170 178 0 255 0
P 171 178 0 255 0
P 172 178 0 255 0
P 173 178 0 255 0
P 174 178 0 255 0
P 175 178 0 255 0
P 176 178 0 255 0
P 177 178 0 255 0
P 178 178 0 255 0
P 179 178 0 255 0
P 180 178 0 255 0
P 181 178 0 255 0
P 182 178 0 255 0
P 183 178 0 255 0
P 184 178 0 255 0
P 185 178 0 255 0
P 186 178 0 255 0
P 187 178 0 255 0
P 188 178 0 255 0
P 189 178 0 255 0
P 190 178 0 255 0
P 133 179 0 255 0
P 134 179 0 255 0
P 135 179 0 255 0
P 136 179 0 255 0
P 137 179 0 255 0
P 138 179 0 255 0
P 139 179 0 255 0
P 140 179 0 255 0
P 141 179 0 255 0
P 142 179 0 255 0
P 143 179 0 255 0
P 144 179 0 255 0
P 145 179 0 255 0
P 146 179 0 255 0
P 147 179 0 255 0
P 148 179 0 255 0
P 149 179 0 255 0
P 150 179 0 255 0
P 151 179 0 255 0
P 152 179 0 255 0
P 153 179 0 255 0
P 154 179 0 255 0
P 155 179 0 255 0
P 156 179 0 255 0
P 157 179 0 255 0
P 158 179 0 255 0
P 159 179 0 255 0
P 160 179 0 255 0
P 161 179 0 255 0
P 162 179 0 255 0
P 163 179 0 255 0
P 164 179 0 255 0
P 165 179 0 255 0
P 166 179 0 255 0
P 167 179 0 255 0
P 168 179 0 255 0
P 169 179 0 255 0
P 170 179 0 255 0
P 171 179 0 255 0
P 172 179 0 255 0
P 173 179 0 255 0
P 174 179 0 255 0
P 175 179 0 255 0
P 176 179 0 255 0
P 177 179 0 255 0
P 178 179 0 255 0
P 179 179 0 255 0
P 180 179 0 255 0
P 181 179 0 255 0
P 182 179 0 255 0
P 183 179 0 255 0
P 184 179 0 255 0
P 132 180 0 255 0
P 133 180 0 255 0
P 134 180 0 255 0
P 135 180 0 255 0
P 136 180 0 255 0
P 137 180 0 255 0
P 138 180 0 255 0
P 139 180 0 255 0
P 140 180 0 255 0
P 141 180 0 255 0
P 142 180 0 255 0
P 143 180 0 255 0
P 144 180 0 255 0
P 145 180 0 255 0
P 146 180 0 255 0
P 147 180 0 255 0
P 148 180 0 255 0
P 149 180 0 255 0
P 150 180 0 255 0
P 151 180 0 255 0
P 152 180 0 255 0
P 153 180 0 255 0
P 154 180 0 255 0
P 155 180 0 255 0
P 156 180 0 255 0
P 157 180 0 255 0
P 158 180 0 255 0
P 159 180 0 255 0
P 160 180 0 255 0
P 161 180 0 255 0
P 162 180 0 255 0
P 163 180 0 255 0
P 164 180 0 255 0
P 165 180 0 255 0
P 166 180 0 255 0
P 167 180 0 255 0
P 168 180 0 255 0
P 169 180 0 255 0
P 170 180 0 255 0
P 171 180 0 255 0
P 172 180 0 255 0
P 173 180 0 255 0
P 174 180 0 255 0
P 175 180 0 255 0
P 176 180 0 255 0
P 177 180 0 255 0
P 132 181 0 255 0
P 133 181 0 255 0
P 134 181 0 255 0
P 135 181 0 255 0
P 136 181 0 255 0
P 137 181 0 255 0
P 138 181 0 255 0
P 139 181 0 255 0
P 140 181 0 255 0
P 141 181 0 255 0
P 142 181 0 255 0
P 143 181 0 255 0
P 144 181 0 255 0
P 145 181 0 255 0
P 146 181 0 255 0
P 147 181 0 255 0
P 148 181 0 255 0
P 149 181 0 255 0
P 150 181 0 255 0
P 151 181 0 255 0
P 152 181 0 255 0
P 153 181 0 255 0
P 154 181 0 255 0
P 155 181 0 255 0
P 156 181 0 255 0
P 157 181 0 255 0
P 158 181 0 255 0
P 159 181 0 255 0
P 160 181 0 255 0
P 161 181 0 255 0
P 162 181 0 255 0
P 163 181 0 255 0
P 164 181 0 255 0
P 165 181 0 255 0
P 166 181 0 255 0
P 167 181 0 255 0
P 168 181 0 255 0
P 169 181 0 255 0
P 170 181 0 255 0
P 131 182 0 255 0
P 132 182 0 255 0
P 133 182 0 255 0
P 134 182 0 255 0
P 135 182 0 255 0
P 136 182 0 255 0
P 137 182 0 255 0
P 138 182 0 255 0
P 139 182 0 255 0
P 140 182 0 255 0
P 141 182 0 255 0
P 142 182 0 255 0
P 143 182 0 255 0
P 144 182 0 255 0
P 145 182 0 255 0
P 146 182 0 255 0
P 147 182 0 255 0
P 148 182 0 255 0
P 149 182 0 255 0
P 150 182 0 255 0
P 151 182 0 255 0
P 152 182 0 255 0
P 153 182 0 255 0
P 154 182 0 255 0
P 155 182 0 255 0
P 156 182 0 255 0
P 157 182 0 255 0
P 158 182 0 255 0
P 159 182 0 255 0
P 160 182 0 255 0
P 161 182 0 255 0
P 162 182 0 255 0
P 163 182 0 255 0
P 164 182 0 255 0
P 131 183 0 255 0
P 132 183 0 255 0
P 133 183 0 255 0
P 134 183 0 255 0
P 135 183 0 255 0
P 136 183 0 255 0
P 137 183 0 255 0
P 138 183 0 255 0
P 139 183 0 255 0
P 140 183 0 255 0
P 141 183 0 255 0
P 142 183 0 255 0
P 143 183 0 255 0
P 144 183 0 255 0
P 145 183 0 255 0
P 146 183 0 255 0
P 147 183 0 255 0
P 148 183 0 255 0
P 149 183 0 255 0
P 150 183 0 255 0
P 151 183 0 255 0
P 152 183 0 255 0
P 153 183 0 255 0
P 154 183 0 255 0
P 155 183 0 255 0
P 156 183 0 255 0
P 157 183 0 255 0
P 130 184 0 255 0
P 131 184 0 255 0
P 132 184 0 255 0
P 133 184 0 255 0
P 134 184 0 255 0
P 135 184 0 255 0
P 136 184 0 255 0
P 137 184 0 255 0
P 138 184 0 255 0
P 139 184 0 255 0
P 140 184 0 255 0
P 141 184 0 255 0
P 142 184 0 255 0
P 143 184 0 255 0
P 144 184 0 255 0
P 145 184 0 255 0
P 146 184 0 255 0
P 147 184 0 255 0
P 148 184 0 255 0
P 149 184 0 255 0
P 150 184 0 255 0
P 129 185 0 255 0
P 130 185 0 255 0
P 131 185 0 255 0
P 132 185 0 255 0
P 133 185 0 255 0
P 134 185 0 255 0
P 135 185 0 255 0
P 136 185 0 255 0
P 137 185 0 255 0
P 138 185 0 255 0
P 139 185 0 255 0
P 140 185 0 255 0
P 141 185 0 255 0
P 142 185 0 255 0
P 143 185 0 255 0
P 144 185 0 255 0
P 129 186 0 255 0
P 130 186 0 255 0
P 131 186 0 255 0
P 132 186 0 255 0
P 133 186 0 255 0
P 134 186 0 255 0
P 135 186 0 255 0
P 136 186 0 255 0
P 137 186 0 255 0
P 128 187 0 255 0
P 129 187 0 255 0
P 130 187 0 255 0
