# shape D mode solo1 ntri 4
# select hard 0 soft 0
# v0 160.0000000 120.0000000
# v1 60.0000000 40.0000000
# v2 176.0000000 24.0000000
# v3 188.0000000 28.0000000
# v4 304.0000000 160.0000000
# v5 64.0000000 216.0000000
# t0 0 1 2
# t1 0 2 3
# t2 0 3 4
# t3 0 4 5
# counters drawn=0 software=0 declined=0 warp=0
# mode software
P 172 24 0 255 0
P 173 24 0 255 0
P 174 24 0 255 0
P 175 24 0 255 0
P 165 25 0 255 0
P 166 25 0 255 0
P 167 25 0 255 0
P 168 25 0 255 0
P 169 25 0 255 0
P 170 25 0 255 0
P 171 25 0 255 0
P 172 25 0 255 0
P 173 25 0 255 0
P 174 25 0 255 0
P 175 25 0 255 0
P 158 26 0 255 0
P 159 26 0 255 0
P 160 26 0 255 0
P 161 26 0 255 0
P 162 26 0 255 0
P 163 26 0 255 0
P 164 26 0 255 0
P 165 26 0 255 0
P 166 26 0 255 0
P 167 26 0 255 0
P 168 26 0 255 0
P 169 26 0 255 0
P 170 26 0 255 0
P 171 26 0 255 0
P 172 26 0 255 0
P 173 26 0 255 0
P 174 26 0 255 0
P 175 26 0 255 0
P 151 27 0 255 0
P 152 27 0 255 0
P 153 27 0 255 0
P 154 27 0 255 0
P 155 27 0 255 0
P 156 27 0 255 0
P 157 27 0 255 0
P 158 27 0 255 0
P 159 27 0 255 0
P 160 27 0 255 0
P 161 27 0 255 0
P 162 27 0 255 0
P 163 27 0 255 0
P 164 27 0 255 0
P 165 27 0 255 0
P 166 27 0 255 0
P 167 27 0 255 0
P 168 27 0 255 0
P 169 27 0 255 0
P 170 27 0 255 0
P 171 27 0 255 0
P 172 27 0 255 0
P 173 27 0 255 0
P 174 27 0 255 0
P 143 28 0 255 0
P 144 28 0 255 0
P 145 28 0 255 0
P 146 28 0 255 0
P 147 28 0 255 0
P 148 28 0 255 0
P 149 28 0 255 0
P 150 28 0 255 0
P 151 28 0 255 0
P 152 28 0 255 0
P 153 28 0 255 0
P 154 28 0 255 0
P 155 28 0 255 0
P 156 28 0 255 0
P 157 28 0 255 0
P 158 28 0 255 0
P 159 28 0 255 0
P 160 28 0 255 0
P 161 28 0 255 0
P 162 28 0 255 0
P 163 28 0 255 0
P 164 28 0 255 0
P 165 28 0 255 0
P 166 28 0 255 0
P 167 28 0 255 0
P 168 28 0 255 0
P 169 28 0 255 0
P 170 28 0 255 0
P 171 28 0 255 0
P 172 28 0 255 0
P 173 28 0 255 0
P 174 28 0 255 0
P 136 29 0 255 0
P 137 29 0 255 0
P 138 29 0 255 0
P 139 29 0 255 0
P 140 29 0 255 0
P 141 29 0 255 0
P 142 29 0 255 0
P 143 29 0 255 0
P 144 29 0 255 0
P 145 29 0 255 0
P 146 29 0 255 0
P 147 29 0 255 0
P 148 29 0 255 0
P 149 29 0 255 0
P 150 29 0 255 0
P 151 29 0 255 0
P 152 29 0 255 0
P 153 29 0 255 0
P 154 29 0 255 0
P 155 29 0 255 0
P 156 29 0 255 0
P 157 29 0 255 0
P 158 29 0 255 0
P 159 29 0 255 0
P 160 29 0 255 0
P 161 29 0 255 0
P 162 29 0 255 0
P 163 29 0 255 0
P 164 29 0 255 0
P 165 29 0 255 0
P 166 29 0 255 0
P 167 29 0 255 0
P 168 29 0 255 0
P 169 29 0 255 0
P 170 29 0 255 0
P 171 29 0 255 0
P 172 29 0 255 0
P 173 29 0 255 0
P 174 29 0 255 0
P 129 30 0 255 0
P 130 30 0 255 0
P 131 30 0 255 0
P 132 30 0 255 0
P 133 30 0 255 0
P 134 30 0 255 0
P 135 30 0 255 0
P 136 30 0 255 0
P 137 30 0 255 0
P 138 30 0 255 0
P 139 30 0 255 0
P 140 30 0 255 0
P 141 30 0 255 0
P 142 30 0 255 0
P 143 30 0 255 0
P 144 30 0 255 0
P 145 30 0 255 0
P 146 30 0 255 0
P 147 30 0 255 0
P 148 30 0 255 0
P 149 30 0 255 0
P 150 30 0 255 0
P 151 30 0 255 0
P 152 30 0 255 0
P 153 30 0 255 0
P 154 30 0 255 0
P 155 30 0 255 0
P 156 30 0 255 0
P 157 30 0 255 0
P 158 30 0 255 0
P 159 30 0 255 0
P 160 30 0 255 0
P 161 30 0 255 0
P 162 30 0 255 0
P 163 30 0 255 0
P 164 30 0 255 0
P 165 30 0 255 0
P 166 30 0 255 0
P 167 30 0 255 0
P 168 30 0 255 0
P 169 30 0 255 0
P 170 30 0 255 0
P 171 30 0 255 0
P 172 30 0 255 0
P 173 30 0 255 0
P 174 30 0 255 0
P 122 31 0 255 0
P 123 31 0 255 0
P 124 31 0 255 0
P 125 31 0 255 0
P 126 31 0 255 0
P 127 31 0 255 0
P 128 31 0 255 0
P 129 31 0 255 0
P 130 31 0 255 0
P 131 31 0 255 0
P 132 31 0 255 0
P 133 31 0 255 0
P 134 31 0 255 0
P 135 31 0 255 0
P 136 31 0 255 0
P 137 31 0 255 0
P 138 31 0 255 0
P 139 31 0 255 0
P 140 31 0 255 0
P 141 31 0 255 0
P 142 31 0 255 0
P 143 31 0 255 0
P 144 31 0 255 0
P 145 31 0 255 0
P 146 31 0 255 0
P 147 31 0 255 0
P 148 31 0 255 0
P 149 31 0 255 0
P 150 31 0 255 0
P 151 31 0 255 0
P 152 31 0 255 0
P 153 31 0 255 0
P 154 31 0 255 0
P 155 31 0 255 0
P 156 31 0 255 0
P 157 31 0 255 0
P 158 31 0 255 0
P 159 31 0 255 0
P 160 31 0 255 0
P 161 31 0 255 0
P 162 31 0 255 0
P 163 31 0 255 0
P 164 31 0 255 0
P 165 31 0 255 0
P 166 31 0 255 0
P 167 31 0 255 0
P 168 31 0 255 0
P 169 31 0 255 0
P 170 31 0 255 0
P 171 31 0 255 0
P 172 31 0 255 0
P 173 31 0 255 0
P 174 31 0 255 0
P 114 32 0 255 0
P 115 32 0 255 0
P 116 32 0 255 0
P 117 32 0 255 0
P 118 32 0 255 0
P 119 32 0 255 0
P 120 32 0 255 0
P 121 32 0 255 0
P 122 32 0 255 0
P 123 32 0 255 0
P 124 32 0 255 0
P 125 32 0 255 0
P 126 32 0 255 0
P 127 32 0 255 0
P 128 32 0 255 0
P 129 32 0 255 0
P 130 32 0 255 0
P 131 32 0 255 0
P 132 32 0 255 0
P 133 32 0 255 0
P 134 32 0 255 0
P 135 32 0 255 0
P 136 32 0 255 0
P 137 32 0 255 0
P 138 32 0 255 0
P 139 32 0 255 0
P 140 32 0 255 0
P 141 32 0 255 0
P 142 32 0 255 0
P 143 32 0 255 0
P 144 32 0 255 0
P 145 32 0 255 0
P 146 32 0 255 0
P 147 32 0 255 0
P 148 32 0 255 0
P 149 32 0 255 0
P 150 32 0 255 0
P 151 32 0 255 0
P 152 32 0 255 0
P 153 32 0 255 0
P 154 32 0 255 0
P 155 32 0 255 0
P 156 32 0 255 0
P 157 32 0 255 0
P 158 32 0 255 0
P 159 32 0 255 0
P 160 32 0 255 0
P 161 32 0 255 0
P 162 32 0 255 0
P 163 32 0 255 0
P 164 32 0 255 0
P 165 32 0 255 0
P 166 32 0 255 0
P 167 32 0 255 0
P 168 32 0 255 0
P 169 32 0 255 0
P 170 32 0 255 0
P 171 32 0 255 0
P 172 32 0 255 0
P 173 32 0 255 0
P 174 32 0 255 0
P 107 33 0 255 0
P 108 33 0 255 0
P 109 33 0 255 0
P 110 33 0 255 0
P 111 33 0 255 0
P 112 33 0 255 0
P 113 33 0 255 0
P 114 33 0 255 0
P 115 33 0 255 0
P 116 33 0 255 0
P 117 33 0 255 0
P 118 33 0 255 0
P 119 33 0 255 0
P 120 33 0 255 0
P 121 33 0 255 0
P 122 33 0 255 0
P 123 33 0 255 0
P 124 33 0 255 0
P 125 33 0 255 0
P 126 33 0 255 0
P 127 33 0 255 0
P 128 33 0 255 0
P 129 33 0 255 0
P 130 33 0 255 0
P 131 33 0 255 0
P 132 33 0 255 0
P 133 33 0 255 0
P 134 33 0 255 0
P 135 33 0 255 0
P 136 33 0 255 0
P 137 33 0 255 0
P 138 33 0 255 0
P 139 33 0 255 0
P 140 33 0 255 0
P 141 33 0 255 0
P 142 33 0 255 0
P 143 33 0 255 0
P 144 33 0 255 0
P 145 33 0 255 0
P 146 33 0 255 0
P 147 33 0 255 0
P 148 33 0 255 0
P 149 33 0 255 0
P 150 33 0 255 0
P 151 33 0 255 0
P 152 33 0 255 0
P 153 33 0 255 0
P 154 33 0 255 0
P 155 33 0 255 0
P 156 33 0 255 0
P 157 33 0 255 0
P 158 33 0 255 0
P 159 33 0 255 0
P 160 33 0 255 0
P 161 33 0 255 0
P 162 33 0 255 0
P 163 33 0 255 0
P 164 33 0 255 0
P 165 33 0 255 0
P 166 33 0 255 0
P 167 33 0 255 0
P 168 33 0 255 0
P 169 33 0 255 0
P 170 33 0 255 0
P 171 33 0 255 0
P 172 33 0 255 0
P 173 33 0 255 0
P 100 34 0 255 0
P 101 34 0 255 0
P 102 34 0 255 0
P 103 34 0 255 0
P 104 34 0 255 0
P 105 34 0 255 0
P 106 34 0 255 0
P 107 34 0 255 0
P 108 34 0 255 0
P 109 34 0 255 0
P 110 34 0 255 0
P 111 34 0 255 0
P 112 34 0 255 0
P 113 34 0 255 0
P 114 34 0 255 0
P 115 34 0 255 0
P 116 34 0 255 0
P 117 34 0 255 0
P 118 34 0 255 0
P 119 34 0 255 0
P 120 34 0 255 0
P 121 34 0 255 0
P 122 34 0 255 0
P 123 34 0 255 0
P 124 34 0 255 0
P 125 34 0 255 0
P 126 34 0 255 0
P 127 34 0 255 0
P 128 34 0 255 0
P 129 34 0 255 0
P 130 34 0 255 0
P 131 34 0 255 0
P 132 34 0 255 0
P 133 34 0 255 0
P 134 34 0 255 0
P 135 34 0 255 0
P 136 34 0 255 0
P 137 34 0 255 0
P 138 34 0 255 0
P 139 34 0 255 0
P 140 34 0 255 0
P 141 34 0 255 0
P 142 34 0 255 0
P 143 34 0 255 0
P 144 34 0 255 0
P 145 34 0 255 0
P 146 34 0 255 0
P 147 34 0 255 0
P 148 34 0 255 0
P 149 34 0 255 0
P 150 34 0 255 0
P 151 34 0 255 0
P 152 34 0 255 0
P 153 34 0 255 0
P 154 34 0 255 0
P 155 34 0 255 0
P 156 34 0 255 0
P 157 34 0 255 0
P 158 34 0 255 0
P 159 34 0 255 0
P 160 34 0 255 0
P 161 34 0 255 0
P 162 34 0 255 0
P 163 34 0 255 0
P 164 34 0 255 0
P 165 34 0 255 0
P 166 34 0 255 0
P 167 34 0 255 0
P 168 34 0 255 0
P 169 34 0 255 0
P 170 34 0 255 0
P 171 34 0 255 0
P 172 34 0 255 0
P 173 34 0 255 0
P 93 35 0 255 0
P 94 35 0 255 0
P 95 35 0 255 0
P 96 35 0 255 0
P 97 35 0 255 0
P 98 35 0 255 0
P 99 35 0 255 0
P 100 35 0 255 0
P 101 35 0 255 0
P 102 35 0 255 0
P 103 35 0 255 0
P 104 35 0 255 0
P 105 35 0 255 0
P 106 35 0 255 0
P 107 35 0 255 0
P 108 35 0 255 0
P 109 35 0 255 0
P 110 35 0 255 0
P 111 35 0 255 0
P 112 35 0 255 0
P 113 35 0 255 0
P 114 35 0 255 0
P 115 35 0 255 0
P 116 35 0 255 0
P 117 35 0 255 0
P 118 35 0 255 0
P 119 35 0 255 0
P 120 35 0 255 0
P 121 35 0 255 0
P 122 35 0 255 0
P 123 35 0 255 0
P 124 35 0 255 0
P 125 35 0 255 0
P 126 35 0 255 0
P 127 35 0 255 0
P 128 35 0 255 0
P 129 35 0 255 0
P 130 35 0 255 0
P 131 35 0 255 0
P 132 35 0 255 0
P 133 35 0 255 0
P 134 35 0 255 0
P 135 35 0 255 0
P 136 35 0 255 0
P 137 35 0 255 0
P 138 35 0 255 0
P 139 35 0 255 0
P 140 35 0 255 0
P 141 35 0 255 0
P 142 35 0 255 0
P 143 35 0 255 0
P 144 35 0 255 0
P 145 35 0 255 0
P 146 35 0 255 0
P 147 35 0 255 0
P 148 35 0 255 0
P 149 35 0 255 0
P 150 35 0 255 0
P 151 35 0 255 0
P 152 35 0 255 0
P 153 35 0 255 0
P 154 35 0 255 0
P 155 35 0 255 0
P 156 35 0 255 0
P 157 35 0 255 0
P 158 35 0 255 0
P 159 35 0 255 0
P 160 35 0 255 0
P 161 35 0 255 0
P 162 35 0 255 0
P 163 35 0 255 0
P 164 35 0 255 0
P 165 35 0 255 0
P 166 35 0 255 0
P 167 35 0 255 0
P 168 35 0 255 0
P 169 35 0 255 0
P 170 35 0 255 0
P 171 35 0 255 0
P 172 35 0 255 0
P 173 35 0 255 0
P 85 36 0 255 0
P 86 36 0 255 0
P 87 36 0 255 0
P 88 36 0 255 0
P 89 36 0 255 0
P 90 36 0 255 0
P 91 36 0 255 0
P 92 36 0 255 0
P 93 36 0 255 0
P 94 36 0 255 0
P 95 36 0 255 0
P 96 36 0 255 0
P 97 36 0 255 0
P 98 36 0 255 0
P 99 36 0 255 0
P 100 36 0 255 0
P 101 36 0 255 0
P 102 36 0 255 0
P 103 36 0 255 0
P 104 36 0 255 0
P 105 36 0 255 0
P 106 36 0 255 0
P 107 36 0 255 0
P 108 36 0 255 0
P 109 36 0 255 0
P 110 36 0 255 0
P 111 36 0 255 0
P 112 36 0 255 0
P 113 36 0 255 0
P 114 36 0 255 0
P 115 36 0 255 0
P 116 36 0 255 0
P 117 36 0 255 0
P 118 36 0 255 0
P 119 36 0 255 0
P 120 36 0 255 0
P 121 36 0 255 0
P 122 36 0 255 0
P 123 36 0 255 0
P 124 36 0 255 0
P 125 36 0 255 0
P 126 36 0 255 0
P 127 36 0 255 0
P 128 36 0 255 0
P 129 36 0 255 0
P 130 36 0 255 0
P 131 36 0 255 0
P 132 36 0 255 0
P 133 36 0 255 0
P 134 36 0 255 0
P 135 36 0 255 0
P 136 36 0 255 0
P 137 36 0 255 0
P 138 36 0 255 0
P 139 36 0 255 0
P 140 36 0 255 0
P 141 36 0 255 0
P 142 36 0 255 0
P 143 36 0 255 0
P 144 36 0 255 0
P 145 36 0 255 0
P 146 36 0 255 0
P 147 36 0 255 0
P 148 36 0 255 0
P 149 36 0 255 0
P 150 36 0 255 0
P 151 36 0 255 0
P 152 36 0 255 0
P 153 36 0 255 0
P 154 36 0 255 0
P 155 36 0 255 0
P 156 36 0 255 0
P 157 36 0 255 0
P 158 36 0 255 0
P 159 36 0 255 0
P 160 36 0 255 0
P 161 36 0 255 0
P 162 36 0 255 0
P 163 36 0 255 0
P 164 36 0 255 0
P 165 36 0 255 0
P 166 36 0 255 0
P 167 36 0 255 0
P 168 36 0 255 0
P 169 36 0 255 0
P 170 36 0 255 0
P 171 36 0 255 0
P 172 36 0 255 0
P 173 36 0 255 0
P 78 37 0 255 0
P 79 37 0 255 0
P 80 37 0 255 0
P 81 37 0 255 0
P 82 37 0 255 0
P 83 37 0 255 0
P 84 37 0 255 0
P 85 37 0 255 0
P 86 37 0 255 0
P 87 37 0 255 0
P 88 37 0 255 0
P 89 37 0 255 0
P 90 37 0 255 0
P 91 37 0 255 0
P 92 37 0 255 0
P 93 37 0 255 0
P 94 37 0 255 0
P 95 37 0 255 0
P 96 37 0 255 0
P 97 37 0 255 0
P 98 37 0 255 0
P 99 37 0 255 0
P 100 37 0 255 0
P 101 37 0 255 0
P 102 37 0 255 0
P 103 37 0 255 0
P 104 37 0 255 0
P 105 37 0 255 0
P 106 37 0 255 0
P 107 37 0 255 0
P 108 37 0 255 0
P 109 37 0 255 0
P 110 37 0 255 0
P 111 37 0 255 0
P 112 37 0 255 0
P 113 37 0 255 0
P 114 37 0 255 0
P 115 37 0 255 0
P 116 37 0 255 0
P 117 37 0 255 0
P 118 37 0 255 0
P 119 37 0 255 0
P 120 37 0 255 0
P 121 37 0 255 0
P 122 37 0 255 0
P 123 37 0 255 0
P 124 37 0 255 0
P 125 37 0 255 0
P 126 37 0 255 0
P 127 37 0 255 0
P 128 37 0 255 0
P 129 37 0 255 0
P 130 37 0 255 0
P 131 37 0 255 0
P 132 37 0 255 0
P 133 37 0 255 0
P 134 37 0 255 0
P 135 37 0 255 0
P 136 37 0 255 0
P 137 37 0 255 0
P 138 37 0 255 0
P 139 37 0 255 0
P 140 37 0 255 0
P 141 37 0 255 0
P 142 37 0 255 0
P 143 37 0 255 0
P 144 37 0 255 0
P 145 37 0 255 0
P 146 37 0 255 0
P 147 37 0 255 0
P 148 37 0 255 0
P 149 37 0 255 0
P 150 37 0 255 0
P 151 37 0 255 0
P 152 37 0 255 0
P 153 37 0 255 0
P 154 37 0 255 0
P 155 37 0 255 0
P 156 37 0 255 0
P 157 37 0 255 0
P 158 37 0 255 0
P 159 37 0 255 0
P 160 37 0 255 0
P 161 37 0 255 0
P 162 37 0 255 0
P 163 37 0 255 0
P 164 37 0 255 0
P 165 37 0 255 0
P 166 37 0 255 0
P 167 37 0 255 0
P 168 37 0 255 0
P 169 37 0 255 0
P 170 37 0 255 0
P 171 37 0 255 0
P 172 37 0 255 0
P 173 37 0 255 0
P 71 38 0 255 0
P 72 38 0 255 0
P 73 38 0 255 0
P 74 38 0 255 0
P 75 38 0 255 0
P 76 38 0 255 0
P 77 38 0 255 0
P 78 38 0 255 0
P 79 38 0 255 0
P 80 38 0 255 0
P 81 38 0 255 0
P 82 38 0 255 0
P 83 38 0 255 0
P 84 38 0 255 0
P 85 38 0 255 0
P 86 38 0 255 0
P 87 38 0 255 0
P 88 38 0 255 0
P 89 38 0 255 0
P 90 38 0 255 0
P 91 38 0 255 0
P 92 38 0 255 0
P 93 38 0 255 0
P 94 38 0 255 0
P 95 38 0 255 0
P 96 38 0 255 0
P 97 38 0 255 0
P 98 38 0 255 0
P 99 38 0 255 0
P 100 38 0 255 0
P 101 38 0 255 0
P 102 38 0 255 0
P 103 38 0 255 0
P 104 38 0 255 0
P 105 38 0 255 0
P 106 38 0 255 0
P 107 38 0 255 0
P 108 38 0 255 0
P 109 38 0 255 0
P 110 38 0 255 0
P 111 38 0 255 0
P 112 38 0 255 0
P 113 38 0 255 0
P 114 38 0 255 0
P 115 38 0 255 0
P 116 38 0 255 0
P 117 38 0 255 0
P 118 38 0 255 0
P 119 38 0 255 0
P 120 38 0 255 0
P 121 38 0 255 0
P 122 38 0 255 0
P 123 38 0 255 0
P 124 38 0 255 0
P 125 38 0 255 0
P 126 38 0 255 0
P 127 38 0 255 0
P 128 38 0 255 0
P 129 38 0 255 0
P 130 38 0 255 0
P 131 38 0 255 0
P 132 38 0 255 0
P 133 38 0 255 0
P 134 38 0 255 0
P 135 38 0 255 0
P 136 38 0 255 0
P 137 38 0 255 0
P 138 38 0 255 0
P 139 38 0 255 0
P 140 38 0 255 0
P 141 38 0 255 0
P 142 38 0 255 0
P 143 38 0 255 0
P 144 38 0 255 0
P 145 38 0 255 0
P 146 38 0 255 0
P 147 38 0 255 0
P 148 38 0 255 0
P 149 38 0 255 0
P 150 38 0 255 0
P 151 38 0 255 0
P 152 38 0 255 0
P 153 38 0 255 0
P 154 38 0 255 0
P 155 38 0 255 0
P 156 38 0 255 0
P 157 38 0 255 0
P 158 38 0 255 0
P 159 38 0 255 0
P 160 38 0 255 0
P 161 38 0 255 0
P 162 38 0 255 0
P 163 38 0 255 0
P 164 38 0 255 0
P 165 38 0 255 0
P 166 38 0 255 0
P 167 38 0 255 0
P 168 38 0 255 0
P 169 38 0 255 0
P 170 38 0 255 0
P 171 38 0 255 0
P 172 38 0 255 0
P 173 38 0 255 0
P 64 39 0 255 0
P 65 39 0 255 0
P 66 39 0 255 0
P 67 39 0 255 0
P 68 39 0 255 0
P 69 39 0 255 0
P 70 39 0 255 0
P 71 39 0 255 0
P 72 39 0 255 0
P 73 39 0 255 0
P 74 39 0 255 0
P 75 39 0 255 0
P 76 39 0 255 0
P 77 39 0 255 0
P 78 39 0 255 0
P 79 39 0 255 0
P 80 39 0 255 0
P 81 39 0 255 0
P 82 39 0 255 0
P 83 39 0 255 0
P 84 39 0 255 0
P 85 39 0 255 0
P 86 39 0 255 0
P 87 39 0 255 0
P 88 39 0 255 0
P 89 39 0 255 0
P 90 39 0 255 0
P 91 39 0 255 0
P 92 39 0 255 0
P 93 39 0 255 0
P 94 39 0 255 0
P 95 39 0 255 0
P 96 39 0 255 0
P 97 39 0 255 0
P 98 39 0 255 0
P 99 39 0 255 0
P 100 39 0 255 0
P 101 39 0 255 0
P 102 39 0 255 0
P 103 39 0 255 0
P 104 39 0 255 0
P 105 39 0 255 0
P 106 39 0 255 0
P 107 39 0 255 0
P 108 39 0 255 0
P 109 39 0 255 0
P 110 39 0 255 0
P 111 39 0 255 0
P 112 39 0 255 0
P 113 39 0 255 0
P 114 39 0 255 0
P 115 39 0 255 0
P 116 39 0 255 0
P 117 39 0 255 0
P 118 39 0 255 0
P 119 39 0 255 0
P 120 39 0 255 0
P 121 39 0 255 0
P 122 39 0 255 0
P 123 39 0 255 0
P 124 39 0 255 0
P 125 39 0 255 0
P 126 39 0 255 0
P 127 39 0 255 0
P 128 39 0 255 0
P 129 39 0 255 0
P 130 39 0 255 0
P 131 39 0 255 0
P 132 39 0 255 0
P 133 39 0 255 0
P 134 39 0 255 0
P 135 39 0 255 0
P 136 39 0 255 0
P 137 39 0 255 0
P 138 39 0 255 0
P 139 39 0 255 0
P 140 39 0 255 0
P 141 39 0 255 0
P 142 39 0 255 0
P 143 39 0 255 0
P 144 39 0 255 0
P 145 39 0 255 0
P 146 39 0 255 0
P 147 39 0 255 0
P 148 39 0 255 0
P 149 39 0 255 0
P 150 39 0 255 0
P 151 39 0 255 0
P 152 39 0 255 0
P 153 39 0 255 0
P 154 39 0 255 0
P 155 39 0 255 0
P 156 39 0 255 0
P 157 39 0 255 0
P 158 39 0 255 0
P 159 39 0 255 0
P 160 39 0 255 0
P 161 39 0 255 0
P 162 39 0 255 0
P 163 39 0 255 0
P 164 39 0 255 0
P 165 39 0 255 0
P 166 39 0 255 0
P 167 39 0 255 0
P 168 39 0 255 0
P 169 39 0 255 0
P 170 39 0 255 0
P 171 39 0 255 0
P 172 39 0 255 0
P 61 40 0 255 0
P 62 40 0 255 0
P 63 40 0 255 0
P 64 40 0 255 0
P 65 40 0 255 0
P 66 40 0 255 0
P 67 40 0 255 0
P 68 40 0 255 0
P 69 40 0 255 0
P 70 40 0 255 0
P 71 40 0 255 0
P 72 40 0 255 0
P 73 40 0 255 0
P 74 40 0 255 0
P 75 40 0 255 0
P 76 40 0 255 0
P 77 40 0 255 0
P 78 40 0 255 0
P 79 40 0 255 0
P 80 40 0 255 0
P 81 40 0 255 0
P 82 40 0 255 0
P 83 40 0 255 0
P 84 40 0 255 0
P 85 40 0 255 0
P 86 40 0 255 0
P 87 40 0 255 0
P 88 40 0 255 0
P 89 40 0 255 0
P 90 40 0 255 0
P 91 40 0 255 0
P 92 40 0 255 0
P 93 40 0 255 0
P 94 40 0 255 0
P 95 40 0 255 0
P 96 40 0 255 0
P 97 40 0 255 0
P 98 40 0 255 0
P 99 40 0 255 0
P 100 40 0 255 0
P 101 40 0 255 0
P 102 40 0 255 0
P 103 40 0 255 0
P 104 40 0 255 0
P 105 40 0 255 0
P 106 40 0 255 0
P 107 40 0 255 0
P 108 40 0 255 0
P 109 40 0 255 0
P 110 40 0 255 0
P 111 40 0 255 0
P 112 40 0 255 0
P 113 40 0 255 0
P 114 40 0 255 0
P 115 40 0 255 0
P 116 40 0 255 0
P 117 40 0 255 0
P 118 40 0 255 0
P 119 40 0 255 0
P 120 40 0 255 0
P 121 40 0 255 0
P 122 40 0 255 0
P 123 40 0 255 0
P 124 40 0 255 0
P 125 40 0 255 0
P 126 40 0 255 0
P 127 40 0 255 0
P 128 40 0 255 0
P 129 40 0 255 0
P 130 40 0 255 0
P 131 40 0 255 0
P 132 40 0 255 0
P 133 40 0 255 0
P 134 40 0 255 0
P 135 40 0 255 0
P 136 40 0 255 0
P 137 40 0 255 0
P 138 40 0 255 0
P 139 40 0 255 0
P 140 40 0 255 0
P 141 40 0 255 0
P 142 40 0 255 0
P 143 40 0 255 0
P 144 40 0 255 0
P 145 40 0 255 0
P 146 40 0 255 0
P 147 40 0 255 0
P 148 40 0 255 0
P 149 40 0 255 0
P 150 40 0 255 0
P 151 40 0 255 0
P 152 40 0 255 0
P 153 40 0 255 0
P 154 40 0 255 0
P 155 40 0 255 0
P 156 40 0 255 0
P 157 40 0 255 0
P 158 40 0 255 0
P 159 40 0 255 0
P 160 40 0 255 0
P 161 40 0 255 0
P 162 40 0 255 0
P 163 40 0 255 0
P 164 40 0 255 0
P 165 40 0 255 0
P 166 40 0 255 0
P 167 40 0 255 0
P 168 40 0 255 0
P 169 40 0 255 0
P 170 40 0 255 0
P 171 40 0 255 0
P 172 40 0 255 0
P 62 41 0 255 0
P 63 41 0 255 0
P 64 41 0 255 0
P 65 41 0 255 0
P 66 41 0 255 0
P 67 41 0 255 0
P 68 41 0 255 0
P 69 41 0 255 0
P 70 41 0 255 0
P 71 41 0 255 0
P 72 41 0 255 0
P 73 41 0 255 0
P 74 41 0 255 0
P 75 41 0 255 0
P 76 41 0 255 0
P 77 41 0 255 0
P 78 41 0 255 0
P 79 41 0 255 0
P 80 41 0 255 0
P 81 41 0 255 0
P 82 41 0 255 0
P 83 41 0 255 0
P 84 41 0 255 0
P 85 41 0 255 0
P 86 41 0 255 0
P 87 41 0 255 0
P 88 41 0 255 0
P 89 41 0 255 0
P 90 41 0 255 0
P 91 41 0 255 0
P 92 41 0 255 0
P 93 41 0 255 0
P 94 41 0 255 0
P 95 41 0 255 0
P 96 41 0 255 0
P 97 41 0 255 0
P 98 41 0 255 0
P 99 41 0 255 0
P 100 41 0 255 0
P 101 41 0 255 0
P 102 41 0 255 0
P 103 41 0 255 0
P 104 41 0 255 0
P 105 41 0 255 0
P 106 41 0 255 0
P 107 41 0 255 0
P 108 41 0 255 0
P 109 41 0 255 0
P 110 41 0 255 0
P 111 41 0 255 0
P 112 41 0 255 0
P 113 41 0 255 0
P 114 41 0 255 0
P 115 41 0 255 0
P 116 41 0 255 0
P 117 41 0 255 0
P 118 41 0 255 0
P 119 41 0 255 0
P 120 41 0 255 0
P 121 41 0 255 0
P 122 41 0 255 0
P 123 41 0 255 0
P 124 41 0 255 0
P 125 41 0 255 0
P 126 41 0 255 0
P 127 41 0 255 0
P 128 41 0 255 0
P 129 41 0 255 0
P 130 41 0 255 0
P 131 41 0 255 0
P 132 41 0 255 0
P 133 41 0 255 0
P 134 41 0 255 0
P 135 41 0 255 0
P 136 41 0 255 0
P 137 41 0 255 0
P 138 41 0 255 0
P 139 41 0 255 0
P 140 41 0 255 0
P 141 41 0 255 0
P 142 41 0 255 0
P 143 41 0 255 0
P 144 41 0 255 0
P 145 41 0 255 0
P 146 41 0 255 0
P 147 41 0 255 0
P 148 41 0 255 0
P 149 41 0 255 0
P 150 41 0 255 0
P 151 41 0 255 0
P 152 41 0 255 0
P 153 41 0 255 0
P 154 41 0 255 0
P 155 41 0 255 0
P 156 41 0 255 0
P 157 41 0 255 0
P 158 41 0 255 0
P 159 41 0 255 0
P 160 41 0 255 0
P 161 41 0 255 0
P 162 41 0 255 0
P 163 41 0 255 0
P 164 41 0 255 0
P 165 41 0 255 0
P 166 41 0 255 0
P 167 41 0 255 0
P 168 41 0 255 0
P 169 41 0 255 0
P 170 41 0 255 0
P 171 41 0 255 0
P 172 41 0 255 0
P 63 42 0 255 0
P 64 42 0 255 0
P 65 42 0 255 0
P 66 42 0 255 0
P 67 42 0 255 0
P 68 42 0 255 0
P 69 42 0 255 0
P 70 42 0 255 0
P 71 42 0 255 0
P 72 42 0 255 0
P 73 42 0 255 0
P 74 42 0 255 0
P 75 42 0 255 0
P 76 42 0 255 0
P 77 42 0 255 0
P 78 42 0 255 0
P 79 42 0 255 0
P 80 42 0 255 0
P 81 42 0 255 0
P 82 42 0 255 0
P 83 42 0 255 0
P 84 42 0 255 0
P 85 42 0 255 0
P 86 42 0 255 0
P 87 42 0 255 0
P 88 42 0 255 0
P 89 42 0 255 0
P 90 42 0 255 0
P 91 42 0 255 0
P 92 42 0 255 0
P 93 42 0 255 0
P 94 42 0 255 0
P 95 42 0 255 0
P 96 42 0 255 0
P 97 42 0 255 0
P 98 42 0 255 0
P 99 42 0 255 0
P 100 42 0 255 0
P 101 42 0 255 0
P 102 42 0 255 0
P 103 42 0 255 0
P 104 42 0 255 0
P 105 42 0 255 0
P 106 42 0 255 0
P 107 42 0 255 0
P 108 42 0 255 0
P 109 42 0 255 0
P 110 42 0 255 0
P 111 42 0 255 0
P 112 42 0 255 0
P 113 42 0 255 0
P 114 42 0 255 0
P 115 42 0 255 0
P 116 42 0 255 0
P 117 42 0 255 0
P 118 42 0 255 0
P 119 42 0 255 0
P 120 42 0 255 0
P 121 42 0 255 0
P 122 42 0 255 0
P 123 42 0 255 0
P 124 42 0 255 0
P 125 42 0 255 0
P 126 42 0 255 0
P 127 42 0 255 0
P 128 42 0 255 0
P 129 42 0 255 0
P 130 42 0 255 0
P 131 42 0 255 0
P 132 42 0 255 0
P 133 42 0 255 0
P 134 42 0 255 0
P 135 42 0 255 0
P 136 42 0 255 0
P 137 42 0 255 0
P 138 42 0 255 0
P 139 42 0 255 0
P 140 42 0 255 0
P 141 42 0 255 0
P 142 42 0 255 0
P 143 42 0 255 0
P 144 42 0 255 0
P 145 42 0 255 0
P 146 42 0 255 0
P 147 42 0 255 0
P 148 42 0 255 0
P 149 42 0 255 0
P 150 42 0 255 0
P 151 42 0 255 0
P 152 42 0 255 0
P 153 42 0 255 0
P 154 42 0 255 0
P 155 42 0 255 0
P 156 42 0 255 0
P 157 42 0 255 0
P 158 42 0 255 0
P 159 42 0 255 0
P 160 42 0 255 0
P 161 42 0 255 0
P 162 42 0 255 0
P 163 42 0 255 0
P 164 42 0 255 0
P 165 42 0 255 0
P 166 42 0 255 0
P 167 42 0 255 0
P 168 42 0 255 0
P 169 42 0 255 0
P 170 42 0 255 0
P 171 42 0 255 0
P 172 42 0 255 0
P 64 43 0 255 0
P 65 43 0 255 0
P 66 43 0 255 0
P 67 43 0 255 0
P 68 43 0 255 0
P 69 43 0 255 0
P 70 43 0 255 0
P 71 43 0 255 0
P 72 43 0 255 0
P 73 43 0 255 0
P 74 43 0 255 0
P 75 43 0 255 0
P 76 43 0 255 0
P 77 43 0 255 0
P 78 43 0 255 0
P 79 43 0 255 0
P 80 43 0 255 0
P 81 43 0 255 0
P 82 43 0 255 0
P 83 43 0 255 0
P 84 43 0 255 0
P 85 43 0 255 0
P 86 43 0 255 0
P 87 43 0 255 0
P 88 43 0 255 0
P 89 43 0 255 0
P 90 43 0 255 0
P 91 43 0 255 0
P 92 43 0 255 0
P 93 43 0 255 0
P 94 43 0 255 0
P 95 43 0 255 0
P 96 43 0 255 0
P 97 43 0 255 0
P 98 43 0 255 0
P 99 43 0 255 0
P 100 43 0 255 0
P 101 43 0 255 0
P 102 43 0 255 0
P 103 43 0 255 0
P 104 43 0 255 0
P 105 43 0 255 0
P 106 43 0 255 0
P 107 43 0 255 0
P 108 43 0 255 0
P 109 43 0 255 0
P 110 43 0 255 0
P 111 43 0 255 0
P 112 43 0 255 0
P 113 43 0 255 0
P 114 43 0 255 0
P 115 43 0 255 0
P 116 43 0 255 0
P 117 43 0 255 0
P 118 43 0 255 0
P 119 43 0 255 0
P 120 43 0 255 0
P 121 43 0 255 0
P 122 43 0 255 0
P 123 43 0 255 0
P 124 43 0 255 0
P 125 43 0 255 0
P 126 43 0 255 0
P 127 43 0 255 0
P 128 43 0 255 0
P 129 43 0 255 0
P 130 43 0 255 0
P 131 43 0 255 0
P 132 43 0 255 0
P 133 43 0 255 0
P 134 43 0 255 0
P 135 43 0 255 0
P 136 43 0 255 0
P 137 43 0 255 0
P 138 43 0 255 0
P 139 43 0 255 0
P 140 43 0 255 0
P 141 43 0 255 0
P 142 43 0 255 0
P 143 43 0 255 0
P 144 43 0 255 0
P 145 43 0 255 0
P 146 43 0 255 0
P 147 43 0 255 0
P 148 43 0 255 0
P 149 43 0 255 0
P 150 43 0 255 0
P 151 43 0 255 0
P 152 43 0 255 0
P 153 43 0 255 0
P 154 43 0 255 0
P 155 43 0 255 0
P 156 43 0 255 0
P 157 43 0 255 0
P 158 43 0 255 0
P 159 43 0 255 0
P 160 43 0 255 0
P 161 43 0 255 0
P 162 43 0 255 0
P 163 43 0 255 0
P 164 43 0 255 0
P 165 43 0 255 0
P 166 43 0 255 0
P 167 43 0 255 0
P 168 43 0 255 0
P 169 43 0 255 0
P 170 43 0 255 0
P 171 43 0 255 0
P 172 43 0 255 0
P 66 44 0 255 0
P 67 44 0 255 0
P 68 44 0 255 0
P 69 44 0 255 0
P 70 44 0 255 0
P 71 44 0 255 0
P 72 44 0 255 0
P 73 44 0 255 0
P 74 44 0 255 0
P 75 44 0 255 0
P 76 44 0 255 0
P 77 44 0 255 0
P 78 44 0 255 0
P 79 44 0 255 0
P 80 44 0 255 0
P 81 44 0 255 0
P 82 44 0 255 0
P 83 44 0 255 0
P 84 44 0 255 0
P 85 44 0 255 0
P 86 44 0 255 0
P 87 44 0 255 0
P 88 44 0 255 0
P 89 44 0 255 0
P 90 44 0 255 0
P 91 44 0 255 0
P 92 44 0 255 0
P 93 44 0 255 0
P 94 44 0 255 0
P 95 44 0 255 0
P 96 44 0 255 0
P 97 44 0 255 0
P 98 44 0 255 0
P 99 44 0 255 0
P 100 44 0 255 0
P 101 44 0 255 0
P 102 44 0 255 0
P 103 44 0 255 0
P 104 44 0 255 0
P 105 44 0 255 0
P 106 44 0 255 0
P 107 44 0 255 0
P 108 44 0 255 0
P 109 44 0 255 0
P 110 44 0 255 0
P 111 44 0 255 0
P 112 44 0 255 0
P 113 44 0 255 0
P 114 44 0 255 0
P 115 44 0 255 0
P 116 44 0 255 0
P 117 44 0 255 0
P 118 44 0 255 0
P 119 44 0 255 0
P 120 44 0 255 0
P 121 44 0 255 0
P 122 44 0 255 0
P 123 44 0 255 0
P 124 44 0 255 0
P 125 44 0 255 0
P 126 44 0 255 0
P 127 44 0 255 0
P 128 44 0 255 0
P 129 44 0 255 0
P 130 44 0 255 0
P 131 44 0 255 0
P 132 44 0 255 0
P 133 44 0 255 0
P 134 44 0 255 0
P 135 44 0 255 0
P 136 44 0 255 0
P 137 44 0 255 0
P 138 44 0 255 0
P 139 44 0 255 0
P 140 44 0 255 0
P 141 44 0 255 0
P 142 44 0 255 0
P 143 44 0 255 0
P 144 44 0 255 0
P 145 44 0 255 0
P 146 44 0 255 0
P 147 44 0 255 0
P 148 44 0 255 0
P 149 44 0 255 0
P 150 44 0 255 0
P 151 44 0 255 0
P 152 44 0 255 0
P 153 44 0 255 0
P 154 44 0 255 0
P 155 44 0 255 0
P 156 44 0 255 0
P 157 44 0 255 0
P 158 44 0 255 0
P 159 44 0 255 0
P 160 44 0 255 0
P 161 44 0 255 0
P 162 44 0 255 0
P 163 44 0 255 0
P 164 44 0 255 0
P 165 44 0 255 0
P 166 44 0 255 0
P 167 44 0 255 0
P 168 44 0 255 0
P 169 44 0 255 0
P 170 44 0 255 0
P 171 44 0 255 0
P 172 44 0 255 0
P 67 45 0 255 0
P 68 45 0 255 0
P 69 45 0 255 0
P 70 45 0 255 0
P 71 45 0 255 0
P 72 45 0 255 0
P 73 45 0 255 0
P 74 45 0 255 0
P 75 45 0 255 0
P 76 45 0 255 0
P 77 45 0 255 0
P 78 45 0 255 0
P 79 45 0 255 0
P 80 45 0 255 0
P 81 45 0 255 0
P 82 45 0 255 0
P 83 45 0 255 0
P 84 45 0 255 0
P 85 45 0 255 0
P 86 45 0 255 0
P 87 45 0 255 0
P 88 45 0 255 0
P 89 45 0 255 0
P 90 45 0 255 0
P 91 45 0 255 0
P 92 45 0 255 0
P 93 45 0 255 0
P 94 45 0 255 0
P 95 45 0 255 0
P 96 45 0 255 0
P 97 45 0 255 0
P 98 45 0 255 0
P 99 45 0 255 0
P 100 45 0 255 0
P 101 45 0 255 0
P 102 45 0 255 0
P 103 45 0 255 0
P 104 45 0 255 0
P 105 45 0 255 0
P 106 45 0 255 0
P 107 45 0 255 0
P 108 45 0 255 0
P 109 45 0 255 0
P 110 45 0 255 0
P 111 45 0 255 0
P 112 45 0 255 0
P 113 45 0 255 0
P 114 45 0 255 0
P 115 45 0 255 0
P 116 45 0 255 0
P 117 45 0 255 0
P 118 45 0 255 0
P 119 45 0 255 0
P 120 45 0 255 0
P 121 45 0 255 0
P 122 45 0 255 0
P 123 45 0 255 0
P 124 45 0 255 0
P 125 45 0 255 0
P 126 45 0 255 0
P 127 45 0 255 0
P 128 45 0 255 0
P 129 45 0 255 0
P 130 45 0 255 0
P 131 45 0 255 0
P 132 45 0 255 0
P 133 45 0 255 0
P 134 45 0 255 0
P 135 45 0 255 0
P 136 45 0 255 0
P 137 45 0 255 0
P 138 45 0 255 0
P 139 45 0 255 0
P 140 45 0 255 0
P 141 45 0 255 0
P 142 45 0 255 0
P 143 45 0 255 0
P 144 45 0 255 0
P 145 45 0 255 0
P 146 45 0 255 0
P 147 45 0 255 0
P 148 45 0 255 0
P 149 45 0 255 0
P 150 45 0 255 0
P 151 45 0 255 0
P 152 45 0 255 0
P 153 45 0 255 0
P 154 45 0 255 0
P 155 45 0 255 0
P 156 45 0 255 0
P 157 45 0 255 0
P 158 45 0 255 0
P 159 45 0 255 0
P 160 45 0 255 0
P 161 45 0 255 0
P 162 45 0 255 0
P 163 45 0 255 0
P 164 45 0 255 0
P 165 45 0 255 0
P 166 45 0 255 0
P 167 45 0 255 0
P 168 45 0 255 0
P 169 45 0 255 0
P 170 45 0 255 0
P 171 45 0 255 0
P 68 46 0 255 0
P 69 46 0 255 0
P 70 46 0 255 0
P 71 46 0 255 0
P 72 46 0 255 0
P 73 46 0 255 0
P 74 46 0 255 0
P 75 46 0 255 0
P 76 46 0 255 0
P 77 46 0 255 0
P 78 46 0 255 0
P 79 46 0 255 0
P 80 46 0 255 0
P 81 46 0 255 0
P 82 46 0 255 0
P 83 46 0 255 0
P 84 46 0 255 0
P 85 46 0 255 0
P 86 46 0 255 0
P 87 46 0 255 0
P 88 46 0 255 0
P 89 46 0 255 0
P 90 46 0 255 0
P 91 46 0 255 0
P 92 46 0 255 0
P 93 46 0 255 0
P 94 46 0 255 0
P 95 46 0 255 0
P 96 46 0 255 0
P 97 46 0 255 0
P 98 46 0 255 0
P 99 46 0 255 0
P 100 46 0 255 0
P 101 46 0 255 0
P 102 46 0 255 0
P 103 46 0 255 0
P 104 46 0 255 0
P 105 46 0 255 0
P 106 46 0 255 0
P 107 46 0 255 0
P 108 46 0 255 0
P 109 46 0 255 0
P 110 46 0 255 0
P 111 46 0 255 0
P 112 46 0 255 0
P 113 46 0 255 0
P 114 46 0 255 0
P 115 46 0 255 0
P 116 46 0 255 0
P 117 46 0 255 0
P 118 46 0 255 0
P 119 46 0 255 0
P 120 46 0 255 0
P 121 46 0 255 0
P 122 46 0 255 0
P 123 46 0 255 0
P 124 46 0 255 0
P 125 46 0 255 0
P 126 46 0 255 0
P 127 46 0 255 0
P 128 46 0 255 0
P 129 46 0 255 0
P 130 46 0 255 0
P 131 46 0 255 0
P 132 46 0 255 0
P 133 46 0 255 0
P 134 46 0 255 0
P 135 46 0 255 0
P 136 46 0 255 0
P 137 46 0 255 0
P 138 46 0 255 0
P 139 46 0 255 0
P 140 46 0 255 0
P 141 46 0 255 0
P 142 46 0 255 0
P 143 46 0 255 0
P 144 46 0 255 0
P 145 46 0 255 0
P 146 46 0 255 0
P 147 46 0 255 0
P 148 46 0 255 0
P 149 46 0 255 0
P 150 46 0 255 0
P 151 46 0 255 0
P 152 46 0 255 0
P 153 46 0 255 0
P 154 46 0 255 0
P 155 46 0 255 0
P 156 46 0 255 0
P 157 46 0 255 0
P 158 46 0 255 0
P 159 46 0 255 0
P 160 46 0 255 0
P 161 46 0 255 0
P 162 46 0 255 0
P 163 46 0 255 0
P 164 46 0 255 0
P 165 46 0 255 0
P 166 46 0 255 0
P 167 46 0 255 0
P 168 46 0 255 0
P 169 46 0 255 0
P 170 46 0 255 0
P 171 46 0 255 0
P 69 47 0 255 0
P 70 47 0 255 0
P 71 47 0 255 0
P 72 47 0 255 0
P 73 47 0 255 0
P 74 47 0 255 0
P 75 47 0 255 0
P 76 47 0 255 0
P 77 47 0 255 0
P 78 47 0 255 0
P 79 47 0 255 0
P 80 47 0 255 0
P 81 47 0 255 0
P 82 47 0 255 0
P 83 47 0 255 0
P 84 47 0 255 0
P 85 47 0 255 0
P 86 47 0 255 0
P 87 47 0 255 0
P 88 47 0 255 0
P 89 47 0 255 0
P 90 47 0 255 0
P 91 47 0 255 0
P 92 47 0 255 0
P 93 47 0 255 0
P 94 47 0 255 0
P 95 47 0 255 0
P 96 47 0 255 0
P 97 47 0 255 0
P 98 47 0 255 0
P 99 47 0 255 0
P 100 47 0 255 0
P 101 47 0 255 0
P 102 47 0 255 0
P 103 47 0 255 0
P 104 47 0 255 0
P 105 47 0 255 0
P 106 47 0 255 0
P 107 47 0 255 0
P 108 47 0 255 0
P 109 47 0 255 0
P 110 47 0 255 0
P 111 47 0 255 0
P 112 47 0 255 0
P 113 47 0 255 0
P 114 47 0 255 0
P 115 47 0 255 0
P 116 47 0 255 0
P 117 47 0 255 0
P 118 47 0 255 0
P 119 47 0 255 0
P 120 47 0 255 0
P 121 47 0 255 0
P 122 47 0 255 0
P 123 47 0 255 0
P 124 47 0 255 0
P 125 47 0 255 0
P 126 47 0 255 0
P 127 47 0 255 0
P 128 47 0 255 0
P 129 47 0 255 0
P 130 47 0 255 0
P 131 47 0 255 0
P 132 47 0 255 0
P 133 47 0 255 0
P 134 47 0 255 0
P 135 47 0 255 0
P 136 47 0 255 0
P 137 47 0 255 0
P 138 47 0 255 0
P 139 47 0 255 0
P 140 47 0 255 0
P 141 47 0 255 0
P 142 47 0 255 0
P 143 47 0 255 0
P 144 47 0 255 0
P 145 47 0 255 0
P 146 47 0 255 0
P 147 47 0 255 0
P 148 47 0 255 0
P 149 47 0 255 0
P 150 47 0 255 0
P 151 47 0 255 0
P 152 47 0 255 0
P 153 47 0 255 0
P 154 47 0 255 0
P 155 47 0 255 0
P 156 47 0 255 0
P 157 47 0 255 0
P 158 47 0 255 0
P 159 47 0 255 0
P 160 47 0 255 0
P 161 47 0 255 0
P 162 47 0 255 0
P 163 47 0 255 0
P 164 47 0 255 0
P 165 47 0 255 0
P 166 47 0 255 0
P 167 47 0 255 0
P 168 47 0 255 0
P 169 47 0 255 0
P 170 47 0 255 0
P 171 47 0 255 0
P 71 48 0 255 0
P 72 48 0 255 0
P 73 48 0 255 0
P 74 48 0 255 0
P 75 48 0 255 0
P 76 48 0 255 0
P 77 48 0 255 0
P 78 48 0 255 0
P 79 48 0 255 0
P 80 48 0 255 0
P 81 48 0 255 0
P 82 48 0 255 0
P 83 48 0 255 0
P 84 48 0 255 0
P 85 48 0 255 0
P 86 48 0 255 0
P 87 48 0 255 0
P 88 48 0 255 0
P 89 48 0 255 0
P 90 48 0 255 0
P 91 48 0 255 0
P 92 48 0 255 0
P 93 48 0 255 0
P 94 48 0 255 0
P 95 48 0 255 0
P 96 48 0 255 0
P 97 48 0 255 0
P 98 48 0 255 0
P 99 48 0 255 0
P 100 48 0 255 0
P 101 48 0 255 0
P 102 48 0 255 0
P 103 48 0 255 0
P 104 48 0 255 0
P 105 48 0 255 0
P 106 48 0 255 0
P 107 48 0 255 0
P 108 48 0 255 0
P 109 48 0 255 0
P 110 48 0 255 0
P 111 48 0 255 0
P 112 48 0 255 0
P 113 48 0 255 0
P 114 48 0 255 0
P 115 48 0 255 0
P 116 48 0 255 0
P 117 48 0 255 0
P 118 48 0 255 0
P 119 48 0 255 0
P 120 48 0 255 0
P 121 48 0 255 0
P 122 48 0 255 0
P 123 48 0 255 0
P 124 48 0 255 0
P 125 48 0 255 0
P 126 48 0 255 0
P 127 48 0 255 0
P 128 48 0 255 0
P 129 48 0 255 0
P 130 48 0 255 0
P 131 48 0 255 0
P 132 48 0 255 0
P 133 48 0 255 0
P 134 48 0 255 0
P 135 48 0 255 0
P 136 48 0 255 0
P 137 48 0 255 0
P 138 48 0 255 0
P 139 48 0 255 0
P 140 48 0 255 0
P 141 48 0 255 0
P 142 48 0 255 0
P 143 48 0 255 0
P 144 48 0 255 0
P 145 48 0 255 0
P 146 48 0 255 0
P 147 48 0 255 0
P 148 48 0 255 0
P 149 48 0 255 0
P 150 48 0 255 0
P 151 48 0 255 0
P 152 48 0 255 0
P 153 48 0 255 0
P 154 48 0 255 0
P 155 48 0 255 0
P 156 48 0 255 0
P 157 48 0 255 0
P 158 48 0 255 0
P 159 48 0 255 0
P 160 48 0 255 0
P 161 48 0 255 0
P 162 48 0 255 0
P 163 48 0 255 0
P 164 48 0 255 0
P 165 48 0 255 0
P 166 48 0 255 0
P 167 48 0 255 0
P 168 48 0 255 0
P 169 48 0 255 0
P 170 48 0 255 0
P 171 48 0 255 0
P 72 49 0 255 0
P 73 49 0 255 0
P 74 49 0 255 0
P 75 49 0 255 0
P 76 49 0 255 0
P 77 49 0 255 0
P 78 49 0 255 0
P 79 49 0 255 0
P 80 49 0 255 0
P 81 49 0 255 0
P 82 49 0 255 0
P 83 49 0 255 0
P 84 49 0 255 0
P 85 49 0 255 0
P 86 49 0 255 0
P 87 49 0 255 0
P 88 49 0 255 0
P 89 49 0 255 0
P 90 49 0 255 0
P 91 49 0 255 0
P 92 49 0 255 0
P 93 49 0 255 0
P 94 49 0 255 0
P 95 49 0 255 0
P 96 49 0 255 0
P 97 49 0 255 0
P 98 49 0 255 0
P 99 49 0 255 0
P 100 49 0 255 0
P 101 49 0 255 0
P 102 49 0 255 0
P 103 49 0 255 0
P 104 49 0 255 0
P 105 49 0 255 0
P 106 49 0 255 0
P 107 49 0 255 0
P 108 49 0 255 0
P 109 49 0 255 0
P 110 49 0 255 0
P 111 49 0 255 0
P 112 49 0 255 0
P 113 49 0 255 0
P 114 49 0 255 0
P 115 49 0 255 0
P 116 49 0 255 0
P 117 49 0 255 0
P 118 49 0 255 0
P 119 49 0 255 0
P 120 49 0 255 0
P 121 49 0 255 0
P 122 49 0 255 0
P 123 49 0 255 0
P 124 49 0 255 0
P 125 49 0 255 0
P 126 49 0 255 0
P 127 49 0 255 0
P 128 49 0 255 0
P 129 49 0 255 0
P 130 49 0 255 0
P 131 49 0 255 0
P 132 49 0 255 0
P 133 49 0 255 0
P 134 49 0 255 0
P 135 49 0 255 0
P 136 49 0 255 0
P 137 49 0 255 0
P 138 49 0 255 0
P 139 49 0 255 0
P 140 49 0 255 0
P 141 49 0 255 0
P 142 49 0 255 0
P 143 49 0 255 0
P 144 49 0 255 0
P 145 49 0 255 0
P 146 49 0 255 0
P 147 49 0 255 0
P 148 49 0 255 0
P 149 49 0 255 0
P 150 49 0 255 0
P 151 49 0 255 0
P 152 49 0 255 0
P 153 49 0 255 0
P 154 49 0 255 0
P 155 49 0 255 0
P 156 49 0 255 0
P 157 49 0 255 0
P 158 49 0 255 0
P 159 49 0 255 0
P 160 49 0 255 0
P 161 49 0 255 0
P 162 49 0 255 0
P 163 49 0 255 0
P 164 49 0 255 0
P 165 49 0 255 0
P 166 49 0 255 0
P 167 49 0 255 0
P 168 49 0 255 0
P 169 49 0 255 0
P 170 49 0 255 0
P 171 49 0 255 0
P 73 50 0 255 0
P 74 50 0 255 0
P 75 50 0 255 0
P 76 50 0 255 0
P 77 50 0 255 0
P 78 50 0 255 0
P 79 50 0 255 0
P 80 50 0 255 0
P 81 50 0 255 0
P 82 50 0 255 0
P 83 50 0 255 0
P 84 50 0 255 0
P 85 50 0 255 0
P 86 50 0 255 0
P 87 50 0 255 0
P 88 50 0 255 0
P 89 50 0 255 0
P 90 50 0 255 0
P 91 50 0 255 0
P 92 50 0 255 0
P 93 50 0 255 0
P 94 50 0 255 0
P 95 50 0 255 0
P 96 50 0 255 0
P 97 50 0 255 0
P 98 50 0 255 0
P 99 50 0 255 0
P 100 50 0 255 0
P 101 50 0 255 0
P 102 50 0 255 0
P 103 50 0 255 0
P 104 50 0 255 0
P 105 50 0 255 0
P 106 50 0 255 0
P 107 50 0 255 0
P 108 50 0 255 0
P 109 50 0 255 0
P 110 50 0 255 0
P 111 50 0 255 0
P 112 50 0 255 0
P 113 50 0 255 0
P 114 50 0 255 0
P 115 50 0 255 0
P 116 50 0 255 0
P 117 50 0 255 0
P 118 50 0 255 0
P 119 50 0 255 0
P 120 50 0 255 0
P 121 50 0 255 0
P 122 50 0 255 0
P 123 50 0 255 0
P 124 50 0 255 0
P 125 50 0 255 0
P 126 50 0 255 0
P 127 50 0 255 0
P 128 50 0 255 0
P 129 50 0 255 0
P 130 50 0 255 0
P 131 50 0 255 0
P 132 50 0 255 0
P 133 50 0 255 0
P 134 50 0 255 0
P 135 50 0 255 0
P 136 50 0 255 0
P 137 50 0 255 0
P 138 50 0 255 0
P 139 50 0 255 0
P 140 50 0 255 0
P 141 50 0 255 0
P 142 50 0 255 0
P 143 50 0 255 0
P 144 50 0 255 0
P 145 50 0 255 0
P 146 50 0 255 0
P 147 50 0 255 0
P 148 50 0 255 0
P 149 50 0 255 0
P 150 50 0 255 0
P 151 50 0 255 0
P 152 50 0 255 0
P 153 50 0 255 0
P 154 50 0 255 0
P 155 50 0 255 0
P 156 50 0 255 0
P 157 50 0 255 0
P 158 50 0 255 0
P 159 50 0 255 0
P 160 50 0 255 0
P 161 50 0 255 0
P 162 50 0 255 0
P 163 50 0 255 0
P 164 50 0 255 0
P 165 50 0 255 0
P 166 50 0 255 0
P 167 50 0 255 0
P 168 50 0 255 0
P 169 50 0 255 0
P 170 50 0 255 0
P 171 50 0 255 0
P 74 51 0 255 0
P 75 51 0 255 0
P 76 51 0 255 0
P 77 51 0 255 0
P 78 51 0 255 0
P 79 51 0 255 0
P 80 51 0 255 0
P 81 51 0 255 0
P 82 51 0 255 0
P 83 51 0 255 0
P 84 51 0 255 0
P 85 51 0 255 0
P 86 51 0 255 0
P 87 51 0 255 0
P 88 51 0 255 0
P 89 51 0 255 0
P 90 51 0 255 0
P 91 51 0 255 0
P 92 51 0 255 0
P 93 51 0 255 0
P 94 51 0 255 0
P 95 51 0 255 0
P 96 51 0 255 0
P 97 51 0 255 0
P 98 51 0 255 0
P 99 51 0 255 0
P 100 51 0 255 0
P 101 51 0 255 0
P 102 51 0 255 0
P 103 51 0 255 0
P 104 51 0 255 0
P 105 51 0 255 0
P 106 51 0 255 0
P 107 51 0 255 0
P 108 51 0 255 0
P 109 51 0 255 0
P 110 51 0 255 0
P 111 51 0 255 0
P 112 51 0 255 0
P 113 51 0 255 0
P 114 51 0 255 0
P 115 51 0 255 0
P 116 51 0 255 0
P 117 51 0 255 0
P 118 51 0 255 0
P 119 51 0 255 0
P 120 51 0 255 0
P 121 51 0 255 0
P 122 51 0 255 0
P 123 51 0 255 0
P 124 51 0 255 0
P 125 51 0 255 0
P 126 51 0 255 0
P 127 51 0 255 0
P 128 51 0 255 0
P 129 51 0 255 0
P 130 51 0 255 0
P 131 51 0 255 0
P 132 51 0 255 0
P 133 51 0 255 0
P 134 51 0 255 0
P 135 51 0 255 0
P 136 51 0 255 0
P 137 51 0 255 0
P 138 51 0 255 0
P 139 51 0 255 0
P 140 51 0 255 0
P 141 51 0 255 0
P 142 51 0 255 0
P 143 51 0 255 0
P 144 51 0 255 0
P 145 51 0 255 0
P 146 51 0 255 0
P 147 51 0 255 0
P 148 51 0 255 0
P 149 51 0 255 0
P 150 51 0 255 0
P 151 51 0 255 0
P 152 51 0 255 0
P 153 51 0 255 0
P 154 51 0 255 0
P 155 51 0 255 0
P 156 51 0 255 0
P 157 51 0 255 0
P 158 51 0 255 0
P 159 51 0 255 0
P 160 51 0 255 0
P 161 51 0 255 0
P 162 51 0 255 0
P 163 51 0 255 0
P 164 51 0 255 0
P 165 51 0 255 0
P 166 51 0 255 0
P 167 51 0 255 0
P 168 51 0 255 0
P 169 51 0 255 0
P 170 51 0 255 0
P 76 52 0 255 0
P 77 52 0 255 0
P 78 52 0 255 0
P 79 52 0 255 0
P 80 52 0 255 0
P 81 52 0 255 0
P 82 52 0 255 0
P 83 52 0 255 0
P 84 52 0 255 0
P 85 52 0 255 0
P 86 52 0 255 0
P 87 52 0 255 0
P 88 52 0 255 0
P 89 52 0 255 0
P 90 52 0 255 0
P 91 52 0 255 0
P 92 52 0 255 0
P 93 52 0 255 0
P 94 52 0 255 0
P 95 52 0 255 0
P 96 52 0 255 0
P 97 52 0 255 0
P 98 52 0 255 0
P 99 52 0 255 0
P 100 52 0 255 0
P 101 52 0 255 0
P 102 52 0 255 0
P 103 52 0 255 0
P 104 52 0 255 0
P 105 52 0 255 0
P 106 52 0 255 0
P 107 52 0 255 0
P 108 52 0 255 0
P 109 52 0 255 0
P 110 52 0 255 0
P 111 52 0 255 0
P 112 52 0 255 0
P 113 52 0 255 0
P 114 52 0 255 0
P 115 52 0 255 0
P 116 52 0 255 0
P 117 52 0 255 0
P 118 52 0 255 0
P 119 52 0 255 0
P 120 52 0 255 0
P 121 52 0 255 0
P 122 52 0 255 0
P 123 52 0 255 0
P 124 52 0 255 0
P 125 52 0 255 0
P 126 52 0 255 0
P 127 52 0 255 0
P 128 52 0 255 0
P 129 52 0 255 0
P 130 52 0 255 0
P 131 52 0 255 0
P 132 52 0 255 0
P 133 52 0 255 0
P 134 52 0 255 0
P 135 52 0 255 0
P 136 52 0 255 0
P 137 52 0 255 0
P 138 52 0 255 0
P 139 52 0 255 0
P 140 52 0 255 0
P 141 52 0 255 0
P 142 52 0 255 0
P 143 52 0 255 0
P 144 52 0 255 0
P 145 52 0 255 0
P 146 52 0 255 0
P 147 52 0 255 0
P 148 52 0 255 0
P 149 52 0 255 0
P 150 52 0 255 0
P 151 52 0 255 0
P 152 52 0 255 0
P 153 52 0 255 0
P 154 52 0 255 0
P 155 52 0 255 0
P 156 52 0 255 0
P 157 52 0 255 0
P 158 52 0 255 0
P 159 52 0 255 0
P 160 52 0 255 0
P 161 52 0 255 0
P 162 52 0 255 0
P 163 52 0 255 0
P 164 52 0 255 0
P 165 52 0 255 0
P 166 52 0 255 0
P 167 52 0 255 0
P 168 52 0 255 0
P 169 52 0 255 0
P 170 52 0 255 0
P 77 53 0 255 0
P 78 53 0 255 0
P 79 53 0 255 0
P 80 53 0 255 0
P 81 53 0 255 0
P 82 53 0 255 0
P 83 53 0 255 0
P 84 53 0 255 0
P 85 53 0 255 0
P 86 53 0 255 0
P 87 53 0 255 0
P 88 53 0 255 0
P 89 53 0 255 0
P 90 53 0 255 0
P 91 53 0 255 0
P 92 53 0 255 0
P 93 53 0 255 0
P 94 53 0 255 0
P 95 53 0 255 0
P 96 53 0 255 0
P 97 53 0 255 0
P 98 53 0 255 0
P 99 53 0 255 0
P 100 53 0 255 0
P 101 53 0 255 0
P 102 53 0 255 0
P 103 53 0 255 0
P 104 53 0 255 0
P 105 53 0 255 0
P 106 53 0 255 0
P 107 53 0 255 0
P 108 53 0 255 0
P 109 53 0 255 0
P 110 53 0 255 0
P 111 53 0 255 0
P 112 53 0 255 0
P 113 53 0 255 0
P 114 53 0 255 0
P 115 53 0 255 0
P 116 53 0 255 0
P 117 53 0 255 0
P 118 53 0 255 0
P 119 53 0 255 0
P 120 53 0 255 0
P 121 53 0 255 0
P 122 53 0 255 0
P 123 53 0 255 0
P 124 53 0 255 0
P 125 53 0 255 0
P 126 53 0 255 0
P 127 53 0 255 0
P 128 53 0 255 0
P 129 53 0 255 0
P 130 53 0 255 0
P 131 53 0 255 0
P 132 53 0 255 0
P 133 53 0 255 0
P 134 53 0 255 0
P 135 53 0 255 0
P 136 53 0 255 0
P 137 53 0 255 0
P 138 53 0 255 0
P 139 53 0 255 0
P 140 53 0 255 0
P 141 53 0 255 0
P 142 53 0 255 0
P 143 53 0 255 0
P 144 53 0 255 0
P 145 53 0 255 0
P 146 53 0 255 0
P 147 53 0 255 0
P 148 53 0 255 0
P 149 53 0 255 0
P 150 53 0 255 0
P 151 53 0 255 0
P 152 53 0 255 0
P 153 53 0 255 0
P 154 53 0 255 0
P 155 53 0 255 0
P 156 53 0 255 0
P 157 53 0 255 0
P 158 53 0 255 0
P 159 53 0 255 0
P 160 53 0 255 0
P 161 53 0 255 0
P 162 53 0 255 0
P 163 53 0 255 0
P 164 53 0 255 0
P 165 53 0 255 0
P 166 53 0 255 0
P 167 53 0 255 0
P 168 53 0 255 0
P 169 53 0 255 0
P 170 53 0 255 0
P 78 54 0 255 0
P 79 54 0 255 0
P 80 54 0 255 0
P 81 54 0 255 0
P 82 54 0 255 0
P 83 54 0 255 0
P 84 54 0 255 0
P 85 54 0 255 0
P 86 54 0 255 0
P 87 54 0 255 0
P 88 54 0 255 0
P 89 54 0 255 0
P 90 54 0 255 0
P 91 54 0 255 0
P 92 54 0 255 0
P 93 54 0 255 0
P 94 54 0 255 0
P 95 54 0 255 0
P 96 54 0 255 0
P 97 54 0 255 0
P 98 54 0 255 0
P 99 54 0 255 0
P 100 54 0 255 0
P 101 54 0 255 0
P 102 54 0 255 0
P 103 54 0 255 0
P 104 54 0 255 0
P 105 54 0 255 0
P 106 54 0 255 0
P 107 54 0 255 0
P 108 54 0 255 0
P 109 54 0 255 0
P 110 54 0 255 0
P 111 54 0 255 0
P 112 54 0 255 0
P 113 54 0 255 0
P 114 54 0 255 0
P 115 54 0 255 0
P 116 54 0 255 0
P 117 54 0 255 0
P 118 54 0 255 0
P 119 54 0 255 0
P 120 54 0 255 0
P 121 54 0 255 0
P 122 54 0 255 0
P 123 54 0 255 0
P 124 54 0 255 0
P 125 54 0 255 0
P 126 54 0 255 0
P 127 54 0 255 0
P 128 54 0 255 0
P 129 54 0 255 0
P 130 54 0 255 0
P 131 54 0 255 0
P 132 54 0 255 0
P 133 54 0 255 0
P 134 54 0 255 0
P 135 54 0 255 0
P 136 54 0 255 0
P 137 54 0 255 0
P 138 54 0 255 0
P 139 54 0 255 0
P 140 54 0 255 0
P 141 54 0 255 0
P 142 54 0 255 0
P 143 54 0 255 0
P 144 54 0 255 0
P 145 54 0 255 0
P 146 54 0 255 0
P 147 54 0 255 0
P 148 54 0 255 0
P 149 54 0 255 0
P 150 54 0 255 0
P 151 54 0 255 0
P 152 54 0 255 0
P 153 54 0 255 0
P 154 54 0 255 0
P 155 54 0 255 0
P 156 54 0 255 0
P 157 54 0 255 0
P 158 54 0 255 0
P 159 54 0 255 0
P 160 54 0 255 0
P 161 54 0 255 0
P 162 54 0 255 0
P 163 54 0 255 0
P 164 54 0 255 0
P 165 54 0 255 0
P 166 54 0 255 0
P 167 54 0 255 0
P 168 54 0 255 0
P 169 54 0 255 0
P 170 54 0 255 0
P 79 55 0 255 0
P 80 55 0 255 0
P 81 55 0 255 0
P 82 55 0 255 0
P 83 55 0 255 0
P 84 55 0 255 0
P 85 55 0 255 0
P 86 55 0 255 0
P 87 55 0 255 0
P 88 55 0 255 0
P 89 55 0 255 0
P 90 55 0 255 0
P 91 55 0 255 0
P 92 55 0 255 0
P 93 55 0 255 0
P 94 55 0 255 0
P 95 55 0 255 0
P 96 55 0 255 0
P 97 55 0 255 0
P 98 55 0 255 0
P 99 55 0 255 0
P 100 55 0 255 0
P 101 55 0 255 0
P 102 55 0 255 0
P 103 55 0 255 0
P 104 55 0 255 0
P 105 55 0 255 0
P 106 55 0 255 0
P 107 55 0 255 0
P 108 55 0 255 0
P 109 55 0 255 0
P 110 55 0 255 0
P 111 55 0 255 0
P 112 55 0 255 0
P 113 55 0 255 0
P 114 55 0 255 0
P 115 55 0 255 0
P 116 55 0 255 0
P 117 55 0 255 0
P 118 55 0 255 0
P 119 55 0 255 0
P 120 55 0 255 0
P 121 55 0 255 0
P 122 55 0 255 0
P 123 55 0 255 0
P 124 55 0 255 0
P 125 55 0 255 0
P 126 55 0 255 0
P 127 55 0 255 0
P 128 55 0 255 0
P 129 55 0 255 0
P 130 55 0 255 0
P 131 55 0 255 0
P 132 55 0 255 0
P 133 55 0 255 0
P 134 55 0 255 0
P 135 55 0 255 0
P 136 55 0 255 0
P 137 55 0 255 0
P 138 55 0 255 0
P 139 55 0 255 0
P 140 55 0 255 0
P 141 55 0 255 0
P 142 55 0 255 0
P 143 55 0 255 0
P 144 55 0 255 0
P 145 55 0 255 0
P 146 55 0 255 0
P 147 55 0 255 0
P 148 55 0 255 0
P 149 55 0 255 0
P 150 55 0 255 0
P 151 55 0 255 0
P 152 55 0 255 0
P 153 55 0 255 0
P 154 55 0 255 0
P 155 55 0 255 0
P 156 55 0 255 0
P 157 55 0 255 0
P 158 55 0 255 0
P 159 55 0 255 0
P 160 55 0 255 0
P 161 55 0 255 0
P 162 55 0 255 0
P 163 55 0 255 0
P 164 55 0 255 0
P 165 55 0 255 0
P 166 55 0 255 0
P 167 55 0 255 0
P 168 55 0 255 0
P 169 55 0 255 0
P 170 55 0 255 0
P 81 56 0 255 0
P 82 56 0 255 0
P 83 56 0 255 0
P 84 56 0 255 0
P 85 56 0 255 0
P 86 56 0 255 0
P 87 56 0 255 0
P 88 56 0 255 0
P 89 56 0 255 0
P 90 56 0 255 0
P 91 56 0 255 0
P 92 56 0 255 0
P 93 56 0 255 0
P 94 56 0 255 0
P 95 56 0 255 0
P 96 56 0 255 0
P 97 56 0 255 0
P 98 56 0 255 0
P 99 56 0 255 0
P 100 56 0 255 0
P 101 56 0 255 0
P 102 56 0 255 0
P 103 56 0 255 0
P 104 56 0 255 0
P 105 56 0 255 0
P 106 56 0 255 0
P 107 56 0 255 0
P 108 56 0 255 0
P 109 56 0 255 0
P 110 56 0 255 0
P 111 56 0 255 0
P 112 56 0 255 0
P 113 56 0 255 0
P 114 56 0 255 0
P 115 56 0 255 0
P 116 56 0 255 0
P 117 56 0 255 0
P 118 56 0 255 0
P 119 56 0 255 0
P 120 56 0 255 0
P 121 56 0 255 0
P 122 56 0 255 0
P 123 56 0 255 0
P 124 56 0 255 0
P 125 56 0 255 0
P 126 56 0 255 0
P 127 56 0 255 0
P 128 56 0 255 0
P 129 56 0 255 0
P 130 56 0 255 0
P 131 56 0 255 0
P 132 56 0 255 0
P 133 56 0 255 0
P 134 56 0 255 0
P 135 56 0 255 0
P 136 56 0 255 0
P 137 56 0 255 0
P 138 56 0 255 0
P 139 56 0 255 0
P 140 56 0 255 0
P 141 56 0 255 0
P 142 56 0 255 0
P 143 56 0 255 0
P 144 56 0 255 0
P 145 56 0 255 0
P 146 56 0 255 0
P 147 56 0 255 0
P 148 56 0 255 0
P 149 56 0 255 0
P 150 56 0 255 0
P 151 56 0 255 0
P 152 56 0 255 0
P 153 56 0 255 0
P 154 56 0 255 0
P 155 56 0 255 0
P 156 56 0 255 0
P 157 56 0 255 0
P 158 56 0 255 0
P 159 56 0 255 0
P 160 56 0 255 0
P 161 56 0 255 0
P 162 56 0 255 0
P 163 56 0 255 0
P 164 56 0 255 0
P 165 56 0 255 0
P 166 56 0 255 0
P 167 56 0 255 0
P 168 56 0 255 0
P 169 56 0 255 0
P 170 56 0 255 0
P 82 57 0 255 0
P 83 57 0 255 0
P 84 57 0 255 0
P 85 57 0 255 0
P 86 57 0 255 0
P 87 57 0 255 0
P 88 57 0 255 0
P 89 57 0 255 0
P 90 57 0 255 0
P 91 57 0 255 0
P 92 57 0 255 0
P 93 57 0 255 0
P 94 57 0 255 0
P 95 57 0 255 0
P 96 57 0 255 0
P 97 57 0 255 0
P 98 57 0 255 0
P 99 57 0 255 0
P 100 57 0 255 0
P 101 57 0 255 0
P 102 57 0 255 0
P 103 57 0 255 0
P 104 57 0 255 0
P 105 57 0 255 0
P 106 57 0 255 0
P 107 57 0 255 0
P 108 57 0 255 0
P 109 57 0 255 0
P 110 57 0 255 0
P 111 57 0 255 0
P 112 57 0 255 0
P 113 57 0 255 0
P 114 57 0 255 0
P 115 57 0 255 0
P 116 57 0 255 0
P 117 57 0 255 0
P 118 57 0 255 0
P 119 57 0 255 0
P 120 57 0 255 0
P 121 57 0 255 0
P 122 57 0 255 0
P 123 57 0 255 0
P 124 57 0 255 0
P 125 57 0 255 0
P 126 57 0 255 0
P 127 57 0 255 0
P 128 57 0 255 0
P 129 57 0 255 0
P 130 57 0 255 0
P 131 57 0 255 0
P 132 57 0 255 0
P 133 57 0 255 0
P 134 57 0 255 0
P 135 57 0 255 0
P 136 57 0 255 0
P 137 57 0 255 0
P 138 57 0 255 0
P 139 57 0 255 0
P 140 57 0 255 0
P 141 57 0 255 0
P 142 57 0 255 0
P 143 57 0 255 0
P 144 57 0 255 0
P 145 57 0 255 0
P 146 57 0 255 0
P 147 57 0 255 0
P 148 57 0 255 0
P 149 57 0 255 0
P 150 57 0 255 0
P 151 57 0 255 0
P 152 57 0 255 0
P 153 57 0 255 0
P 154 57 0 255 0
P 155 57 0 255 0
P 156 57 0 255 0
P 157 57 0 255 0
P 158 57 0 255 0
P 159 57 0 255 0
P 160 57 0 255 0
P 161 57 0 255 0
P 162 57 0 255 0
P 163 57 0 255 0
P 164 57 0 255 0
P 165 57 0 255 0
P 166 57 0 255 0
P 167 57 0 255 0
P 168 57 0 255 0
P 169 57 0 255 0
P 83 58 0 255 0
P 84 58 0 255 0
P 85 58 0 255 0
P 86 58 0 255 0
P 87 58 0 255 0
P 88 58 0 255 0
P 89 58 0 255 0
P 90 58 0 255 0
P 91 58 0 255 0
P 92 58 0 255 0
P 93 58 0 255 0
P 94 58 0 255 0
P 95 58 0 255 0
P 96 58 0 255 0
P 97 58 0 255 0
P 98 58 0 255 0
P 99 58 0 255 0
P 100 58 0 255 0
P 101 58 0 255 0
P 102 58 0 255 0
P 103 58 0 255 0
P 104 58 0 255 0
P 105 58 0 255 0
P 106 58 0 255 0
P 107 58 0 255 0
P 108 58 0 255 0
P 109 58 0 255 0
P 110 58 0 255 0
P 111 58 0 255 0
P 112 58 0 255 0
P 113 58 0 255 0
P 114 58 0 255 0
P 115 58 0 255 0
P 116 58 0 255 0
P 117 58 0 255 0
P 118 58 0 255 0
P 119 58 0 255 0
P 120 58 0 255 0
P 121 58 0 255 0
P 122 58 0 255 0
P 123 58 0 255 0
P 124 58 0 255 0
P 125 58 0 255 0
P 126 58 0 255 0
P 127 58 0 255 0
P 128 58 0 255 0
P 129 58 0 255 0
P 130 58 0 255 0
P 131 58 0 255 0
P 132 58 0 255 0
P 133 58 0 255 0
P 134 58 0 255 0
P 135 58 0 255 0
P 136 58 0 255 0
P 137 58 0 255 0
P 138 58 0 255 0
P 139 58 0 255 0
P 140 58 0 255 0
P 141 58 0 255 0
P 142 58 0 255 0
P 143 58 0 255 0
P 144 58 0 255 0
P 145 58 0 255 0
P 146 58 0 255 0
P 147 58 0 255 0
P 148 58 0 255 0
P 149 58 0 255 0
P 150 58 0 255 0
P 151 58 0 255 0
P 152 58 0 255 0
P 153 58 0 255 0
P 154 58 0 255 0
P 155 58 0 255 0
P 156 58 0 255 0
P 157 58 0 255 0
P 158 58 0 255 0
P 159 58 0 255 0
P 160 58 0 255 0
P 161 58 0 255 0
P 162 58 0 255 0
P 163 58 0 255 0
P 164 58 0 255 0
P 165 58 0 255 0
P 166 58 0 255 0
P 167 58 0 255 0
P 168 58 0 255 0
P 169 58 0 255 0
P 84 59 0 255 0
P 85 59 0 255 0
P 86 59 0 255 0
P 87 59 0 255 0
P 88 59 0 255 0
P 89 59 0 255 0
P 90 59 0 255 0
P 91 59 0 255 0
P 92 59 0 255 0
P 93 59 0 255 0
P 94 59 0 255 0
P 95 59 0 255 0
P 96 59 0 255 0
P 97 59 0 255 0
P 98 59 0 255 0
P 99 59 0 255 0
P 100 59 0 255 0
P 101 59 0 255 0
P 102 59 0 255 0
P 103 59 0 255 0
P 104 59 0 255 0
P 105 59 0 255 0
P 106 59 0 255 0
P 107 59 0 255 0
P 108 59 0 255 0
P 109 59 0 255 0
P 110 59 0 255 0
P 111 59 0 255 0
P 112 59 0 255 0
P 113 59 0 255 0
P 114 59 0 255 0
P 115 59 0 255 0
P 116 59 0 255 0
P 117 59 0 255 0
P 118 59 0 255 0
P 119 59 0 255 0
P 120 59 0 255 0
P 121 59 0 255 0
P 122 59 0 255 0
P 123 59 0 255 0
P 124 59 0 255 0
P 125 59 0 255 0
P 126 59 0 255 0
P 127 59 0 255 0
P 128 59 0 255 0
P 129 59 0 255 0
P 130 59 0 255 0
P 131 59 0 255 0
P 132 59 0 255 0
P 133 59 0 255 0
P 134 59 0 255 0
P 135 59 0 255 0
P 136 59 0 255 0
P 137 59 0 255 0
P 138 59 0 255 0
P 139 59 0 255 0
P 140 59 0 255 0
P 141 59 0 255 0
P 142 59 0 255 0
P 143 59 0 255 0
P 144 59 0 255 0
P 145 59 0 255 0
P 146 59 0 255 0
P 147 59 0 255 0
P 148 59 0 255 0
P 149 59 0 255 0
P 150 59 0 255 0
P 151 59 0 255 0
P 152 59 0 255 0
P 153 59 0 255 0
P 154 59 0 255 0
P 155 59 0 255 0
P 156 59 0 255 0
P 157 59 0 255 0
P 158 59 0 255 0
P 159 59 0 255 0
P 160 59 0 255 0
P 161 59 0 255 0
P 162 59 0 255 0
P 163 59 0 255 0
P 164 59 0 255 0
P 165 59 0 255 0
P 166 59 0 255 0
P 167 59 0 255 0
P 168 59 0 255 0
P 169 59 0 255 0
P 86 60 0 255 0
P 87 60 0 255 0
P 88 60 0 255 0
P 89 60 0 255 0
P 90 60 0 255 0
P 91 60 0 255 0
P 92 60 0 255 0
P 93 60 0 255 0
P 94 60 0 255 0
P 95 60 0 255 0
P 96 60 0 255 0
P 97 60 0 255 0
P 98 60 0 255 0
P 99 60 0 255 0
P 100 60 0 255 0
P 101 60 0 255 0
P 102 60 0 255 0
P 103 60 0 255 0
P 104 60 0 255 0
P 105 60 0 255 0
P 106 60 0 255 0
P 107 60 0 255 0
P 108 60 0 255 0
P 109 60 0 255 0
P 110 60 0 255 0
P 111 60 0 255 0
P 112 60 0 255 0
P 113 60 0 255 0
P 114 60 0 255 0
P 115 60 0 255 0
P 116 60 0 255 0
P 117 60 0 255 0
P 118 60 0 255 0
P 119 60 0 255 0
P 120 60 0 255 0
P 121 60 0 255 0
P 122 60 0 255 0
P 123 60 0 255 0
P 124 60 0 255 0
P 125 60 0 255 0
P 126 60 0 255 0
P 127 60 0 255 0
P 128 60 0 255 0
P 129 60 0 255 0
P 130 60 0 255 0
P 131 60 0 255 0
P 132 60 0 255 0
P 133 60 0 255 0
P 134 60 0 255 0
P 135 60 0 255 0
P 136 60 0 255 0
P 137 60 0 255 0
P 138 60 0 255 0
P 139 60 0 255 0
P 140 60 0 255 0
P 141 60 0 255 0
P 142 60 0 255 0
P 143 60 0 255 0
P 144 60 0 255 0
P 145 60 0 255 0
P 146 60 0 255 0
P 147 60 0 255 0
P 148 60 0 255 0
P 149 60 0 255 0
P 150 60 0 255 0
P 151 60 0 255 0
P 152 60 0 255 0
P 153 60 0 255 0
P 154 60 0 255 0
P 155 60 0 255 0
P 156 60 0 255 0
P 157 60 0 255 0
P 158 60 0 255 0
P 159 60 0 255 0
P 160 60 0 255 0
P 161 60 0 255 0
P 162 60 0 255 0
P 163 60 0 255 0
P 164 60 0 255 0
P 165 60 0 255 0
P 166 60 0 255 0
P 167 60 0 255 0
P 168 60 0 255 0
P 169 60 0 255 0
P 87 61 0 255 0
P 88 61 0 255 0
P 89 61 0 255 0
P 90 61 0 255 0
P 91 61 0 255 0
P 92 61 0 255 0
P 93 61 0 255 0
P 94 61 0 255 0
P 95 61 0 255 0
P 96 61 0 255 0
P 97 61 0 255 0
P 98 61 0 255 0
P 99 61 0 255 0
P 100 61 0 255 0
P 101 61 0 255 0
P 102 61 0 255 0
P 103 61 0 255 0
P 104 61 0 255 0
P 105 61 0 255 0
P 106 61 0 255 0
P 107 61 0 255 0
P 108 61 0 255 0
P 109 61 0 255 0
P 110 61 0 255 0
P 111 61 0 255 0
P 112 61 0 255 0
P 113 61 0 255 0
P 114 61 0 255 0
P 115 61 0 255 0
P 116 61 0 255 0
P 117 61 0 255 0
P 118 61 0 255 0
P 119 61 0 255 0
P 120 61 0 255 0
P 121 61 0 255 0
P 122 61 0 255 0
P 123 61 0 255 0
P 124 61 0 255 0
P 125 61 0 255 0
P 126 61 0 255 0
P 127 61 0 255 0
P 128 61 0 255 0
P 129 61 0 255 0
P 130 61 0 255 0
P 131 61 0 255 0
P 132 61 0 255 0
P 133 61 0 255 0
P 134 61 0 255 0
P 135 61 0 255 0
P 136 61 0 255 0
P 137 61 0 255 0
P 138 61 0 255 0
P 139 61 0 255 0
P 140 61 0 255 0
P 141 61 0 255 0
P 142 61 0 255 0
P 143 61 0 255 0
P 144 61 0 255 0
P 145 61 0 255 0
P 146 61 0 255 0
P 147 61 0 255 0
P 148 61 0 255 0
P 149 61 0 255 0
P 150 61 0 255 0
P 151 61 0 255 0
P 152 61 0 255 0
P 153 61 0 255 0
P 154 61 0 255 0
P 155 61 0 255 0
P 156 61 0 255 0
P 157 61 0 255 0
P 158 61 0 255 0
P 159 61 0 255 0
P 160 61 0 255 0
P 161 61 0 255 0
P 162 61 0 255 0
P 163 61 0 255 0
P 164 61 0 255 0
P 165 61 0 255 0
P 166 61 0 255 0
P 167 61 0 255 0
P 168 61 0 255 0
P 169 61 0 255 0
P 88 62 0 255 0
P 89 62 0 255 0
P 90 62 0 255 0
P 91 62 0 255 0
P 92 62 0 255 0
P 93 62 0 255 0
P 94 62 0 255 0
P 95 62 0 255 0
P 96 62 0 255 0
P 97 62 0 255 0
P 98 62 0 255 0
P 99 62 0 255 0
P 100 62 0 255 0
P 101 62 0 255 0
P 102 62 0 255 0
P 103 62 0 255 0
P 104 62 0 255 0
P 105 62 0 255 0
P 106 62 0 255 0
P 107 62 0 255 0
P 108 62 0 255 0
P 109 62 0 255 0
P 110 62 0 255 0
P 111 62 0 255 0
P 112 62 0 255 0
P 113 62 0 255 0
P 114 62 0 255 0
P 115 62 0 255 0
P 116 62 0 255 0
P 117 62 0 255 0
P 118 62 0 255 0
P 119 62 0 255 0
P 120 62 0 255 0
P 121 62 0 255 0
P 122 62 0 255 0
P 123 62 0 255 0
P 124 62 0 255 0
P 125 62 0 255 0
P 126 62 0 255 0
P 127 62 0 255 0
P 128 62 0 255 0
P 129 62 0 255 0
P 130 62 0 255 0
P 131 62 0 255 0
P 132 62 0 255 0
P 133 62 0 255 0
P 134 62 0 255 0
P 135 62 0 255 0
P 136 62 0 255 0
P 137 62 0 255 0
P 138 62 0 255 0
P 139 62 0 255 0
P 140 62 0 255 0
P 141 62 0 255 0
P 142 62 0 255 0
P 143 62 0 255 0
P 144 62 0 255 0
P 145 62 0 255 0
P 146 62 0 255 0
P 147 62 0 255 0
P 148 62 0 255 0
P 149 62 0 255 0
P 150 62 0 255 0
P 151 62 0 255 0
P 152 62 0 255 0
P 153 62 0 255 0
P 154 62 0 255 0
P 155 62 0 255 0
P 156 62 0 255 0
P 157 62 0 255 0
P 158 62 0 255 0
P 159 62 0 255 0
P 160 62 0 255 0
P 161 62 0 255 0
P 162 62 0 255 0
P 163 62 0 255 0
P 164 62 0 255 0
P 165 62 0 255 0
P 166 62 0 255 0
P 167 62 0 255 0
P 168 62 0 255 0
P 169 62 0 255 0
P 89 63 0 255 0
P 90 63 0 255 0
P 91 63 0 255 0
P 92 63 0 255 0
P 93 63 0 255 0
P 94 63 0 255 0
P 95 63 0 255 0
P 96 63 0 255 0
P 97 63 0 255 0
P 98 63 0 255 0
P 99 63 0 255 0
P 100 63 0 255 0
P 101 63 0 255 0
P 102 63 0 255 0
P 103 63 0 255 0
P 104 63 0 255 0
P 105 63 0 255 0
P 106 63 0 255 0
P 107 63 0 255 0
P 108 63 0 255 0
P 109 63 0 255 0
P 110 63 0 255 0
P 111 63 0 255 0
P 112 63 0 255 0
P 113 63 0 255 0
P 114 63 0 255 0
P 115 63 0 255 0
P 116 63 0 255 0
P 117 63 0 255 0
P 118 63 0 255 0
P 119 63 0 255 0
P 120 63 0 255 0
P 121 63 0 255 0
P 122 63 0 255 0
P 123 63 0 255 0
P 124 63 0 255 0
P 125 63 0 255 0
P 126 63 0 255 0
P 127 63 0 255 0
P 128 63 0 255 0
P 129 63 0 255 0
P 130 63 0 255 0
P 131 63 0 255 0
P 132 63 0 255 0
P 133 63 0 255 0
P 134 63 0 255 0
P 135 63 0 255 0
P 136 63 0 255 0
P 137 63 0 255 0
P 138 63 0 255 0
P 139 63 0 255 0
P 140 63 0 255 0
P 141 63 0 255 0
P 142 63 0 255 0
P 143 63 0 255 0
P 144 63 0 255 0
P 145 63 0 255 0
P 146 63 0 255 0
P 147 63 0 255 0
P 148 63 0 255 0
P 149 63 0 255 0
P 150 63 0 255 0
P 151 63 0 255 0
P 152 63 0 255 0
P 153 63 0 255 0
P 154 63 0 255 0
P 155 63 0 255 0
P 156 63 0 255 0
P 157 63 0 255 0
P 158 63 0 255 0
P 159 63 0 255 0
P 160 63 0 255 0
P 161 63 0 255 0
P 162 63 0 255 0
P 163 63 0 255 0
P 164 63 0 255 0
P 165 63 0 255 0
P 166 63 0 255 0
P 167 63 0 255 0
P 168 63 0 255 0
P 91 64 0 255 0
P 92 64 0 255 0
P 93 64 0 255 0
P 94 64 0 255 0
P 95 64 0 255 0
P 96 64 0 255 0
P 97 64 0 255 0
P 98 64 0 255 0
P 99 64 0 255 0
P 100 64 0 255 0
P 101 64 0 255 0
P 102 64 0 255 0
P 103 64 0 255 0
P 104 64 0 255 0
P 105 64 0 255 0
P 106 64 0 255 0
P 107 64 0 255 0
P 108 64 0 255 0
P 109 64 0 255 0
P 110 64 0 255 0
P 111 64 0 255 0
P 112 64 0 255 0
P 113 64 0 255 0
P 114 64 0 255 0
P 115 64 0 255 0
P 116 64 0 255 0
P 117 64 0 255 0
P 118 64 0 255 0
P 119 64 0 255 0
P 120 64 0 255 0
P 121 64 0 255 0
P 122 64 0 255 0
P 123 64 0 255 0
P 124 64 0 255 0
P 125 64 0 255 0
P 126 64 0 255 0
P 127 64 0 255 0
P 128 64 0 255 0
P 129 64 0 255 0
P 130 64 0 255 0
P 131 64 0 255 0
P 132 64 0 255 0
P 133 64 0 255 0
P 134 64 0 255 0
P 135 64 0 255 0
P 136 64 0 255 0
P 137 64 0 255 0
P 138 64 0 255 0
P 139 64 0 255 0
P 140 64 0 255 0
P 141 64 0 255 0
P 142 64 0 255 0
P 143 64 0 255 0
P 144 64 0 255 0
P 145 64 0 255 0
P 146 64 0 255 0
P 147 64 0 255 0
P 148 64 0 255 0
P 149 64 0 255 0
P 150 64 0 255 0
P 151 64 0 255 0
P 152 64 0 255 0
P 153 64 0 255 0
P 154 64 0 255 0
P 155 64 0 255 0
P 156 64 0 255 0
P 157 64 0 255 0
P 158 64 0 255 0
P 159 64 0 255 0
P 160 64 0 255 0
P 161 64 0 255 0
P 162 64 0 255 0
P 163 64 0 255 0
P 164 64 0 255 0
P 165 64 0 255 0
P 166 64 0 255 0
P 167 64 0 255 0
P 168 64 0 255 0
P 92 65 0 255 0
P 93 65 0 255 0
P 94 65 0 255 0
P 95 65 0 255 0
P 96 65 0 255 0
P 97 65 0 255 0
P 98 65 0 255 0
P 99 65 0 255 0
P 100 65 0 255 0
P 101 65 0 255 0
P 102 65 0 255 0
P 103 65 0 255 0
P 104 65 0 255 0
P 105 65 0 255 0
P 106 65 0 255 0
P 107 65 0 255 0
P 108 65 0 255 0
P 109 65 0 255 0
P 110 65 0 255 0
P 111 65 0 255 0
P 112 65 0 255 0
P 113 65 0 255 0
P 114 65 0 255 0
P 115 65 0 255 0
P 116 65 0 255 0
P 117 65 0 255 0
P 118 65 0 255 0
P 119 65 0 255 0
P 120 65 0 255 0
P 121 65 0 255 0
P 122 65 0 255 0
P 123 65 0 255 0
P 124 65 0 255 0
P 125 65 0 255 0
P 126 65 0 255 0
P 127 65 0 255 0
P 128 65 0 255 0
P 129 65 0 255 0
P 130 65 0 255 0
P 131 65 0 255 0
P 132 65 0 255 0
P 133 65 0 255 0
P 134 65 0 255 0
P 135 65 0 255 0
P 136 65 0 255 0
P 137 65 0 255 0
P 138 65 0 255 0
P 139 65 0 255 0
P 140 65 0 255 0
P 141 65 0 255 0
P 142 65 0 255 0
P 143 65 0 255 0
P 144 65 0 255 0
P 145 65 0 255 0
P 146 65 0 255 0
P 147 65 0 255 0
P 148 65 0 255 0
P 149 65 0 255 0
P 150 65 0 255 0
P 151 65 0 255 0
P 152 65 0 255 0
P 153 65 0 255 0
P 154 65 0 255 0
P 155 65 0 255 0
P 156 65 0 255 0
P 157 65 0 255 0
P 158 65 0 255 0
P 159 65 0 255 0
P 160 65 0 255 0
P 161 65 0 255 0
P 162 65 0 255 0
P 163 65 0 255 0
P 164 65 0 255 0
P 165 65 0 255 0
P 166 65 0 255 0
P 167 65 0 255 0
P 168 65 0 255 0
P 93 66 0 255 0
P 94 66 0 255 0
P 95 66 0 255 0
P 96 66 0 255 0
P 97 66 0 255 0
P 98 66 0 255 0
P 99 66 0 255 0
P 100 66 0 255 0
P 101 66 0 255 0
P 102 66 0 255 0
P 103 66 0 255 0
P 104 66 0 255 0
P 105 66 0 255 0
P 106 66 0 255 0
P 107 66 0 255 0
P 108 66 0 255 0
P 109 66 0 255 0
P 110 66 0 255 0
P 111 66 0 255 0
P 112 66 0 255 0
P 113 66 0 255 0
P 114 66 0 255 0
P 115 66 0 255 0
P 116 66 0 255 0
P 117 66 0 255 0
P 118 66 0 255 0
P 119 66 0 255 0
P 120 66 0 255 0
P 121 66 0 255 0
P 122 66 0 255 0
P 123 66 0 255 0
P 124 66 0 255 0
P 125 66 0 255 0
P 126 66 0 255 0
P 127 66 0 255 0
P 128 66 0 255 0
P 129 66 0 255 0
P 130 66 0 255 0
P 131 66 0 255 0
P 132 66 0 255 0
P 133 66 0 255 0
P 134 66 0 255 0
P 135 66 0 255 0
P 136 66 0 255 0
P 137 66 0 255 0
P 138 66 0 255 0
P 139 66 0 255 0
P 140 66 0 255 0
P 141 66 0 255 0
P 142 66 0 255 0
P 143 66 0 255 0
P 144 66 0 255 0
P 145 66 0 255 0
P 146 66 0 255 0
P 147 66 0 255 0
P 148 66 0 255 0
P 149 66 0 255 0
P 150 66 0 255 0
P 151 66 0 255 0
P 152 66 0 255 0
P 153 66 0 255 0
P 154 66 0 255 0
P 155 66 0 255 0
P 156 66 0 255 0
P 157 66 0 255 0
P 158 66 0 255 0
P 159 66 0 255 0
P 160 66 0 255 0
P 161 66 0 255 0
P 162 66 0 255 0
P 163 66 0 255 0
P 164 66 0 255 0
P 165 66 0 255 0
P 166 66 0 255 0
P 167 66 0 255 0
P 168 66 0 255 0
P 94 67 0 255 0
P 95 67 0 255 0
P 96 67 0 255 0
P 97 67 0 255 0
P 98 67 0 255 0
P 99 67 0 255 0
P 100 67 0 255 0
P 101 67 0 255 0
P 102 67 0 255 0
P 103 67 0 255 0
P 104 67 0 255 0
P 105 67 0 255 0
P 106 67 0 255 0
P 107 67 0 255 0
P 108 67 0 255 0
P 109 67 0 255 0
P 110 67 0 255 0
P 111 67 0 255 0
P 112 67 0 255 0
P 113 67 0 255 0
P 114 67 0 255 0
P 115 67 0 255 0
P 116 67 0 255 0
P 117 67 0 255 0
P 118 67 0 255 0
P 119 67 0 255 0
P 120 67 0 255 0
P 121 67 0 255 0
P 122 67 0 255 0
P 123 67 0 255 0
P 124 67 0 255 0
P 125 67 0 255 0
P 126 67 0 255 0
P 127 67 0 255 0
P 128 67 0 255 0
P 129 67 0 255 0
P 130 67 0 255 0
P 131 67 0 255 0
P 132 67 0 255 0
P 133 67 0 255 0
P 134 67 0 255 0
P 135 67 0 255 0
P 136 67 0 255 0
P 137 67 0 255 0
P 138 67 0 255 0
P 139 67 0 255 0
P 140 67 0 255 0
P 141 67 0 255 0
P 142 67 0 255 0
P 143 67 0 255 0
P 144 67 0 255 0
P 145 67 0 255 0
P 146 67 0 255 0
P 147 67 0 255 0
P 148 67 0 255 0
P 149 67 0 255 0
P 150 67 0 255 0
P 151 67 0 255 0
P 152 67 0 255 0
P 153 67 0 255 0
P 154 67 0 255 0
P 155 67 0 255 0
P 156 67 0 255 0
P 157 67 0 255 0
P 158 67 0 255 0
P 159 67 0 255 0
P 160 67 0 255 0
P 161 67 0 255 0
P 162 67 0 255 0
P 163 67 0 255 0
P 164 67 0 255 0
P 165 67 0 255 0
P 166 67 0 255 0
P 167 67 0 255 0
P 168 67 0 255 0
P 96 68 0 255 0
P 97 68 0 255 0
P 98 68 0 255 0
P 99 68 0 255 0
P 100 68 0 255 0
P 101 68 0 255 0
P 102 68 0 255 0
P 103 68 0 255 0
P 104 68 0 255 0
P 105 68 0 255 0
P 106 68 0 255 0
P 107 68 0 255 0
P 108 68 0 255 0
P 109 68 0 255 0
P 110 68 0 255 0
P 111 68 0 255 0
P 112 68 0 255 0
P 113 68 0 255 0
P 114 68 0 255 0
P 115 68 0 255 0
P 116 68 0 255 0
P 117 68 0 255 0
P 118 68 0 255 0
P 119 68 0 255 0
P 120 68 0 255 0
P 121 68 0 255 0
P 122 68 0 255 0
P 123 68 0 255 0
P 124 68 0 255 0
P 125 68 0 255 0
P 126 68 0 255 0
P 127 68 0 255 0
P 128 68 0 255 0
P 129 68 0 255 0
P 130 68 0 255 0
P 131 68 0 255 0
P 132 68 0 255 0
P 133 68 0 255 0
P 134 68 0 255 0
P 135 68 0 255 0
P 136 68 0 255 0
P 137 68 0 255 0
P 138 68 0 255 0
P 139 68 0 255 0
P 140 68 0 255 0
P 141 68 0 255 0
P 142 68 0 255 0
P 143 68 0 255 0
P 144 68 0 255 0
P 145 68 0 255 0
P 146 68 0 255 0
P 147 68 0 255 0
P 148 68 0 255 0
P 149 68 0 255 0
P 150 68 0 255 0
P 151 68 0 255 0
P 152 68 0 255 0
P 153 68 0 255 0
P 154 68 0 255 0
P 155 68 0 255 0
P 156 68 0 255 0
P 157 68 0 255 0
P 158 68 0 255 0
P 159 68 0 255 0
P 160 68 0 255 0
P 161 68 0 255 0
P 162 68 0 255 0
P 163 68 0 255 0
P 164 68 0 255 0
P 165 68 0 255 0
P 166 68 0 255 0
P 167 68 0 255 0
P 168 68 0 255 0
P 97 69 0 255 0
P 98 69 0 255 0
P 99 69 0 255 0
P 100 69 0 255 0
P 101 69 0 255 0
P 102 69 0 255 0
P 103 69 0 255 0
P 104 69 0 255 0
P 105 69 0 255 0
P 106 69 0 255 0
P 107 69 0 255 0
P 108 69 0 255 0
P 109 69 0 255 0
P 110 69 0 255 0
P 111 69 0 255 0
P 112 69 0 255 0
P 113 69 0 255 0
P 114 69 0 255 0
P 115 69 0 255 0
P 116 69 0 255 0
P 117 69 0 255 0
P 118 69 0 255 0
P 119 69 0 255 0
P 120 69 0 255 0
P 121 69 0 255 0
P 122 69 0 255 0
P 123 69 0 255 0
P 124 69 0 255 0
P 125 69 0 255 0
P 126 69 0 255 0
P 127 69 0 255 0
P 128 69 0 255 0
P 129 69 0 255 0
P 130 69 0 255 0
P 131 69 0 255 0
P 132 69 0 255 0
P 133 69 0 255 0
P 134 69 0 255 0
P 135 69 0 255 0
P 136 69 0 255 0
P 137 69 0 255 0
P 138 69 0 255 0
P 139 69 0 255 0
P 140 69 0 255 0
P 141 69 0 255 0
P 142 69 0 255 0
P 143 69 0 255 0
P 144 69 0 255 0
P 145 69 0 255 0
P 146 69 0 255 0
P 147 69 0 255 0
P 148 69 0 255 0
P 149 69 0 255 0
P 150 69 0 255 0
P 151 69 0 255 0
P 152 69 0 255 0
P 153 69 0 255 0
P 154 69 0 255 0
P 155 69 0 255 0
P 156 69 0 255 0
P 157 69 0 255 0
P 158 69 0 255 0
P 159 69 0 255 0
P 160 69 0 255 0
P 161 69 0 255 0
P 162 69 0 255 0
P 163 69 0 255 0
P 164 69 0 255 0
P 165 69 0 255 0
P 166 69 0 255 0
P 167 69 0 255 0
P 98 70 0 255 0
P 99 70 0 255 0
P 100 70 0 255 0
P 101 70 0 255 0
P 102 70 0 255 0
P 103 70 0 255 0
P 104 70 0 255 0
P 105 70 0 255 0
P 106 70 0 255 0
P 107 70 0 255 0
P 108 70 0 255 0
P 109 70 0 255 0
P 110 70 0 255 0
P 111 70 0 255 0
P 112 70 0 255 0
P 113 70 0 255 0
P 114 70 0 255 0
P 115 70 0 255 0
P 116 70 0 255 0
P 117 70 0 255 0
P 118 70 0 255 0
P 119 70 0 255 0
P 120 70 0 255 0
P 121 70 0 255 0
P 122 70 0 255 0
P 123 70 0 255 0
P 124 70 0 255 0
P 125 70 0 255 0
P 126 70 0 255 0
P 127 70 0 255 0
P 128 70 0 255 0
P 129 70 0 255 0
P 130 70 0 255 0
P 131 70 0 255 0
P 132 70 0 255 0
P 133 70 0 255 0
P 134 70 0 255 0
P 135 70 0 255 0
P 136 70 0 255 0
P 137 70 0 255 0
P 138 70 0 255 0
P 139 70 0 255 0
P 140 70 0 255 0
P 141 70 0 255 0
P 142 70 0 255 0
P 143 70 0 255 0
P 144 70 0 255 0
P 145 70 0 255 0
P 146 70 0 255 0
P 147 70 0 255 0
P 148 70 0 255 0
P 149 70 0 255 0
P 150 70 0 255 0
P 151 70 0 255 0
P 152 70 0 255 0
P 153 70 0 255 0
P 154 70 0 255 0
P 155 70 0 255 0
P 156 70 0 255 0
P 157 70 0 255 0
P 158 70 0 255 0
P 159 70 0 255 0
P 160 70 0 255 0
P 161 70 0 255 0
P 162 70 0 255 0
P 163 70 0 255 0
P 164 70 0 255 0
P 165 70 0 255 0
P 166 70 0 255 0
P 167 70 0 255 0
P 99 71 0 255 0
P 100 71 0 255 0
P 101 71 0 255 0
P 102 71 0 255 0
P 103 71 0 255 0
P 104 71 0 255 0
P 105 71 0 255 0
P 106 71 0 255 0
P 107 71 0 255 0
P 108 71 0 255 0
P 109 71 0 255 0
P 110 71 0 255 0
P 111 71 0 255 0
P 112 71 0 255 0
P 113 71 0 255 0
P 114 71 0 255 0
P 115 71 0 255 0
P 116 71 0 255 0
P 117 71 0 255 0
P 118 71 0 255 0
P 119 71 0 255 0
P 120 71 0 255 0
P 121 71 0 255 0
P 122 71 0 255 0
P 123 71 0 255 0
P 124 71 0 255 0
P 125 71 0 255 0
P 126 71 0 255 0
P 127 71 0 255 0
P 128 71 0 255 0
P 129 71 0 255 0
P 130 71 0 255 0
P 131 71 0 255 0
P 132 71 0 255 0
P 133 71 0 255 0
P 134 71 0 255 0
P 135 71 0 255 0
P 136 71 0 255 0
P 137 71 0 255 0
P 138 71 0 255 0
P 139 71 0 255 0
P 140 71 0 255 0
P 141 71 0 255 0
P 142 71 0 255 0
P 143 71 0 255 0
P 144 71 0 255 0
P 145 71 0 255 0
P 146 71 0 255 0
P 147 71 0 255 0
P 148 71 0 255 0
P 149 71 0 255 0
P 150 71 0 255 0
P 151 71 0 255 0
P 152 71 0 255 0
P 153 71 0 255 0
P 154 71 0 255 0
P 155 71 0 255 0
P 156 71 0 255 0
P 157 71 0 255 0
P 158 71 0 255 0
P 159 71 0 255 0
P 160 71 0 255 0
P 161 71 0 255 0
P 162 71 0 255 0
P 163 71 0 255 0
P 164 71 0 255 0
P 165 71 0 255 0
P 166 71 0 255 0
P 167 71 0 255 0
P 101 72 0 255 0
P 102 72 0 255 0
P 103 72 0 255 0
P 104 72 0 255 0
P 105 72 0 255 0
P 106 72 0 255 0
P 107 72 0 255 0
P 108 72 0 255 0
P 109 72 0 255 0
P 110 72 0 255 0
P 111 72 0 255 0
P 112 72 0 255 0
P 113 72 0 255 0
P 114 72 0 255 0
P 115 72 0 255 0
P 116 72 0 255 0
P 117 72 0 255 0
P 118 72 0 255 0
P 119 72 0 255 0
P 120 72 0 255 0
P 121 72 0 255 0
P 122 72 0 255 0
P 123 72 0 255 0
P 124 72 0 255 0
P 125 72 0 255 0
P 126 72 0 255 0
P 127 72 0 255 0
P 128 72 0 255 0
P 129 72 0 255 0
P 130 72 0 255 0
P 131 72 0 255 0
P 132 72 0 255 0
P 133 72 0 255 0
P 134 72 0 255 0
P 135 72 0 255 0
P 136 72 0 255 0
P 137 72 0 255 0
P 138 72 0 255 0
P 139 72 0 255 0
P 140 72 0 255 0
P 141 72 0 255 0
P 142 72 0 255 0
P 143 72 0 255 0
P 144 72 0 255 0
P 145 72 0 255 0
P 146 72 0 255 0
P 147 72 0 255 0
P 148 72 0 255 0
P 149 72 0 255 0
P 150 72 0 255 0
P 151 72 0 255 0
P 152 72 0 255 0
P 153 72 0 255 0
P 154 72 0 255 0
P 155 72 0 255 0
P 156 72 0 255 0
P 157 72 0 255 0
P 158 72 0 255 0
P 159 72 0 255 0
P 160 72 0 255 0
P 161 72 0 255 0
P 162 72 0 255 0
P 163 72 0 255 0
P 164 72 0 255 0
P 165 72 0 255 0
P 166 72 0 255 0
P 167 72 0 255 0
P 102 73 0 255 0
P 103 73 0 255 0
P 104 73 0 255 0
P 105 73 0 255 0
P 106 73 0 255 0
P 107 73 0 255 0
P 108 73 0 255 0
P 109 73 0 255 0
P 110 73 0 255 0
P 111 73 0 255 0
P 112 73 0 255 0
P 113 73 0 255 0
P 114 73 0 255 0
P 115 73 0 255 0
P 116 73 0 255 0
P 117 73 0 255 0
P 118 73 0 255 0
P 119 73 0 255 0
P 120 73 0 255 0
P 121 73 0 255 0
P 122 73 0 255 0
P 123 73 0 255 0
P 124 73 0 255 0
P 125 73 0 255 0
P 126 73 0 255 0
P 127 73 0 255 0
P 128 73 0 255 0
P 129 73 0 255 0
P 130 73 0 255 0
P 131 73 0 255 0
P 132 73 0 255 0
P 133 73 0 255 0
P 134 73 0 255 0
P 135 73 0 255 0
P 136 73 0 255 0
P 137 73 0 255 0
P 138 73 0 255 0
P 139 73 0 255 0
P 140 73 0 255 0
P 141 73 0 255 0
P 142 73 0 255 0
P 143 73 0 255 0
P 144 73 0 255 0
P 145 73 0 255 0
P 146 73 0 255 0
P 147 73 0 255 0
P 148 73 0 255 0
P 149 73 0 255 0
P 150 73 0 255 0
P 151 73 0 255 0
P 152 73 0 255 0
P 153 73 0 255 0
P 154 73 0 255 0
P 155 73 0 255 0
P 156 73 0 255 0
P 157 73 0 255 0
P 158 73 0 255 0
P 159 73 0 255 0
P 160 73 0 255 0
P 161 73 0 255 0
P 162 73 0 255 0
P 163 73 0 255 0
P 164 73 0 255 0
P 165 73 0 255 0
P 166 73 0 255 0
P 167 73 0 255 0
P 103 74 0 255 0
P 104 74 0 255 0
P 105 74 0 255 0
P 106 74 0 255 0
P 107 74 0 255 0
P 108 74 0 255 0
P 109 74 0 255 0
P 110 74 0 255 0
P 111 74 0 255 0
P 112 74 0 255 0
P 113 74 0 255 0
P 114 74 0 255 0
P 115 74 0 255 0
P 116 74 0 255 0
P 117 74 0 255 0
P 118 74 0 255 0
P 119 74 0 255 0
P 120 74 0 255 0
P 121 74 0 255 0
P 122 74 0 255 0
P 123 74 0 255 0
P 124 74 0 255 0
P 125 74 0 255 0
P 126 74 0 255 0
P 127 74 0 255 0
P 128 74 0 255 0
P 129 74 0 255 0
P 130 74 0 255 0
P 131 74 0 255 0
P 132 74 0 255 0
P 133 74 0 255 0
P 134 74 0 255 0
P 135 74 0 255 0
P 136 74 0 255 0
P 137 74 0 255 0
P 138 74 0 255 0
P 139 74 0 255 0
P 140 74 0 255 0
P 141 74 0 255 0
P 142 74 0 255 0
P 143 74 0 255 0
P 144 74 0 255 0
P 145 74 0 255 0
P 146 74 0 255 0
P 147 74 0 255 0
P 148 74 0 255 0
P 149 74 0 255 0
P 150 74 0 255 0
P 151 74 0 255 0
P 152 74 0 255 0
P 153 74 0 255 0
P 154 74 0 255 0
P 155 74 0 255 0
P 156 74 0 255 0
P 157 74 0 255 0
P 158 74 0 255 0
P 159 74 0 255 0
P 160 74 0 255 0
P 161 74 0 255 0
P 162 74 0 255 0
P 163 74 0 255 0
P 164 74 0 255 0
P 165 74 0 255 0
P 166 74 0 255 0
P 167 74 0 255 0
P 104 75 0 255 0
P 105 75 0 255 0
P 106 75 0 255 0
P 107 75 0 255 0
P 108 75 0 255 0
P 109 75 0 255 0
P 110 75 0 255 0
P 111 75 0 255 0
P 112 75 0 255 0
P 113 75 0 255 0
P 114 75 0 255 0
P 115 75 0 255 0
P 116 75 0 255 0
P 117 75 0 255 0
P 118 75 0 255 0
P 119 75 0 255 0
P 120 75 0 255 0
P 121 75 0 255 0
P 122 75 0 255 0
P 123 75 0 255 0
P 124 75 0 255 0
P 125 75 0 255 0
P 126 75 0 255 0
P 127 75 0 255 0
P 128 75 0 255 0
P 129 75 0 255 0
P 130 75 0 255 0
P 131 75 0 255 0
P 132 75 0 255 0
P 133 75 0 255 0
P 134 75 0 255 0
P 135 75 0 255 0
P 136 75 0 255 0
P 137 75 0 255 0
P 138 75 0 255 0
P 139 75 0 255 0
P 140 75 0 255 0
P 141 75 0 255 0
P 142 75 0 255 0
P 143 75 0 255 0
P 144 75 0 255 0
P 145 75 0 255 0
P 146 75 0 255 0
P 147 75 0 255 0
P 148 75 0 255 0
P 149 75 0 255 0
P 150 75 0 255 0
P 151 75 0 255 0
P 152 75 0 255 0
P 153 75 0 255 0
P 154 75 0 255 0
P 155 75 0 255 0
P 156 75 0 255 0
P 157 75 0 255 0
P 158 75 0 255 0
P 159 75 0 255 0
P 160 75 0 255 0
P 161 75 0 255 0
P 162 75 0 255 0
P 163 75 0 255 0
P 164 75 0 255 0
P 165 75 0 255 0
P 166 75 0 255 0
P 106 76 0 255 0
P 107 76 0 255 0
P 108 76 0 255 0
P 109 76 0 255 0
P 110 76 0 255 0
P 111 76 0 255 0
P 112 76 0 255 0
P 113 76 0 255 0
P 114 76 0 255 0
P 115 76 0 255 0
P 116 76 0 255 0
P 117 76 0 255 0
P 118 76 0 255 0
P 119 76 0 255 0
P 120 76 0 255 0
P 121 76 0 255 0
P 122 76 0 255 0
P 123 76 0 255 0
P 124 76 0 255 0
P 125 76 0 255 0
P 126 76 0 255 0
P 127 76 0 255 0
P 128 76 0 255 0
P 129 76 0 255 0
P 130 76 0 255 0
P 131 76 0 255 0
P 132 76 0 255 0
P 133 76 0 255 0
P 134 76 0 255 0
P 135 76 0 255 0
P 136 76 0 255 0
P 137 76 0 255 0
P 138 76 0 255 0
P 139 76 0 255 0
P 140 76 0 255 0
P 141 76 0 255 0
P 142 76 0 255 0
P 143 76 0 255 0
P 144 76 0 255 0
P 145 76 0 255 0
P 146 76 0 255 0
P 147 76 0 255 0
P 148 76 0 255 0
P 149 76 0 255 0
P 150 76 0 255 0
P 151 76 0 255 0
P 152 76 0 255 0
P 153 76 0 255 0
P 154 76 0 255 0
P 155 76 0 255 0
P 156 76 0 255 0
P 157 76 0 255 0
P 158 76 0 255 0
P 159 76 0 255 0
P 160 76 0 255 0
P 161 76 0 255 0
P 162 76 0 255 0
P 163 76 0 255 0
P 164 76 0 255 0
P 165 76 0 255 0
P 166 76 0 255 0
P 107 77 0 255 0
P 108 77 0 255 0
P 109 77 0 255 0
P 110 77 0 255 0
P 111 77 0 255 0
P 112 77 0 255 0
P 113 77 0 255 0
P 114 77 0 255 0
P 115 77 0 255 0
P 116 77 0 255 0
P 117 77 0 255 0
P 118 77 0 255 0
P 119 77 0 255 0
P 120 77 0 255 0
P 121 77 0 255 0
P 122 77 0 255 0
P 123 77 0 255 0
P 124 77 0 255 0
P 125 77 0 255 0
P 126 77 0 255 0
P 127 77 0 255 0
P 128 77 0 255 0
P 129 77 0 255 0
P 130 77 0 255 0
P 131 77 0 255 0
P 132 77 0 255 0
P 133 77 0 255 0
P 134 77 0 255 0
P 135 77 0 255 0
P 136 77 0 255 0
P 137 77 0 255 0
P 138 77 0 255 0
P 139 77 0 255 0
P 140 77 0 255 0
P 141 77 0 255 0
P 142 77 0 255 0
P 143 77 0 255 0
P 144 77 0 255 0
P 145 77 0 255 0
P 146 77 0 255 0
P 147 77 0 255 0
P 148 77 0 255 0
P 149 77 0 255 0
P 150 77 0 255 0
P 151 77 0 255 0
P 152 77 0 255 0
P 153 77 0 255 0
P 154 77 0 255 0
P 155 77 0 255 0
P 156 77 0 255 0
P 157 77 0 255 0
P 158 77 0 255 0
P 159 77 0 255 0
P 160 77 0 255 0
P 161 77 0 255 0
P 162 77 0 255 0
P 163 77 0 255 0
P 164 77 0 255 0
P 165 77 0 255 0
P 166 77 0 255 0
P 108 78 0 255 0
P 109 78 0 255 0
P 110 78 0 255 0
P 111 78 0 255 0
P 112 78 0 255 0
P 113 78 0 255 0
P 114 78 0 255 0
P 115 78 0 255 0
P 116 78 0 255 0
P 117 78 0 255 0
P 118 78 0 255 0
P 119 78 0 255 0
P 120 78 0 255 0
P 121 78 0 255 0
P 122 78 0 255 0
P 123 78 0 255 0
P 124 78 0 255 0
P 125 78 0 255 0
P 126 78 0 255 0
P 127 78 0 255 0
P 128 78 0 255 0
P 129 78 0 255 0
P 130 78 0 255 0
P 131 78 0 255 0
P 132 78 0 255 0
P 133 78 0 255 0
P 134 78 0 255 0
P 135 78 0 255 0
P 136 78 0 255 0
P 137 78 0 255 0
P 138 78 0 255 0
P 139 78 0 255 0
P 140 78 0 255 0
P 141 78 0 255 0
P 142 78 0 255 0
P 143 78 0 255 0
P 144 78 0 255 0
P 145 78 0 255 0
P 146 78 0 255 0
P 147 78 0 255 0
P 148 78 0 255 0
P 149 78 0 255 0
P 150 78 0 255 0
P 151 78 0 255 0
P 152 78 0 255 0
P 153 78 0 255 0
P 154 78 0 255 0
P 155 78 0 255 0
P 156 78 0 255 0
P 157 78 0 255 0
P 158 78 0 255 0
P 159 78 0 255 0
P 160 78 0 255 0
P 161 78 0 255 0
P 162 78 0 255 0
P 163 78 0 255 0
P 164 78 0 255 0
P 165 78 0 255 0
P 166 78 0 255 0
P 109 79 0 255 0
P 110 79 0 255 0
P 111 79 0 255 0
P 112 79 0 255 0
P 113 79 0 255 0
P 114 79 0 255 0
P 115 79 0 255 0
P 116 79 0 255 0
P 117 79 0 255 0
P 118 79 0 255 0
P 119 79 0 255 0
P 120 79 0 255 0
P 121 79 0 255 0
P 122 79 0 255 0
P 123 79 0 255 0
P 124 79 0 255 0
P 125 79 0 255 0
P 126 79 0 255 0
P 127 79 0 255 0
P 128 79 0 255 0
P 129 79 0 255 0
P 130 79 0 255 0
P 131 79 0 255 0
P 132 79 0 255 0
P 133 79 0 255 0
P 134 79 0 255 0
P 135 79 0 255 0
P 136 79 0 255 0
P 137 79 0 255 0
P 138 79 0 255 0
P 139 79 0 255 0
P 140 79 0 255 0
P 141 79 0 255 0
P 142 79 0 255 0
P 143 79 0 255 0
P 144 79 0 255 0
P 145 79 0 255 0
P 146 79 0 255 0
P 147 79 0 255 0
P 148 79 0 255 0
P 149 79 0 255 0
P 150 79 0 255 0
P 151 79 0 255 0
P 152 79 0 255 0
P 153 79 0 255 0
P 154 79 0 255 0
P 155 79 0 255 0
P 156 79 0 255 0
P 157 79 0 255 0
P 158 79 0 255 0
P 159 79 0 255 0
P 160 79 0 255 0
P 161 79 0 255 0
P 162 79 0 255 0
P 163 79 0 255 0
P 164 79 0 255 0
P 165 79 0 255 0
P 166 79 0 255 0
P 111 80 0 255 0
P 112 80 0 255 0
P 113 80 0 255 0
P 114 80 0 255 0
P 115 80 0 255 0
P 116 80 0 255 0
P 117 80 0 255 0
P 118 80 0 255 0
P 119 80 0 255 0
P 120 80 0 255 0
P 121 80 0 255 0
P 122 80 0 255 0
P 123 80 0 255 0
P 124 80 0 255 0
P 125 80 0 255 0
P 126 80 0 255 0
P 127 80 0 255 0
P 128 80 0 255 0
P 129 80 0 255 0
P 130 80 0 255 0
P 131 80 0 255 0
P 132 80 0 255 0
P 133 80 0 255 0
P 134 80 0 255 0
P 135 80 0 255 0
P 136 80 0 255 0
P 137 80 0 255 0
P 138 80 0 255 0
P 139 80 0 255 0
P 140 80 0 255 0
P 141 80 0 255 0
P 142 80 0 255 0
P 143 80 0 255 0
P 144 80 0 255 0
P 145 80 0 255 0
P 146 80 0 255 0
P 147 80 0 255 0
P 148 80 0 255 0
P 149 80 0 255 0
P 150 80 0 255 0
P 151 80 0 255 0
P 152 80 0 255 0
P 153 80 0 255 0
P 154 80 0 255 0
P 155 80 0 255 0
P 156 80 0 255 0
P 157 80 0 255 0
P 158 80 0 255 0
P 159 80 0 255 0
P 160 80 0 255 0
P 161 80 0 255 0
P 162 80 0 255 0
P 163 80 0 255 0
P 164 80 0 255 0
P 165 80 0 255 0
P 166 80 0 255 0
P 112 81 0 255 0
P 113 81 0 255 0
P 114 81 0 255 0
P 115 81 0 255 0
P 116 81 0 255 0
P 117 81 0 255 0
P 118 81 0 255 0
P 119 81 0 255 0
P 120 81 0 255 0
P 121 81 0 255 0
P 122 81 0 255 0
P 123 81 0 255 0
P 124 81 0 255 0
P 125 81 0 255 0
P 126 81 0 255 0
P 127 81 0 255 0
P 128 81 0 255 0
P 129 81 0 255 0
P 130 81 0 255 0
P 131 81 0 255 0
P 132 81 0 255 0
P 133 81 0 255 0
P 134 81 0 255 0
P 135 81 0 255 0
P 136 81 0 255 0
P 137 81 0 255 0
P 138 81 0 255 0
P 139 81 0 255 0
P 140 81 0 255 0
P 141 81 0 255 0
P 142 81 0 255 0
P 143 81 0 255 0
P 144 81 0 255 0
P 145 81 0 255 0
P 146 81 0 255 0
P 147 81 0 255 0
P 148 81 0 255 0
P 149 81 0 255 0
P 150 81 0 255 0
P 151 81 0 255 0
P 152 81 0 255 0
P 153 81 0 255 0
P 154 81 0 255 0
P 155 81 0 255 0
P 156 81 0 255 0
P 157 81 0 255 0
P 158 81 0 255 0
P 159 81 0 255 0
P 160 81 0 255 0
P 161 81 0 255 0
P 162 81 0 255 0
P 163 81 0 255 0
P 164 81 0 255 0
P 165 81 0 255 0
P 113 82 0 255 0
P 114 82 0 255 0
P 115 82 0 255 0
P 116 82 0 255 0
P 117 82 0 255 0
P 118 82 0 255 0
P 119 82 0 255 0
P 120 82 0 255 0
P 121 82 0 255 0
P 122 82 0 255 0
P 123 82 0 255 0
P 124 82 0 255 0
P 125 82 0 255 0
P 126 82 0 255 0
P 127 82 0 255 0
P 128 82 0 255 0
P 129 82 0 255 0
P 130 82 0 255 0
P 131 82 0 255 0
P 132 82 0 255 0
P 133 82 0 255 0
P 134 82 0 255 0
P 135 82 0 255 0
P 136 82 0 255 0
P 137 82 0 255 0
P 138 82 0 255 0
P 139 82 0 255 0
P 140 82 0 255 0
P 141 82 0 255 0
P 142 82 0 255 0
P 143 82 0 255 0
P 144 82 0 255 0
P 145 82 0 255 0
P 146 82 0 255 0
P 147 82 0 255 0
P 148 82 0 255 0
P 149 82 0 255 0
P 150 82 0 255 0
P 151 82 0 255 0
P 152 82 0 255 0
P 153 82 0 255 0
P 154 82 0 255 0
P 155 82 0 255 0
P 156 82 0 255 0
P 157 82 0 255 0
P 158 82 0 255 0
P 159 82 0 255 0
P 160 82 0 255 0
P 161 82 0 255 0
P 162 82 0 255 0
P 163 82 0 255 0
P 164 82 0 255 0
P 165 82 0 255 0
P 114 83 0 255 0
P 115 83 0 255 0
P 116 83 0 255 0
P 117 83 0 255 0
P 118 83 0 255 0
P 119 83 0 255 0
P 120 83 0 255 0
P 121 83 0 255 0
P 122 83 0 255 0
P 123 83 0 255 0
P 124 83 0 255 0
P 125 83 0 255 0
P 126 83 0 255 0
P 127 83 0 255 0
P 128 83 0 255 0
P 129 83 0 255 0
P 130 83 0 255 0
P 131 83 0 255 0
P 132 83 0 255 0
P 133 83 0 255 0
P 134 83 0 255 0
P 135 83 0 255 0
P 136 83 0 255 0
P 137 83 0 255 0
P 138 83 0 255 0
P 139 83 0 255 0
P 140 83 0 255 0
P 141 83 0 255 0
P 142 83 0 255 0
P 143 83 0 255 0
P 144 83 0 255 0
P 145 83 0 255 0
P 146 83 0 255 0
P 147 83 0 255 0
P 148 83 0 255 0
P 149 83 0 255 0
P 150 83 0 255 0
P 151 83 0 255 0
P 152 83 0 255 0
P 153 83 0 255 0
P 154 83 0 255 0
P 155 83 0 255 0
P 156 83 0 255 0
P 157 83 0 255 0
P 158 83 0 255 0
P 159 83 0 255 0
P 160 83 0 255 0
P 161 83 0 255 0
P 162 83 0 255 0
P 163 83 0 255 0
P 164 83 0 255 0
P 165 83 0 255 0
P 116 84 0 255 0
P 117 84 0 255 0
P 118 84 0 255 0
P 119 84 0 255 0
P 120 84 0 255 0
P 121 84 0 255 0
P 122 84 0 255 0
P 123 84 0 255 0
P 124 84 0 255 0
P 125 84 0 255 0
P 126 84 0 255 0
P 127 84 0 255 0
P 128 84 0 255 0
P 129 84 0 255 0
P 130 84 0 255 0
P 131 84 0 255 0
P 132 84 0 255 0
P 133 84 0 255 0
P 134 84 0 255 0
P 135 84 0 255 0
P 136 84 0 255 0
P 137 84 0 255 0
P 138 84 0 255 0
P 139 84 0 255 0
P 140 84 0 255 0
P 141 84 0 255 0
P 142 84 0 255 0
P 143 84 0 255 0
P 144 84 0 255 0
P 145 84 0 255 0
P 146 84 0 255 0
P 147 84 0 255 0
P 148 84 0 255 0
P 149 84 0 255 0
P 150 84 0 255 0
P 151 84 0 255 0
P 152 84 0 255 0
P 153 84 0 255 0
P 154 84 0 255 0
P 155 84 0 255 0
P 156 84 0 255 0
P 157 84 0 255 0
P 158 84 0 255 0
P 159 84 0 255 0
P 160 84 0 255 0
P 161 84 0 255 0
P 162 84 0 255 0
P 163 84 0 255 0
P 164 84 0 255 0
P 165 84 0 255 0
P 117 85 0 255 0
P 118 85 0 255 0
P 119 85 0 255 0
P 120 85 0 255 0
P 121 85 0 255 0
P 122 85 0 255 0
P 123 85 0 255 0
P 124 85 0 255 0
P 125 85 0 255 0
P 126 85 0 255 0
P 127 85 0 255 0
P 128 85 0 255 0
P 129 85 0 255 0
P 130 85 0 255 0
P 131 85 0 255 0
P 132 85 0 255 0
P 133 85 0 255 0
P 134 85 0 255 0
P 135 85 0 255 0
P 136 85 0 255 0
P 137 85 0 255 0
P 138 85 0 255 0
P 139 85 0 255 0
P 140 85 0 255 0
P 141 85 0 255 0
P 142 85 0 255 0
P 143 85 0 255 0
P 144 85 0 255 0
P 145 85 0 255 0
P 146 85 0 255 0
P 147 85 0 255 0
P 148 85 0 255 0
P 149 85 0 255 0
P 150 85 0 255 0
P 151 85 0 255 0
P 152 85 0 255 0
P 153 85 0 255 0
P 154 85 0 255 0
P 155 85 0 255 0
P 156 85 0 255 0
P 157 85 0 255 0
P 158 85 0 255 0
P 159 85 0 255 0
P 160 85 0 255 0
P 161 85 0 255 0
P 162 85 0 255 0
P 163 85 0 255 0
P 164 85 0 255 0
P 165 85 0 255 0
P 118 86 0 255 0
P 119 86 0 255 0
P 120 86 0 255 0
P 121 86 0 255 0
P 122 86 0 255 0
P 123 86 0 255 0
P 124 86 0 255 0
P 125 86 0 255 0
P 126 86 0 255 0
P 127 86 0 255 0
P 128 86 0 255 0
P 129 86 0 255 0
P 130 86 0 255 0
P 131 86 0 255 0
P 132 86 0 255 0
P 133 86 0 255 0
P 134 86 0 255 0
P 135 86 0 255 0
P 136 86 0 255 0
P 137 86 0 255 0
P 138 86 0 255 0
P 139 86 0 255 0
P 140 86 0 255 0
P 141 86 0 255 0
P 142 86 0 255 0
P 143 86 0 255 0
P 144 86 0 255 0
P 145 86 0 255 0
P 146 86 0 255 0
P 147 86 0 255 0
P 148 86 0 255 0
P 149 86 0 255 0
P 150 86 0 255 0
P 151 86 0 255 0
P 152 86 0 255 0
P 153 86 0 255 0
P 154 86 0 255 0
P 155 86 0 255 0
P 156 86 0 255 0
P 157 86 0 255 0
P 158 86 0 255 0
P 159 86 0 255 0
P 160 86 0 255 0
P 161 86 0 255 0
P 162 86 0 255 0
P 163 86 0 255 0
P 164 86 0 255 0
P 165 86 0 255 0
P 119 87 0 255 0
P 120 87 0 255 0
P 121 87 0 255 0
P 122 87 0 255 0
P 123 87 0 255 0
P 124 87 0 255 0
P 125 87 0 255 0
P 126 87 0 255 0
P 127 87 0 255 0
P 128 87 0 255 0
P 129 87 0 255 0
P 130 87 0 255 0
P 131 87 0 255 0
P 132 87 0 255 0
P 133 87 0 255 0
P 134 87 0 255 0
P 135 87 0 255 0
P 136 87 0 255 0
P 137 87 0 255 0
P 138 87 0 255 0
P 139 87 0 255 0
P 140 87 0 255 0
P 141 87 0 255 0
P 142 87 0 255 0
P 143 87 0 255 0
P 144 87 0 255 0
P 145 87 0 255 0
P 146 87 0 255 0
P 147 87 0 255 0
P 148 87 0 255 0
P 149 87 0 255 0
P 150 87 0 255 0
P 151 87 0 255 0
P 152 87 0 255 0
P 153 87 0 255 0
P 154 87 0 255 0
P 155 87 0 255 0
P 156 87 0 255 0
P 157 87 0 255 0
P 158 87 0 255 0
P 159 87 0 255 0
P 160 87 0 255 0
P 161 87 0 255 0
P 162 87 0 255 0
P 163 87 0 255 0
P 164 87 0 255 0
P 121 88 0 255 0
P 122 88 0 255 0
P 123 88 0 255 0
P 124 88 0 255 0
P 125 88 0 255 0
P 126 88 0 255 0
P 127 88 0 255 0
P 128 88 0 255 0
P 129 88 0 255 0
P 130 88 0 255 0
P 131 88 0 255 0
P 132 88 0 255 0
P 133 88 0 255 0
P 134 88 0 255 0
P 135 88 0 255 0
P 136 88 0 255 0
P 137 88 0 255 0
P 138 88 0 255 0
P 139 88 0 255 0
P 140 88 0 255 0
P 141 88 0 255 0
P 142 88 0 255 0
P 143 88 0 255 0
P 144 88 0 255 0
P 145 88 0 255 0
P 146 88 0 255 0
P 147 88 0 255 0
P 148 88 0 255 0
P 149 88 0 255 0
P 150 88 0 255 0
P 151 88 0 255 0
P 152 88 0 255 0
P 153 88 0 255 0
P 154 88 0 255 0
P 155 88 0 255 0
P 156 88 0 255 0
P 157 88 0 255 0
P 158 88 0 255 0
P 159 88 0 255 0
P 160 88 0 255 0
P 161 88 0 255 0
P 162 88 0 255 0
P 163 88 0 255 0
P 164 88 0 255 0
P 122 89 0 255 0
P 123 89 0 255 0
P 124 89 0 255 0
P 125 89 0 255 0
P 126 89 0 255 0
P 127 89 0 255 0
P 128 89 0 255 0
P 129 89 0 255 0
P 130 89 0 255 0
P 131 89 0 255 0
P 132 89 0 255 0
P 133 89 0 255 0
P 134 89 0 255 0
P 135 89 0 255 0
P 136 89 0 255 0
P 137 89 0 255 0
P 138 89 0 255 0
P 139 89 0 255 0
P 140 89 0 255 0
P 141 89 0 255 0
P 142 89 0 255 0
P 143 89 0 255 0
P 144 89 0 255 0
P 145 89 0 255 0
P 146 89 0 255 0
P 147 89 0 255 0
P 148 89 0 255 0
P 149 89 0 255 0
P 150 89 0 255 0
P 151 89 0 255 0
P 152 89 0 255 0
P 153 89 0 255 0
P 154 89 0 255 0
P 155 89 0 255 0
P 156 89 0 255 0
P 157 89 0 255 0
P 158 89 0 255 0
P 159 89 0 255 0
P 160 89 0 255 0
P 161 89 0 255 0
P 162 89 0 255 0
P 163 89 0 255 0
P 164 89 0 255 0
P 123 90 0 255 0
P 124 90 0 255 0
P 125 90 0 255 0
P 126 90 0 255 0
P 127 90 0 255 0
P 128 90 0 255 0
P 129 90 0 255 0
P 130 90 0 255 0
P 131 90 0 255 0
P 132 90 0 255 0
P 133 90 0 255 0
P 134 90 0 255 0
P 135 90 0 255 0
P 136 90 0 255 0
P 137 90 0 255 0
P 138 90 0 255 0
P 139 90 0 255 0
P 140 90 0 255 0
P 141 90 0 255 0
P 142 90 0 255 0
P 143 90 0 255 0
P 144 90 0 255 0
P 145 90 0 255 0
P 146 90 0 255 0
P 147 90 0 255 0
P 148 90 0 255 0
P 149 90 0 255 0
P 150 90 0 255 0
P 151 90 0 255 0
P 152 90 0 255 0
P 153 90 0 255 0
P 154 90 0 255 0
P 155 90 0 255 0
P 156 90 0 255 0
P 157 90 0 255 0
P 158 90 0 255 0
P 159 90 0 255 0
P 160 90 0 255 0
P 161 90 0 255 0
P 162 90 0 255 0
P 163 90 0 255 0
P 164 90 0 255 0
P 124 91 0 255 0
P 125 91 0 255 0
P 126 91 0 255 0
P 127 91 0 255 0
P 128 91 0 255 0
P 129 91 0 255 0
P 130 91 0 255 0
P 131 91 0 255 0
P 132 91 0 255 0
P 133 91 0 255 0
P 134 91 0 255 0
P 135 91 0 255 0
P 136 91 0 255 0
P 137 91 0 255 0
P 138 91 0 255 0
P 139 91 0 255 0
P 140 91 0 255 0
P 141 91 0 255 0
P 142 91 0 255 0
P 143 91 0 255 0
P 144 91 0 255 0
P 145 91 0 255 0
P 146 91 0 255 0
P 147 91 0 255 0
P 148 91 0 255 0
P 149 91 0 255 0
P 150 91 0 255 0
P 151 91 0 255 0
P 152 91 0 255 0
P 153 91 0 255 0
P 154 91 0 255 0
P 155 91 0 255 0
P 156 91 0 255 0
P 157 91 0 255 0
P 158 91 0 255 0
P 159 91 0 255 0
P 160 91 0 255 0
P 161 91 0 255 0
P 162 91 0 255 0
P 163 91 0 255 0
P 164 91 0 255 0
P 126 92 0 255 0
P 127 92 0 255 0
P 128 92 0 255 0
P 129 92 0 255 0
P 130 92 0 255 0
P 131 92 0 255 0
P 132 92 0 255 0
P 133 92 0 255 0
P 134 92 0 255 0
P 135 92 0 255 0
P 136 92 0 255 0
P 137 92 0 255 0
P 138 92 0 255 0
P 139 92 0 255 0
P 140 92 0 255 0
P 141 92 0 255 0
P 142 92 0 255 0
P 143 92 0 255 0
P 144 92 0 255 0
P 145 92 0 255 0
P 146 92 0 255 0
P 147 92 0 255 0
P 148 92 0 255 0
P 149 92 0 255 0
P 150 92 0 255 0
P 151 92 0 255 0
P 152 92 0 255 0
P 153 92 0 255 0
P 154 92 0 255 0
P 155 92 0 255 0
P 156 92 0 255 0
P 157 92 0 255 0
P 158 92 0 255 0
P 159 92 0 255 0
P 160 92 0 255 0
P 161 92 0 255 0
P 162 92 0 255 0
P 163 92 0 255 0
P 164 92 0 255 0
P 127 93 0 255 0
P 128 93 0 255 0
P 129 93 0 255 0
P 130 93 0 255 0
P 131 93 0 255 0
P 132 93 0 255 0
P 133 93 0 255 0
P 134 93 0 255 0
P 135 93 0 255 0
P 136 93 0 255 0
P 137 93 0 255 0
P 138 93 0 255 0
P 139 93 0 255 0
P 140 93 0 255 0
P 141 93 0 255 0
P 142 93 0 255 0
P 143 93 0 255 0
P 144 93 0 255 0
P 145 93 0 255 0
P 146 93 0 255 0
P 147 93 0 255 0
P 148 93 0 255 0
P 149 93 0 255 0
P 150 93 0 255 0
P 151 93 0 255 0
P 152 93 0 255 0
P 153 93 0 255 0
P 154 93 0 255 0
P 155 93 0 255 0
P 156 93 0 255 0
P 157 93 0 255 0
P 158 93 0 255 0
P 159 93 0 255 0
P 160 93 0 255 0
P 161 93 0 255 0
P 162 93 0 255 0
P 163 93 0 255 0
P 128 94 0 255 0
P 129 94 0 255 0
P 130 94 0 255 0
P 131 94 0 255 0
P 132 94 0 255 0
P 133 94 0 255 0
P 134 94 0 255 0
P 135 94 0 255 0
P 136 94 0 255 0
P 137 94 0 255 0
P 138 94 0 255 0
P 139 94 0 255 0
P 140 94 0 255 0
P 141 94 0 255 0
P 142 94 0 255 0
P 143 94 0 255 0
P 144 94 0 255 0
P 145 94 0 255 0
P 146 94 0 255 0
P 147 94 0 255 0
P 148 94 0 255 0
P 149 94 0 255 0
P 150 94 0 255 0
P 151 94 0 255 0
P 152 94 0 255 0
P 153 94 0 255 0
P 154 94 0 255 0
P 155 94 0 255 0
P 156 94 0 255 0
P 157 94 0 255 0
P 158 94 0 255 0
P 159 94 0 255 0
P 160 94 0 255 0
P 161 94 0 255 0
P 162 94 0 255 0
P 163 94 0 255 0
P 129 95 0 255 0
P 130 95 0 255 0
P 131 95 0 255 0
P 132 95 0 255 0
P 133 95 0 255 0
P 134 95 0 255 0
P 135 95 0 255 0
P 136 95 0 255 0
P 137 95 0 255 0
P 138 95 0 255 0
P 139 95 0 255 0
P 140 95 0 255 0
P 141 95 0 255 0
P 142 95 0 255 0
P 143 95 0 255 0
P 144 95 0 255 0
P 145 95 0 255 0
P 146 95 0 255 0
P 147 95 0 255 0
P 148 95 0 255 0
P 149 95 0 255 0
P 150 95 0 255 0
P 151 95 0 255 0
P 152 95 0 255 0
P 153 95 0 255 0
P 154 95 0 255 0
P 155 95 0 255 0
P 156 95 0 255 0
P 157 95 0 255 0
P 158 95 0 255 0
P 159 95 0 255 0
P 160 95 0 255 0
P 161 95 0 255 0
P 162 95 0 255 0
P 163 95 0 255 0
P 131 96 0 255 0
P 132 96 0 255 0
P 133 96 0 255 0
P 134 96 0 255 0
P 135 96 0 255 0
P 136 96 0 255 0
P 137 96 0 255 0
P 138 96 0 255 0
P 139 96 0 255 0
P 140 96 0 255 0
P 141 96 0 255 0
P 142 96 0 255 0
P 143 96 0 255 0
P 144 96 0 255 0
P 145 96 0 255 0
P 146 96 0 255 0
P 147 96 0 255 0
P 148 96 0 255 0
P 149 96 0 255 0
P 150 96 0 255 0
P 151 96 0 255 0
P 152 96 0 255 0
P 153 96 0 255 0
P 154 96 0 255 0
P 155 96 0 255 0
P 156 96 0 255 0
P 157 96 0 255 0
P 158 96 0 255 0
P 159 96 0 255 0
P 160 96 0 255 0
P 161 96 0 255 0
P 162 96 0 255 0
P 163 96 0 255 0
P 132 97 0 255 0
P 133 97 0 255 0
P 134 97 0 255 0
P 135 97 0 255 0
P 136 97 0 255 0
P 137 97 0 255 0
P 138 97 0 255 0
P 139 97 0 255 0
P 140 97 0 255 0
P 141 97 0 255 0
P 142 97 0 255 0
P 143 97 0 255 0
P 144 97 0 255 0
P 145 97 0 255 0
P 146 97 0 255 0
P 147 97 0 255 0
P 148 97 0 255 0
P 149 97 0 255 0
P 150 97 0 255 0
P 151 97 0 255 0
P 152 97 0 255 0
P 153 97 0 255 0
P 154 97 0 255 0
P 155 97 0 255 0
P 156 97 0 255 0
P 157 97 0 255 0
P 158 97 0 255 0
P 159 97 0 255 0
P 160 97 0 255 0
P 161 97 0 255 0
P 162 97 0 255 0
P 163 97 0 255 0
P 133 98 0 255 0
P 134 98 0 255 0
P 135 98 0 255 0
P 136 98 0 255 0
P 137 98 0 255 0
P 138 98 0 255 0
P 139 98 0 255 0
P 140 98 0 255 0
P 141 98 0 255 0
P 142 98 0 255 0
P 143 98 0 255 0
P 144 98 0 255 0
P 145 98 0 255 0
P 146 98 0 255 0
P 147 98 0 255 0
P 148 98 0 255 0
P 149 98 0 255 0
P 150 98 0 255 0
P 151 98 0 255 0
P 152 98 0 255 0
P 153 98 0 255 0
P 154 98 0 255 0
P 155 98 0 255 0
P 156 98 0 255 0
P 157 98 0 255 0
P 158 98 0 255 0
P 159 98 0 255 0
P 160 98 0 255 0
P 161 98 0 255 0
P 162 98 0 255 0
P 163 98 0 255 0
P 134 99 0 255 0
P 135 99 0 255 0
P 136 99 0 255 0
P 137 99 0 255 0
P 138 99 0 255 0
P 139 99 0 255 0
P 140 99 0 255 0
P 141 99 0 255 0
P 142 99 0 255 0
P 143 99 0 255 0
P 144 99 0 255 0
P 145 99 0 255 0
P 146 99 0 255 0
P 147 99 0 255 0
P 148 99 0 255 0
P 149 99 0 255 0
P 150 99 0 255 0
P 151 99 0 255 0
P 152 99 0 255 0
P 153 99 0 255 0
P 154 99 0 255 0
P 155 99 0 255 0
P 156 99 0 255 0
P 157 99 0 255 0
P 158 99 0 255 0
P 159 99 0 255 0
P 160 99 0 255 0
P 161 99 0 255 0
P 162 99 0 255 0
P 136 100 0 255 0
P 137 100 0 255 0
P 138 100 0 255 0
P 139 100 0 255 0
P 140 100 0 255 0
P 141 100 0 255 0
P 142 100 0 255 0
P 143 100 0 255 0
P 144 100 0 255 0
P 145 100 0 255 0
P 146 100 0 255 0
P 147 100 0 255 0
P 148 100 0 255 0
P 149 100 0 255 0
P 150 100 0 255 0
P 151 100 0 255 0
P 152 100 0 255 0
P 153 100 0 255 0
P 154 100 0 255 0
P 155 100 0 255 0
P 156 100 0 255 0
P 157 100 0 255 0
P 158 100 0 255 0
P 159 100 0 255 0
P 160 100 0 255 0
P 161 100 0 255 0
P 162 100 0 255 0
P 137 101 0 255 0
P 138 101 0 255 0
P 139 101 0 255 0
P 140 101 0 255 0
P 141 101 0 255 0
P 142 101 0 255 0
P 143 101 0 255 0
P 144 101 0 255 0
P 145 101 0 255 0
P 146 101 0 255 0
P 147 101 0 255 0
P 148 101 0 255 0
P 149 101 0 255 0
P 150 101 0 255 0
P 151 101 0 255 0
P 152 101 0 255 0
P 153 101 0 255 0
P 154 101 0 255 0
P 155 101 0 255 0
P 156 101 0 255 0
P 157 101 0 255 0
P 158 101 0 255 0
P 159 101 0 255 0
P 160 101 0 255 0
P 161 101 0 255 0
P 162 101 0 255 0
P 138 102 0 255 0
P 139 102 0 255 0
P 140 102 0 255 0
P 141 102 0 255 0
P 142 102 0 255 0
P 143 102 0 255 0
P 144 102 0 255 0
P 145 102 0 255 0
P 146 102 0 255 0
P 147 102 0 255 0
P 148 102 0 255 0
P 149 102 0 255 0
P 150 102 0 255 0
P 151 102 0 255 0
P 152 102 0 255 0
P 153 102 0 255 0
P 154 102 0 255 0
P 155 102 0 255 0
P 156 102 0 255 0
P 157 102 0 255 0
P 158 102 0 255 0
P 159 102 0 255 0
P 160 102 0 255 0
P 161 102 0 255 0
P 162 102 0 255 0
P 139 103 0 255 0
P 140 103 0 255 0
P 141 103 0 255 0
P 142 103 0 255 0
P 143 103 0 255 0
P 144 103 0 255 0
P 145 103 0 255 0
P 146 103 0 255 0
P 147 103 0 255 0
P 148 103 0 255 0
P 149 103 0 255 0
P 150 103 0 255 0
P 151 103 0 255 0
P 152 103 0 255 0
P 153 103 0 255 0
P 154 103 0 255 0
P 155 103 0 255 0
P 156 103 0 255 0
P 157 103 0 255 0
P 158 103 0 255 0
P 159 103 0 255 0
P 160 103 0 255 0
P 161 103 0 255 0
P 162 103 0 255 0
P 141 104 0 255 0
P 142 104 0 255 0
P 143 104 0 255 0
P 144 104 0 255 0
P 145 104 0 255 0
P 146 104 0 255 0
P 147 104 0 255 0
P 148 104 0 255 0
P 149 104 0 255 0
P 150 104 0 255 0
P 151 104 0 255 0
P 152 104 0 255 0
P 153 104 0 255 0
P 154 104 0 255 0
P 155 104 0 255 0
P 156 104 0 255 0
P 157 104 0 255 0
P 158 104 0 255 0
P 159 104 0 255 0
P 160 104 0 255 0
P 161 104 0 255 0
P 162 104 0 255 0
P 142 105 0 255 0
P 143 105 0 255 0
P 144 105 0 255 0
P 145 105 0 255 0
P 146 105 0 255 0
P 147 105 0 255 0
P 148 105 0 255 0
P 149 105 0 255 0
P 150 105 0 255 0
P 151 105 0 255 0
P 152 105 0 255 0
P 153 105 0 255 0
P 154 105 0 255 0
P 155 105 0 255 0
P 156 105 0 255 0
P 157 105 0 255 0
P 158 105 0 255 0
P 159 105 0 255 0
P 160 105 0 255 0
P 161 105 0 255 0
P 143 106 0 255 0
P 144 106 0 255 0
P 145 106 0 255 0
P 146 106 0 255 0
P 147 106 0 255 0
P 148 106 0 255 0
P 149 106 0 255 0
P 150 106 0 255 0
P 151 106 0 255 0
P 152 106 0 255 0
P 153 106 0 255 0
P 154 106 0 255 0
P 155 106 0 255 0
P 156 106 0 255 0
P 157 106 0 255 0
P 158 106 0 255 0
P 159 106 0 255 0
P 160 106 0 255 0
P 161 106 0 255 0
P 144 107 0 255 0
P 145 107 0 255 0
P 146 107 0 255 0
P 147 107 0 255 0
P 148 107 0 255 0
P 149 107 0 255 0
P 150 107 0 255 0
P 151 107 0 255 0
P 152 107 0 255 0
P 153 107 0 255 0
P 154 107 0 255 0
P 155 107 0 255 0
P 156 107 0 255 0
P 157 107 0 255 0
P 158 107 0 255 0
P 159 107 0 255 0
P 160 107 0 255 0
P 161 107 0 255 0
P 146 108 0 255 0
P 147 108 0 255 0
P 148 108 0 255 0
P 149 108 0 255 0
P 150 108 0 255 0
P 151 108 0 255 0
P 152 108 0 255 0
P 153 108 0 255 0
P 154 108 0 255 0
P 155 108 0 255 0
P 156 108 0 255 0
P 157 108 0 255 0
P 158 108 0 255 0
P 159 108 0 255 0
P 160 108 0 255 0
P 161 108 0 255 0
P 147 109 0 255 0
P 148 109 0 255 0
P 149 109 0 255 0
P 150 109 0 255 0
P 151 109 0 255 0
P 152 109 0 255 0
P 153 109 0 255 0
P 154 109 0 255 0
P 155 109 0 255 0
P 156 109 0 255 0
P 157 109 0 255 0
P 158 109 0 255 0
P 159 109 0 255 0
P 160 109 0 255 0
P 161 109 0 255 0
P 148 110 0 255 0
P 149 110 0 255 0
P 150 110 0 255 0
P 151 110 0 255 0
P 152 110 0 255 0
P 153 110 0 255 0
P 154 110 0 255 0
P 155 110 0 255 0
P 156 110 0 255 0
P 157 110 0 255 0
P 158 110 0 255 0
P 159 110 0 255 0
P 160 110 0 255 0
P 161 110 0 255 0
P 149 111 0 255 0
P 150 111 0 255 0
P 151 111 0 255 0
P 152 111 0 255 0
P 153 111 0 255 0
P 154 111 0 255 0
P 155 111 0 255 0
P 156 111 0 255 0
P 157 111 0 255 0
P 158 111 0 255 0
P 159 111 0 255 0
P 160 111 0 255 0
P 151 112 0 255 0
P 152 112 0 255 0
P 153 112 0 255 0
P 154 112 0 255 0
P 155 112 0 255 0
P 156 112 0 255 0
P 157 112 0 255 0
P 158 112 0 255 0
P 159 112 0 255 0
P 160 112 0 255 0
P 152 113 0 255 0
P 153 113 0 255 0
P 154 113 0 255 0
P 155 113 0 255 0
P 156 113 0 255 0
P 157 113 0 255 0
P 158 113 0 255 0
P 159 113 0 255 0
P 160 113 0 255 0
P 153 114 0 255 0
P 154 114 0 255 0
P 155 114 0 255 0
P 156 114 0 255 0
P 157 114 0 255 0
P 158 114 0 255 0
P 159 114 0 255 0
P 160 114 0 255 0
P 154 115 0 255 0
P 155 115 0 255 0
P 156 115 0 255 0
P 157 115 0 255 0
P 158 115 0 255 0
P 159 115 0 255 0
P 160 115 0 255 0
P 156 116 0 255 0
P 157 116 0 255 0
P 158 116 0 255 0
P 159 116 0 255 0
P 160 116 0 255 0
P 157 117 0 255 0
P 158 117 0 255 0
P 159 117 0 255 0
P 158 118 0 255 0
P 159 118 0 255 0
P 159 119 0 255 0
