# shape E mode solo1 ntri 4
# select hard 0 soft 0
# v0 40.0000000 60.0000000
# v1 120.0000000 52.0000000
# v2 200.0000000 64.0000000
# v3 280.0000000 56.0000000
# v4 48.0000000 180.0000000
# v5 128.0000000 188.0000000
# v6 208.0000000 176.0000000
# v7 288.0000000 184.0000000
# t0 0 4 1
# t1 4 5 1
# t2 1 5 2
# t3 5 6 2
# counters drawn=0 software=0 declined=0 warp=0
# mode software
P 115 52 0 255 0
P 116 52 0 255 0
P 117 52 0 255 0
P 118 52 0 255 0
P 119 52 0 255 0
P 105 53 0 255 0
P 106 53 0 255 0
P 107 53 0 255 0
P 108 53 0 255 0
P 109 53 0 255 0
P 110 53 0 255 0
P 111 53 0 255 0
P 112 53 0 255 0
P 113 53 0 255 0
P 114 53 0 255 0
P 115 53 0 255 0
P 116 53 0 255 0
P 117 53 0 255 0
P 118 53 0 255 0
P 95 54 0 255 0
P 96 54 0 255 0
P 97 54 0 255 0
P 98 54 0 255 0
P 99 54 0 255 0
P 100 54 0 255 0
P 101 54 0 255 0
P 102 54 0 255 0
P 103 54 0 255 0
P 104 54 0 255 0
P 105 54 0 255 0
P 106 54 0 255 0
P 107 54 0 255 0
P 108 54 0 255 0
P 109 54 0 255 0
P 110 54 0 255 0
P 111 54 0 255 0
P 112 54 0 255 0
P 113 54 0 255 0
P 114 54 0 255 0
P 115 54 0 255 0
P 116 54 0 255 0
P 117 54 0 255 0
P 118 54 0 255 0
P 85 55 0 255 0
P 86 55 0 255 0
P 87 55 0 255 0
P 88 55 0 255 0
P 89 55 0 255 0
P 90 55 0 255 0
P 91 55 0 255 0
P 92 55 0 255 0
P 93 55 0 255 0
P 94 55 0 255 0
P 95 55 0 255 0
P 96 55 0 255 0
P 97 55 0 255 0
P 98 55 0 255 0
P 99 55 0 255 0
P 100 55 0 255 0
P 101 55 0 255 0
P 102 55 0 255 0
P 103 55 0 255 0
P 104 55 0 255 0
P 105 55 0 255 0
P 106 55 0 255 0
P 107 55 0 255 0
P 108 55 0 255 0
P 109 55 0 255 0
P 110 55 0 255 0
P 111 55 0 255 0
P 112 55 0 255 0
P 113 55 0 255 0
P 114 55 0 255 0
P 115 55 0 255 0
P 116 55 0 255 0
P 117 55 0 255 0
P 75 56 0 255 0
P 76 56 0 255 0
P 77 56 0 255 0
P 78 56 0 255 0
P 79 56 0 255 0
P 80 56 0 255 0
P 81 56 0 255 0
P 82 56 0 255 0
P 83 56 0 255 0
P 84 56 0 255 0
P 85 56 0 255 0
P 86 56 0 255 0
P 87 56 0 255 0
P 88 56 0 255 0
P 89 56 0 255 0
P 90 56 0 255 0
P 91 56 0 255 0
P 92 56 0 255 0
P 93 56 0 255 0
P 94 56 0 255 0
P 95 56 0 255 0
P 96 56 0 255 0
P 97 56 0 255 0
P 98 56 0 255 0
P 99 56 0 255 0
P 100 56 0 255 0
P 101 56 0 255 0
P 102 56 0 255 0
P 103 56 0 255 0
P 104 56 0 255 0
P 105 56 0 255 0
P 106 56 0 255 0
P 107 56 0 255 0
P 108 56 0 255 0
P 109 56 0 255 0
P 110 56 0 255 0
P 111 56 0 255 0
P 112 56 0 255 0
P 113 56 0 255 0
P 114 56 0 255 0
P 115 56 0 255 0
P 116 56 0 255 0
P 65 57 0 255 0
P 66 57 0 255 0
P 67 57 0 255 0
P 68 57 0 255 0
P 69 57 0 255 0
P 70 57 0 255 0
P 71 57 0 255 0
P 72 57 0 255 0
P 73 57 0 255 0
P 74 57 0 255 0
P 75 57 0 255 0
P 76 57 0 255 0
P 77 57 0 255 0
P 78 57 0 255 0
P 79 57 0 255 0
P 80 57 0 255 0
P 81 57 0 255 0
P 82 57 0 255 0
P 83 57 0 255 0
P 84 57 0 255 0
P 85 57 0 255 0
P 86 57 0 255 0
P 87 57 0 255 0
P 88 57 0 255 0
P 89 57 0 255 0
P 90 57 0 255 0
P 91 57 0 255 0
P 92 57 0 255 0
P 93 57 0 255 0
P 94 57 0 255 0
P 95 57 0 255 0
P 96 57 0 255 0
P 97 57 0 255 0
P 98 57 0 255 0
P 99 57 0 255 0
P 100 57 0 255 0
P 101 57 0 255 0
P 102 57 0 255 0
P 103 57 0 255 0
P 104 57 0 255 0
P 105 57 0 255 0
P 106 57 0 255 0
P 107 57 0 255 0
P 108 57 0 255 0
P 109 57 0 255 0
P 110 57 0 255 0
P 111 57 0 255 0
P 112 57 0 255 0
P 113 57 0 255 0
P 114 57 0 255 0
P 115 57 0 255 0
P 116 57 0 255 0
P 55 58 0 255 0
P 56 58 0 255 0
P 57 58 0 255 0
P 58 58 0 255 0
P 59 58 0 255 0
P 60 58 0 255 0
P 61 58 0 255 0
P 62 58 0 255 0
P 63 58 0 255 0
P 64 58 0 255 0
P 65 58 0 255 0
P 66 58 0 255 0
P 67 58 0 255 0
P 68 58 0 255 0
P 69 58 0 255 0
P 70 58 0 255 0
P 71 58 0 255 0
P 72 58 0 255 0
P 73 58 0 255 0
P 74 58 0 255 0
P 75 58 0 255 0
P 76 58 0 255 0
P 77 58 0 255 0
P 78 58 0 255 0
P 79 58 0 255 0
P 80 58 0 255 0
P 81 58 0 255 0
P 82 58 0 255 0
P 83 58 0 255 0
P 84 58 0 255 0
P 85 58 0 255 0
P 86 58 0 255 0
P 87 58 0 255 0
P 88 58 0 255 0
P 89 58 0 255 0
P 90 58 0 255 0
P 91 58 0 255 0
P 92 58 0 255 0
P 93 58 0 255 0
P 94 58 0 255 0
P 95 58 0 255 0
P 96 58 0 255 0
P 97 58 0 255 0
P 98 58 0 255 0
P 99 58 0 255 0
P 100 58 0 255 0
P 101 58 0 255 0
P 102 58 0 255 0
P 103 58 0 255 0
P 104 58 0 255 0
P 105 58 0 255 0
P 106 58 0 255 0
P 107 58 0 255 0
P 108 58 0 255 0
P 109 58 0 255 0
P 110 58 0 255 0
P 111 58 0 255 0
P 112 58 0 255 0
P 113 58 0 255 0
P 114 58 0 255 0
P 115 58 0 255 0
P 45 59 0 255 0
P 46 59 0 255 0
P 47 59 0 255 0
P 48 59 0 255 0
P 49 59 0 255 0
P 50 59 0 255 0
P 51 59 0 255 0
P 52 59 0 255 0
P 53 59 0 255 0
P 54 59 0 255 0
P 55 59 0 255 0
P 56 59 0 255 0
P 57 59 0 255 0
P 58 59 0 255 0
P 59 59 0 255 0
P 60 59 0 255 0
P 61 59 0 255 0
P 62 59 0 255 0
P 63 59 0 255 0
P 64 59 0 255 0
P 65 59 0 255 0
P 66 59 0 255 0
P 67 59 0 255 0
P 68 59 0 255 0
P 69 59 0 255 0
P 70 59 0 255 0
P 71 59 0 255 0
P 72 59 0 255 0
P 73 59 0 255 0
P 74 59 0 255 0
P 75 59 0 255 0
P 76 59 0 255 0
P 77 59 0 255 0
P 78 59 0 255 0
P 79 59 0 255 0
P 80 59 0 255 0
P 81 59 0 255 0
P 82 59 0 255 0
P 83 59 0 255 0
P 84 59 0 255 0
P 85 59 0 255 0
P 86 59 0 255 0
P 87 59 0 255 0
P 88 59 0 255 0
P 89 59 0 255 0
P 90 59 0 255 0
P 91 59 0 255 0
P 92 59 0 255 0
P 93 59 0 255 0
P 94 59 0 255 0
P 95 59 0 255 0
P 96 59 0 255 0
P 97 59 0 255 0
P 98 59 0 255 0
P 99 59 0 255 0
P 100 59 0 255 0
P 101 59 0 255 0
P 102 59 0 255 0
P 103 59 0 255 0
P 104 59 0 255 0
P 105 59 0 255 0
P 106 59 0 255 0
P 107 59 0 255 0
P 108 59 0 255 0
P 109 59 0 255 0
P 110 59 0 255 0
P 111 59 0 255 0
P 112 59 0 255 0
P 113 59 0 255 0
P 114 59 0 255 0
P 115 59 0 255 0
P 40 60 0 255 0
P 41 60 0 255 0
P 42 60 0 255 0
P 43 60 0 255 0
P 44 60 0 255 0
P 45 60 0 255 0
P 46 60 0 255 0
P 47 60 0 255 0
P 48 60 0 255 0
P 49 60 0 255 0
P 50 60 0 255 0
P 51 60 0 255 0
P 52 60 0 255 0
P 53 60 0 255 0
P 54 60 0 255 0
P 55 60 0 255 0
P 56 60 0 255 0
P 57 60 0 255 0
P 58 60 0 255 0
P 59 60 0 255 0
P 60 60 0 255 0
P 61 60 0 255 0
P 62 60 0 255 0
P 63 60 0 255 0
P 64 60 0 255 0
P 65 60 0 255 0
P 66 60 0 255 0
P 67 60 0 255 0
P 68 60 0 255 0
P 69 60 0 255 0
P 70 60 0 255 0
P 71 60 0 255 0
P 72 60 0 255 0
P 73 60 0 255 0
P 74 60 0 255 0
P 75 60 0 255 0
P 76 60 0 255 0
P 77 60 0 255 0
P 78 60 0 255 0
P 79 60 0 255 0
P 80 60 0 255 0
P 81 60 0 255 0
P 82 60 0 255 0
P 83 60 0 255 0
P 84 60 0 255 0
P 85 60 0 255 0
P 86 60 0 255 0
P 87 60 0 255 0
P 88 60 0 255 0
P 89 60 0 255 0
P 90 60 0 255 0
P 91 60 0 255 0
P 92 60 0 255 0
P 93 60 0 255 0
P 94 60 0 255 0
P 95 60 0 255 0
P 96 60 0 255 0
P 97 60 0 255 0
P 98 60 0 255 0
P 99 60 0 255 0
P 100 60 0 255 0
P 101 60 0 255 0
P 102 60 0 255 0
P 103 60 0 255 0
P 104 60 0 255 0
P 105 60 0 255 0
P 106 60 0 255 0
P 107 60 0 255 0
P 108 60 0 255 0
P 109 60 0 255 0
P 110 60 0 255 0
P 111 60 0 255 0
P 112 60 0 255 0
P 113 60 0 255 0
P 114 60 0 255 0
P 40 61 0 255 0
P 41 61 0 255 0
P 42 61 0 255 0
P 43 61 0 255 0
P 44 61 0 255 0
P 45 61 0 255 0
P 46 61 0 255 0
P 47 61 0 255 0
P 48 61 0 255 0
P 49 61 0 255 0
P 50 61 0 255 0
P 51 61 0 255 0
P 52 61 0 255 0
P 53 61 0 255 0
P 54 61 0 255 0
P 55 61 0 255 0
P 56 61 0 255 0
P 57 61 0 255 0
P 58 61 0 255 0
P 59 61 0 255 0
P 60 61 0 255 0
P 61 61 0 255 0
P 62 61 0 255 0
P 63 61 0 255 0
P 64 61 0 255 0
P 65 61 0 255 0
P 66 61 0 255 0
P 67 61 0 255 0
P 68 61 0 255 0
P 69 61 0 255 0
P 70 61 0 255 0
P 71 61 0 255 0
P 72 61 0 255 0
P 73 61 0 255 0
P 74 61 0 255 0
P 75 61 0 255 0
P 76 61 0 255 0
P 77 61 0 255 0
P 78 61 0 255 0
P 79 61 0 255 0
P 80 61 0 255 0
P 81 61 0 255 0
P 82 61 0 255 0
P 83 61 0 255 0
P 84 61 0 255 0
P 85 61 0 255 0
P 86 61 0 255 0
P 87 61 0 255 0
P 88 61 0 255 0
P 89 61 0 255 0
P 90 61 0 255 0
P 91 61 0 255 0
P 92 61 0 255 0
P 93 61 0 255 0
P 94 61 0 255 0
P 95 61 0 255 0
P 96 61 0 255 0
P 97 61 0 255 0
P 98 61 0 255 0
P 99 61 0 255 0
P 100 61 0 255 0
P 101 61 0 255 0
P 102 61 0 255 0
P 103 61 0 255 0
P 104 61 0 255 0
P 105 61 0 255 0
P 106 61 0 255 0
P 107 61 0 255 0
P 108 61 0 255 0
P 109 61 0 255 0
P 110 61 0 255 0
P 111 61 0 255 0
P 112 61 0 255 0
P 113 61 0 255 0
P 114 61 0 255 0
P 40 62 0 255 0
P 41 62 0 255 0
P 42 62 0 255 0
P 43 62 0 255 0
P 44 62 0 255 0
P 45 62 0 255 0
P 46 62 0 255 0
P 47 62 0 255 0
P 48 62 0 255 0
P 49 62 0 255 0
P 50 62 0 255 0
P 51 62 0 255 0
P 52 62 0 255 0
P 53 62 0 255 0
P 54 62 0 255 0
P 55 62 0 255 0
P 56 62 0 255 0
P 57 62 0 255 0
P 58 62 0 255 0
P 59 62 0 255 0
P 60 62 0 255 0
P 61 62 0 255 0
P 62 62 0 255 0
P 63 62 0 255 0
P 64 62 0 255 0
P 65 62 0 255 0
P 66 62 0 255 0
P 67 62 0 255 0
P 68 62 0 255 0
P 69 62 0 255 0
P 70 62 0 255 0
P 71 62 0 255 0
P 72 62 0 255 0
P 73 62 0 255 0
P 74 62 0 255 0
P 75 62 0 255 0
P 76 62 0 255 0
P 77 62 0 255 0
P 78 62 0 255 0
P 79 62 0 255 0
P 80 62 0 255 0
P 81 62 0 255 0
P 82 62 0 255 0
P 83 62 0 255 0
P 84 62 0 255 0
P 85 62 0 255 0
P 86 62 0 255 0
P 87 62 0 255 0
P 88 62 0 255 0
P 89 62 0 255 0
P 90 62 0 255 0
P 91 62 0 255 0
P 92 62 0 255 0
P 93 62 0 255 0
P 94 62 0 255 0
P 95 62 0 255 0
P 96 62 0 255 0
P 97 62 0 255 0
P 98 62 0 255 0
P 99 62 0 255 0
P 100 62 0 255 0
P 101 62 0 255 0
P 102 62 0 255 0
P 103 62 0 255 0
P 104 62 0 255 0
P 105 62 0 255 0
P 106 62 0 255 0
P 107 62 0 255 0
P 108 62 0 255 0
P 109 62 0 255 0
P 110 62 0 255 0
P 111 62 0 255 0
P 112 62 0 255 0
P 113 62 0 255 0
P 40 63 0 255 0
P 41 63 0 255 0
P 42 63 0 255 0
P 43 63 0 255 0
P 44 63 0 255 0
P 45 63 0 255 0
P 46 63 0 255 0
P 47 63 0 255 0
P 48 63 0 255 0
P 49 63 0 255 0
P 50 63 0 255 0
P 51 63 0 255 0
P 52 63 0 255 0
P 53 63 0 255 0
P 54 63 0 255 0
P 55 63 0 255 0
P 56 63 0 255 0
P 57 63 0 255 0
P 58 63 0 255 0
P 59 63 0 255 0
P 60 63 0 255 0
P 61 63 0 255 0
P 62 63 0 255 0
P 63 63 0 255 0
P 64 63 0 255 0
P 65 63 0 255 0
P 66 63 0 255 0
P 67 63 0 255 0
P 68 63 0 255 0
P 69 63 0 255 0
P 70 63 0 255 0
P 71 63 0 255 0
P 72 63 0 255 0
P 73 63 0 255 0
P 74 63 0 255 0
P 75 63 0 255 0
P 76 63 0 255 0
P 77 63 0 255 0
P 78 63 0 255 0
P 79 63 0 255 0
P 80 63 0 255 0
P 81 63 0 255 0
P 82 63 0 255 0
P 83 63 0 255 0
P 84 63 0 255 0
P 85 63 0 255 0
P 86 63 0 255 0
P 87 63 0 255 0
P 88 63 0 255 0
P 89 63 0 255 0
P 90 63 0 255 0
P 91 63 0 255 0
P 92 63 0 255 0
P 93 63 0 255 0
P 94 63 0 255 0
P 95 63 0 255 0
P 96 63 0 255 0
P 97 63 0 255 0
P 98 63 0 255 0
P 99 63 0 255 0
P 100 63 0 255 0
P 101 63 0 255 0
P 102 63 0 255 0
P 103 63 0 255 0
P 104 63 0 255 0
P 105 63 0 255 0
P 106 63 0 255 0
P 107 63 0 255 0
P 108 63 0 255 0
P 109 63 0 255 0
P 110 63 0 255 0
P 111 63 0 255 0
P 112 63 0 255 0
P 113 63 0 255 0
P 40 64 0 255 0
P 41 64 0 255 0
P 42 64 0 255 0
P 43 64 0 255 0
P 44 64 0 255 0
P 45 64 0 255 0
P 46 64 0 255 0
P 47 64 0 255 0
P 48 64 0 255 0
P 49 64 0 255 0
P 50 64 0 255 0
P 51 64 0 255 0
P 52 64 0 255 0
P 53 64 0 255 0
P 54 64 0 255 0
P 55 64 0 255 0
P 56 64 0 255 0
P 57 64 0 255 0
P 58 64 0 255 0
P 59 64 0 255 0
P 60 64 0 255 0
P 61 64 0 255 0
P 62 64 0 255 0
P 63 64 0 255 0
P 64 64 0 255 0
P 65 64 0 255 0
P 66 64 0 255 0
P 67 64 0 255 0
P 68 64 0 255 0
P 69 64 0 255 0
P 70 64 0 255 0
P 71 64 0 255 0
P 72 64 0 255 0
P 73 64 0 255 0
P 74 64 0 255 0
P 75 64 0 255 0
P 76 64 0 255 0
P 77 64 0 255 0
P 78 64 0 255 0
P 79 64 0 255 0
P 80 64 0 255 0
P 81 64 0 255 0
P 82 64 0 255 0
P 83 64 0 255 0
P 84 64 0 255 0
P 85 64 0 255 0
P 86 64 0 255 0
P 87 64 0 255 0
P 88 64 0 255 0
P 89 64 0 255 0
P 90 64 0 255 0
P 91 64 0 255 0
P 92 64 0 255 0
P 93 64 0 255 0
P 94 64 0 255 0
P 95 64 0 255 0
P 96 64 0 255 0
P 97 64 0 255 0
P 98 64 0 255 0
P 99 64 0 255 0
P 100 64 0 255 0
P 101 64 0 255 0
P 102 64 0 255 0
P 103 64 0 255 0
P 104 64 0 255 0
P 105 64 0 255 0
P 106 64 0 255 0
P 107 64 0 255 0
P 108 64 0 255 0
P 109 64 0 255 0
P 110 64 0 255 0
P 111 64 0 255 0
P 112 64 0 255 0
P 40 65 0 255 0
P 41 65 0 255 0
P 42 65 0 255 0
P 43 65 0 255 0
P 44 65 0 255 0
P 45 65 0 255 0
P 46 65 0 255 0
P 47 65 0 255 0
P 48 65 0 255 0
P 49 65 0 255 0
P 50 65 0 255 0
P 51 65 0 255 0
P 52 65 0 255 0
P 53 65 0 255 0
P 54 65 0 255 0
P 55 65 0 255 0
P 56 65 0 255 0
P 57 65 0 255 0
P 58 65 0 255 0
P 59 65 0 255 0
P 60 65 0 255 0
P 61 65 0 255 0
P 62 65 0 255 0
P 63 65 0 255 0
P 64 65 0 255 0
P 65 65 0 255 0
P 66 65 0 255 0
P 67 65 0 255 0
P 68 65 0 255 0
P 69 65 0 255 0
P 70 65 0 255 0
P 71 65 0 255 0
P 72 65 0 255 0
P 73 65 0 255 0
P 74 65 0 255 0
P 75 65 0 255 0
P 76 65 0 255 0
P 77 65 0 255 0
P 78 65 0 255 0
P 79 65 0 255 0
P 80 65 0 255 0
P 81 65 0 255 0
P 82 65 0 255 0
P 83 65 0 255 0
P 84 65 0 255 0
P 85 65 0 255 0
P 86 65 0 255 0
P 87 65 0 255 0
P 88 65 0 255 0
P 89 65 0 255 0
P 90 65 0 255 0
P 91 65 0 255 0
P 92 65 0 255 0
P 93 65 0 255 0
P 94 65 0 255 0
P 95 65 0 255 0
P 96 65 0 255 0
P 97 65 0 255 0
P 98 65 0 255 0
P 99 65 0 255 0
P 100 65 0 255 0
P 101 65 0 255 0
P 102 65 0 255 0
P 103 65 0 255 0
P 104 65 0 255 0
P 105 65 0 255 0
P 106 65 0 255 0
P 107 65 0 255 0
P 108 65 0 255 0
P 109 65 0 255 0
P 110 65 0 255 0
P 111 65 0 255 0
P 40 66 0 255 0
P 41 66 0 255 0
P 42 66 0 255 0
P 43 66 0 255 0
P 44 66 0 255 0
P 45 66 0 255 0
P 46 66 0 255 0
P 47 66 0 255 0
P 48 66 0 255 0
P 49 66 0 255 0
P 50 66 0 255 0
P 51 66 0 255 0
P 52 66 0 255 0
P 53 66 0 255 0
P 54 66 0 255 0
P 55 66 0 255 0
P 56 66 0 255 0
P 57 66 0 255 0
P 58 66 0 255 0
P 59 66 0 255 0
P 60 66 0 255 0
P 61 66 0 255 0
P 62 66 0 255 0
P 63 66 0 255 0
P 64 66 0 255 0
P 65 66 0 255 0
P 66 66 0 255 0
P 67 66 0 255 0
P 68 66 0 255 0
P 69 66 0 255 0
P 70 66 0 255 0
P 71 66 0 255 0
P 72 66 0 255 0
P 73 66 0 255 0
P 74 66 0 255 0
P 75 66 0 255 0
P 76 66 0 255 0
P 77 66 0 255 0
P 78 66 0 255 0
P 79 66 0 255 0
P 80 66 0 255 0
P 81 66 0 255 0
P 82 66 0 255 0
P 83 66 0 255 0
P 84 66 0 255 0
P 85 66 0 255 0
P 86 66 0 255 0
P 87 66 0 255 0
P 88 66 0 255 0
P 89 66 0 255 0
P 90 66 0 255 0
P 91 66 0 255 0
P 92 66 0 255 0
P 93 66 0 255 0
P 94 66 0 255 0
P 95 66 0 255 0
P 96 66 0 255 0
P 97 66 0 255 0
P 98 66 0 255 0
P 99 66 0 255 0
P 100 66 0 255 0
P 101 66 0 255 0
P 102 66 0 255 0
P 103 66 0 255 0
P 104 66 0 255 0
P 105 66 0 255 0
P 106 66 0 255 0
P 107 66 0 255 0
P 108 66 0 255 0
P 109 66 0 255 0
P 110 66 0 255 0
P 111 66 0 255 0
P 40 67 0 255 0
P 41 67 0 255 0
P 42 67 0 255 0
P 43 67 0 255 0
P 44 67 0 255 0
P 45 67 0 255 0
P 46 67 0 255 0
P 47 67 0 255 0
P 48 67 0 255 0
P 49 67 0 255 0
P 50 67 0 255 0
P 51 67 0 255 0
P 52 67 0 255 0
P 53 67 0 255 0
P 54 67 0 255 0
P 55 67 0 255 0
P 56 67 0 255 0
P 57 67 0 255 0
P 58 67 0 255 0
P 59 67 0 255 0
P 60 67 0 255 0
P 61 67 0 255 0
P 62 67 0 255 0
P 63 67 0 255 0
P 64 67 0 255 0
P 65 67 0 255 0
P 66 67 0 255 0
P 67 67 0 255 0
P 68 67 0 255 0
P 69 67 0 255 0
P 70 67 0 255 0
P 71 67 0 255 0
P 72 67 0 255 0
P 73 67 0 255 0
P 74 67 0 255 0
P 75 67 0 255 0
P 76 67 0 255 0
P 77 67 0 255 0
P 78 67 0 255 0
P 79 67 0 255 0
P 80 67 0 255 0
P 81 67 0 255 0
P 82 67 0 255 0
P 83 67 0 255 0
P 84 67 0 255 0
P 85 67 0 255 0
P 86 67 0 255 0
P 87 67 0 255 0
P 88 67 0 255 0
P 89 67 0 255 0
P 90 67 0 255 0
P 91 67 0 255 0
P 92 67 0 255 0
P 93 67 0 255 0
P 94 67 0 255 0
P 95 67 0 255 0
P 96 67 0 255 0
P 97 67 0 255 0
P 98 67 0 255 0
P 99 67 0 255 0
P 100 67 0 255 0
P 101 67 0 255 0
P 102 67 0 255 0
P 103 67 0 255 0
P 104 67 0 255 0
P 105 67 0 255 0
P 106 67 0 255 0
P 107 67 0 255 0
P 108 67 0 255 0
P 109 67 0 255 0
P 110 67 0 255 0
P 41 68 0 255 0
P 42 68 0 255 0
P 43 68 0 255 0
P 44 68 0 255 0
P 45 68 0 255 0
P 46 68 0 255 0
P 47 68 0 255 0
P 48 68 0 255 0
P 49 68 0 255 0
P 50 68 0 255 0
P 51 68 0 255 0
P 52 68 0 255 0
P 53 68 0 255 0
P 54 68 0 255 0
P 55 68 0 255 0
P 56 68 0 255 0
P 57 68 0 255 0
P 58 68 0 255 0
P 59 68 0 255 0
P 60 68 0 255 0
P 61 68 0 255 0
P 62 68 0 255 0
P 63 68 0 255 0
P 64 68 0 255 0
P 65 68 0 255 0
P 66 68 0 255 0
P 67 68 0 255 0
P 68 68 0 255 0
P 69 68 0 255 0
P 70 68 0 255 0
P 71 68 0 255 0
P 72 68 0 255 0
P 73 68 0 255 0
P 74 68 0 255 0
P 75 68 0 255 0
P 76 68 0 255 0
P 77 68 0 255 0
P 78 68 0 255 0
P 79 68 0 255 0
P 80 68 0 255 0
P 81 68 0 255 0
P 82 68 0 255 0
P 83 68 0 255 0
P 84 68 0 255 0
P 85 68 0 255 0
P 86 68 0 255 0
P 87 68 0 255 0
P 88 68 0 255 0
P 89 68 0 255 0
P 90 68 0 255 0
P 91 68 0 255 0
P 92 68 0 255 0
P 93 68 0 255 0
P 94 68 0 255 0
P 95 68 0 255 0
P 96 68 0 255 0
P 97 68 0 255 0
P 98 68 0 255 0
P 99 68 0 255 0
P 100 68 0 255 0
P 101 68 0 255 0
P 102 68 0 255 0
P 103 68 0 255 0
P 104 68 0 255 0
P 105 68 0 255 0
P 106 68 0 255 0
P 107 68 0 255 0
P 108 68 0 255 0
P 109 68 0 255 0
P 110 68 0 255 0
P 41 69 0 255 0
P 42 69 0 255 0
P 43 69 0 255 0
P 44 69 0 255 0
P 45 69 0 255 0
P 46 69 0 255 0
P 47 69 0 255 0
P 48 69 0 255 0
P 49 69 0 255 0
P 50 69 0 255 0
P 51 69 0 255 0
P 52 69 0 255 0
P 53 69 0 255 0
P 54 69 0 255 0
P 55 69 0 255 0
P 56 69 0 255 0
P 57 69 0 255 0
P 58 69 0 255 0
P 59 69 0 255 0
P 60 69 0 255 0
P 61 69 0 255 0
P 62 69 0 255 0
P 63 69 0 255 0
P 64 69 0 255 0
P 65 69 0 255 0
P 66 69 0 255 0
P 67 69 0 255 0
P 68 69 0 255 0
P 69 69 0 255 0
P 70 69 0 255 0
P 71 69 0 255 0
P 72 69 0 255 0
P 73 69 0 255 0
P 74 69 0 255 0
P 75 69 0 255 0
P 76 69 0 255 0
P 77 69 0 255 0
P 78 69 0 255 0
P 79 69 0 255 0
P 80 69 0 255 0
P 81 69 0 255 0
P 82 69 0 255 0
P 83 69 0 255 0
P 84 69 0 255 0
P 85 69 0 255 0
P 86 69 0 255 0
P 87 69 0 255 0
P 88 69 0 255 0
P 89 69 0 255 0
P 90 69 0 255 0
P 91 69 0 255 0
P 92 69 0 255 0
P 93 69 0 255 0
P 94 69 0 255 0
P 95 69 0 255 0
P 96 69 0 255 0
P 97 69 0 255 0
P 98 69 0 255 0
P 99 69 0 255 0
P 100 69 0 255 0
P 101 69 0 255 0
P 102 69 0 255 0
P 103 69 0 255 0
P 104 69 0 255 0
P 105 69 0 255 0
P 106 69 0 255 0
P 107 69 0 255 0
P 108 69 0 255 0
P 109 69 0 255 0
P 41 70 0 255 0
P 42 70 0 255 0
P 43 70 0 255 0
P 44 70 0 255 0
P 45 70 0 255 0
P 46 70 0 255 0
P 47 70 0 255 0
P 48 70 0 255 0
P 49 70 0 255 0
P 50 70 0 255 0
P 51 70 0 255 0
P 52 70 0 255 0
P 53 70 0 255 0
P 54 70 0 255 0
P 55 70 0 255 0
P 56 70 0 255 0
P 57 70 0 255 0
P 58 70 0 255 0
P 59 70 0 255 0
P 60 70 0 255 0
P 61 70 0 255 0
P 62 70 0 255 0
P 63 70 0 255 0
P 64 70 0 255 0
P 65 70 0 255 0
P 66 70 0 255 0
P 67 70 0 255 0
P 68 70 0 255 0
P 69 70 0 255 0
P 70 70 0 255 0
P 71 70 0 255 0
P 72 70 0 255 0
P 73 70 0 255 0
P 74 70 0 255 0
P 75 70 0 255 0
P 76 70 0 255 0
P 77 70 0 255 0
P 78 70 0 255 0
P 79 70 0 255 0
P 80 70 0 255 0
P 81 70 0 255 0
P 82 70 0 255 0
P 83 70 0 255 0
P 84 70 0 255 0
P 85 70 0 255 0
P 86 70 0 255 0
P 87 70 0 255 0
P 88 70 0 255 0
P 89 70 0 255 0
P 90 70 0 255 0
P 91 70 0 255 0
P 92 70 0 255 0
P 93 70 0 255 0
P 94 70 0 255 0
P 95 70 0 255 0
P 96 70 0 255 0
P 97 70 0 255 0
P 98 70 0 255 0
P 99 70 0 255 0
P 100 70 0 255 0
P 101 70 0 255 0
P 102 70 0 255 0
P 103 70 0 255 0
P 104 70 0 255 0
P 105 70 0 255 0
P 106 70 0 255 0
P 107 70 0 255 0
P 108 70 0 255 0
P 109 70 0 255 0
P 41 71 0 255 0
P 42 71 0 255 0
P 43 71 0 255 0
P 44 71 0 255 0
P 45 71 0 255 0
P 46 71 0 255 0
P 47 71 0 255 0
P 48 71 0 255 0
P 49 71 0 255 0
P 50 71 0 255 0
P 51 71 0 255 0
P 52 71 0 255 0
P 53 71 0 255 0
P 54 71 0 255 0
P 55 71 0 255 0
P 56 71 0 255 0
P 57 71 0 255 0
P 58 71 0 255 0
P 59 71 0 255 0
P 60 71 0 255 0
P 61 71 0 255 0
P 62 71 0 255 0
P 63 71 0 255 0
P 64 71 0 255 0
P 65 71 0 255 0
P 66 71 0 255 0
P 67 71 0 255 0
P 68 71 0 255 0
P 69 71 0 255 0
P 70 71 0 255 0
P 71 71 0 255 0
P 72 71 0 255 0
P 73 71 0 255 0
P 74 71 0 255 0
P 75 71 0 255 0
P 76 71 0 255 0
P 77 71 0 255 0
P 78 71 0 255 0
P 79 71 0 255 0
P 80 71 0 255 0
P 81 71 0 255 0
P 82 71 0 255 0
P 83 71 0 255 0
P 84 71 0 255 0
P 85 71 0 255 0
P 86 71 0 255 0
P 87 71 0 255 0
P 88 71 0 255 0
P 89 71 0 255 0
P 90 71 0 255 0
P 91 71 0 255 0
P 92 71 0 255 0
P 93 71 0 255 0
P 94 71 0 255 0
P 95 71 0 255 0
P 96 71 0 255 0
P 97 71 0 255 0
P 98 71 0 255 0
P 99 71 0 255 0
P 100 71 0 255 0
P 101 71 0 255 0
P 102 71 0 255 0
P 103 71 0 255 0
P 104 71 0 255 0
P 105 71 0 255 0
P 106 71 0 255 0
P 107 71 0 255 0
P 108 71 0 255 0
P 41 72 0 255 0
P 42 72 0 255 0
P 43 72 0 255 0
P 44 72 0 255 0
P 45 72 0 255 0
P 46 72 0 255 0
P 47 72 0 255 0
P 48 72 0 255 0
P 49 72 0 255 0
P 50 72 0 255 0
P 51 72 0 255 0
P 52 72 0 255 0
P 53 72 0 255 0
P 54 72 0 255 0
P 55 72 0 255 0
P 56 72 0 255 0
P 57 72 0 255 0
P 58 72 0 255 0
P 59 72 0 255 0
P 60 72 0 255 0
P 61 72 0 255 0
P 62 72 0 255 0
P 63 72 0 255 0
P 64 72 0 255 0
P 65 72 0 255 0
P 66 72 0 255 0
P 67 72 0 255 0
P 68 72 0 255 0
P 69 72 0 255 0
P 70 72 0 255 0
P 71 72 0 255 0
P 72 72 0 255 0
P 73 72 0 255 0
P 74 72 0 255 0
P 75 72 0 255 0
P 76 72 0 255 0
P 77 72 0 255 0
P 78 72 0 255 0
P 79 72 0 255 0
P 80 72 0 255 0
P 81 72 0 255 0
P 82 72 0 255 0
P 83 72 0 255 0
P 84 72 0 255 0
P 85 72 0 255 0
P 86 72 0 255 0
P 87 72 0 255 0
P 88 72 0 255 0
P 89 72 0 255 0
P 90 72 0 255 0
P 91 72 0 255 0
P 92 72 0 255 0
P 93 72 0 255 0
P 94 72 0 255 0
P 95 72 0 255 0
P 96 72 0 255 0
P 97 72 0 255 0
P 98 72 0 255 0
P 99 72 0 255 0
P 100 72 0 255 0
P 101 72 0 255 0
P 102 72 0 255 0
P 103 72 0 255 0
P 104 72 0 255 0
P 105 72 0 255 0
P 106 72 0 255 0
P 107 72 0 255 0
P 41 73 0 255 0
P 42 73 0 255 0
P 43 73 0 255 0
P 44 73 0 255 0
P 45 73 0 255 0
P 46 73 0 255 0
P 47 73 0 255 0
P 48 73 0 255 0
P 49 73 0 255 0
P 50 73 0 255 0
P 51 73 0 255 0
P 52 73 0 255 0
P 53 73 0 255 0
P 54 73 0 255 0
P 55 73 0 255 0
P 56 73 0 255 0
P 57 73 0 255 0
P 58 73 0 255 0
P 59 73 0 255 0
P 60 73 0 255 0
P 61 73 0 255 0
P 62 73 0 255 0
P 63 73 0 255 0
P 64 73 0 255 0
P 65 73 0 255 0
P 66 73 0 255 0
P 67 73 0 255 0
P 68 73 0 255 0
P 69 73 0 255 0
P 70 73 0 255 0
P 71 73 0 255 0
P 72 73 0 255 0
P 73 73 0 255 0
P 74 73 0 255 0
P 75 73 0 255 0
P 76 73 0 255 0
P 77 73 0 255 0
P 78 73 0 255 0
P 79 73 0 255 0
P 80 73 0 255 0
P 81 73 0 255 0
P 82 73 0 255 0
P 83 73 0 255 0
P 84 73 0 255 0
P 85 73 0 255 0
P 86 73 0 255 0
P 87 73 0 255 0
P 88 73 0 255 0
P 89 73 0 255 0
P 90 73 0 255 0
P 91 73 0 255 0
P 92 73 0 255 0
P 93 73 0 255 0
P 94 73 0 255 0
P 95 73 0 255 0
P 96 73 0 255 0
P 97 73 0 255 0
P 98 73 0 255 0
P 99 73 0 255 0
P 100 73 0 255 0
P 101 73 0 255 0
P 102 73 0 255 0
P 103 73 0 255 0
P 104 73 0 255 0
P 105 73 0 255 0
P 106 73 0 255 0
P 107 73 0 255 0
P 41 74 0 255 0
P 42 74 0 255 0
P 43 74 0 255 0
P 44 74 0 255 0
P 45 74 0 255 0
P 46 74 0 255 0
P 47 74 0 255 0
P 48 74 0 255 0
P 49 74 0 255 0
P 50 74 0 255 0
P 51 74 0 255 0
P 52 74 0 255 0
P 53 74 0 255 0
P 54 74 0 255 0
P 55 74 0 255 0
P 56 74 0 255 0
P 57 74 0 255 0
P 58 74 0 255 0
P 59 74 0 255 0
P 60 74 0 255 0
P 61 74 0 255 0
P 62 74 0 255 0
P 63 74 0 255 0
P 64 74 0 255 0
P 65 74 0 255 0
P 66 74 0 255 0
P 67 74 0 255 0
P 68 74 0 255 0
P 69 74 0 255 0
P 70 74 0 255 0
P 71 74 0 255 0
P 72 74 0 255 0
P 73 74 0 255 0
P 74 74 0 255 0
P 75 74 0 255 0
P 76 74 0 255 0
P 77 74 0 255 0
P 78 74 0 255 0
P 79 74 0 255 0
P 80 74 0 255 0
P 81 74 0 255 0
P 82 74 0 255 0
P 83 74 0 255 0
P 84 74 0 255 0
P 85 74 0 255 0
P 86 74 0 255 0
P 87 74 0 255 0
P 88 74 0 255 0
P 89 74 0 255 0
P 90 74 0 255 0
P 91 74 0 255 0
P 92 74 0 255 0
P 93 74 0 255 0
P 94 74 0 255 0
P 95 74 0 255 0
P 96 74 0 255 0
P 97 74 0 255 0
P 98 74 0 255 0
P 99 74 0 255 0
P 100 74 0 255 0
P 101 74 0 255 0
P 102 74 0 255 0
P 103 74 0 255 0
P 104 74 0 255 0
P 105 74 0 255 0
P 106 74 0 255 0
P 41 75 0 255 0
P 42 75 0 255 0
P 43 75 0 255 0
P 44 75 0 255 0
P 45 75 0 255 0
P 46 75 0 255 0
P 47 75 0 255 0
P 48 75 0 255 0
P 49 75 0 255 0
P 50 75 0 255 0
P 51 75 0 255 0
P 52 75 0 255 0
P 53 75 0 255 0
P 54 75 0 255 0
P 55 75 0 255 0
P 56 75 0 255 0
P 57 75 0 255 0
P 58 75 0 255 0
P 59 75 0 255 0
P 60 75 0 255 0
P 61 75 0 255 0
P 62 75 0 255 0
P 63 75 0 255 0
P 64 75 0 255 0
P 65 75 0 255 0
P 66 75 0 255 0
P 67 75 0 255 0
P 68 75 0 255 0
P 69 75 0 255 0
P 70 75 0 255 0
P 71 75 0 255 0
P 72 75 0 255 0
P 73 75 0 255 0
P 74 75 0 255 0
P 75 75 0 255 0
P 76 75 0 255 0
P 77 75 0 255 0
P 78 75 0 255 0
P 79 75 0 255 0
P 80 75 0 255 0
P 81 75 0 255 0
P 82 75 0 255 0
P 83 75 0 255 0
P 84 75 0 255 0
P 85 75 0 255 0
P 86 75 0 255 0
P 87 75 0 255 0
P 88 75 0 255 0
P 89 75 0 255 0
P 90 75 0 255 0
P 91 75 0 255 0
P 92 75 0 255 0
P 93 75 0 255 0
P 94 75 0 255 0
P 95 75 0 255 0
P 96 75 0 255 0
P 97 75 0 255 0
P 98 75 0 255 0
P 99 75 0 255 0
P 100 75 0 255 0
P 101 75 0 255 0
P 102 75 0 255 0
P 103 75 0 255 0
P 104 75 0 255 0
P 105 75 0 255 0
P 106 75 0 255 0
P 41 76 0 255 0
P 42 76 0 255 0
P 43 76 0 255 0
P 44 76 0 255 0
P 45 76 0 255 0
P 46 76 0 255 0
P 47 76 0 255 0
P 48 76 0 255 0
P 49 76 0 255 0
P 50 76 0 255 0
P 51 76 0 255 0
P 52 76 0 255 0
P 53 76 0 255 0
P 54 76 0 255 0
P 55 76 0 255 0
P 56 76 0 255 0
P 57 76 0 255 0
P 58 76 0 255 0
P 59 76 0 255 0
P 60 76 0 255 0
P 61 76 0 255 0
P 62 76 0 255 0
P 63 76 0 255 0
P 64 76 0 255 0
P 65 76 0 255 0
P 66 76 0 255 0
P 67 76 0 255 0
P 68 76 0 255 0
P 69 76 0 255 0
P 70 76 0 255 0
P 71 76 0 255 0
P 72 76 0 255 0
P 73 76 0 255 0
P 74 76 0 255 0
P 75 76 0 255 0
P 76 76 0 255 0
P 77 76 0 255 0
P 78 76 0 255 0
P 79 76 0 255 0
P 80 76 0 255 0
P 81 76 0 255 0
P 82 76 0 255 0
P 83 76 0 255 0
P 84 76 0 255 0
P 85 76 0 255 0
P 86 76 0 255 0
P 87 76 0 255 0
P 88 76 0 255 0
P 89 76 0 255 0
P 90 76 0 255 0
P 91 76 0 255 0
P 92 76 0 255 0
P 93 76 0 255 0
P 94 76 0 255 0
P 95 76 0 255 0
P 96 76 0 255 0
P 97 76 0 255 0
P 98 76 0 255 0
P 99 76 0 255 0
P 100 76 0 255 0
P 101 76 0 255 0
P 102 76 0 255 0
P 103 76 0 255 0
P 104 76 0 255 0
P 105 76 0 255 0
P 41 77 0 255 0
P 42 77 0 255 0
P 43 77 0 255 0
P 44 77 0 255 0
P 45 77 0 255 0
P 46 77 0 255 0
P 47 77 0 255 0
P 48 77 0 255 0
P 49 77 0 255 0
P 50 77 0 255 0
P 51 77 0 255 0
P 52 77 0 255 0
P 53 77 0 255 0
P 54 77 0 255 0
P 55 77 0 255 0
P 56 77 0 255 0
P 57 77 0 255 0
P 58 77 0 255 0
P 59 77 0 255 0
P 60 77 0 255 0
P 61 77 0 255 0
P 62 77 0 255 0
P 63 77 0 255 0
P 64 77 0 255 0
P 65 77 0 255 0
P 66 77 0 255 0
P 67 77 0 255 0
P 68 77 0 255 0
P 69 77 0 255 0
P 70 77 0 255 0
P 71 77 0 255 0
P 72 77 0 255 0
P 73 77 0 255 0
P 74 77 0 255 0
P 75 77 0 255 0
P 76 77 0 255 0
P 77 77 0 255 0
P 78 77 0 255 0
P 79 77 0 255 0
P 80 77 0 255 0
P 81 77 0 255 0
P 82 77 0 255 0
P 83 77 0 255 0
P 84 77 0 255 0
P 85 77 0 255 0
P 86 77 0 255 0
P 87 77 0 255 0
P 88 77 0 255 0
P 89 77 0 255 0
P 90 77 0 255 0
P 91 77 0 255 0
P 92 77 0 255 0
P 93 77 0 255 0
P 94 77 0 255 0
P 95 77 0 255 0
P 96 77 0 255 0
P 97 77 0 255 0
P 98 77 0 255 0
P 99 77 0 255 0
P 100 77 0 255 0
P 101 77 0 255 0
P 102 77 0 255 0
P 103 77 0 255 0
P 104 77 0 255 0
P 105 77 0 255 0
P 41 78 0 255 0
P 42 78 0 255 0
P 43 78 0 255 0
P 44 78 0 255 0
P 45 78 0 255 0
P 46 78 0 255 0
P 47 78 0 255 0
P 48 78 0 255 0
P 49 78 0 255 0
P 50 78 0 255 0
P 51 78 0 255 0
P 52 78 0 255 0
P 53 78 0 255 0
P 54 78 0 255 0
P 55 78 0 255 0
P 56 78 0 255 0
P 57 78 0 255 0
P 58 78 0 255 0
P 59 78 0 255 0
P 60 78 0 255 0
P 61 78 0 255 0
P 62 78 0 255 0
P 63 78 0 255 0
P 64 78 0 255 0
P 65 78 0 255 0
P 66 78 0 255 0
P 67 78 0 255 0
P 68 78 0 255 0
P 69 78 0 255 0
P 70 78 0 255 0
P 71 78 0 255 0
P 72 78 0 255 0
P 73 78 0 255 0
P 74 78 0 255 0
P 75 78 0 255 0
P 76 78 0 255 0
P 77 78 0 255 0
P 78 78 0 255 0
P 79 78 0 255 0
P 80 78 0 255 0
P 81 78 0 255 0
P 82 78 0 255 0
P 83 78 0 255 0
P 84 78 0 255 0
P 85 78 0 255 0
P 86 78 0 255 0
P 87 78 0 255 0
P 88 78 0 255 0
P 89 78 0 255 0
P 90 78 0 255 0
P 91 78 0 255 0
P 92 78 0 255 0
P 93 78 0 255 0
P 94 78 0 255 0
P 95 78 0 255 0
P 96 78 0 255 0
P 97 78 0 255 0
P 98 78 0 255 0
P 99 78 0 255 0
P 100 78 0 255 0
P 101 78 0 255 0
P 102 78 0 255 0
P 103 78 0 255 0
P 104 78 0 255 0
P 41 79 0 255 0
P 42 79 0 255 0
P 43 79 0 255 0
P 44 79 0 255 0
P 45 79 0 255 0
P 46 79 0 255 0
P 47 79 0 255 0
P 48 79 0 255 0
P 49 79 0 255 0
P 50 79 0 255 0
P 51 79 0 255 0
P 52 79 0 255 0
P 53 79 0 255 0
P 54 79 0 255 0
P 55 79 0 255 0
P 56 79 0 255 0
P 57 79 0 255 0
P 58 79 0 255 0
P 59 79 0 255 0
P 60 79 0 255 0
P 61 79 0 255 0
P 62 79 0 255 0
P 63 79 0 255 0
P 64 79 0 255 0
P 65 79 0 255 0
P 66 79 0 255 0
P 67 79 0 255 0
P 68 79 0 255 0
P 69 79 0 255 0
P 70 79 0 255 0
P 71 79 0 255 0
P 72 79 0 255 0
P 73 79 0 255 0
P 74 79 0 255 0
P 75 79 0 255 0
P 76 79 0 255 0
P 77 79 0 255 0
P 78 79 0 255 0
P 79 79 0 255 0
P 80 79 0 255 0
P 81 79 0 255 0
P 82 79 0 255 0
P 83 79 0 255 0
P 84 79 0 255 0
P 85 79 0 255 0
P 86 79 0 255 0
P 87 79 0 255 0
P 88 79 0 255 0
P 89 79 0 255 0
P 90 79 0 255 0
P 91 79 0 255 0
P 92 79 0 255 0
P 93 79 0 255 0
P 94 79 0 255 0
P 95 79 0 255 0
P 96 79 0 255 0
P 97 79 0 255 0
P 98 79 0 255 0
P 99 79 0 255 0
P 100 79 0 255 0
P 101 79 0 255 0
P 102 79 0 255 0
P 103 79 0 255 0
P 104 79 0 255 0
P 41 80 0 255 0
P 42 80 0 255 0
P 43 80 0 255 0
P 44 80 0 255 0
P 45 80 0 255 0
P 46 80 0 255 0
P 47 80 0 255 0
P 48 80 0 255 0
P 49 80 0 255 0
P 50 80 0 255 0
P 51 80 0 255 0
P 52 80 0 255 0
P 53 80 0 255 0
P 54 80 0 255 0
P 55 80 0 255 0
P 56 80 0 255 0
P 57 80 0 255 0
P 58 80 0 255 0
P 59 80 0 255 0
P 60 80 0 255 0
P 61 80 0 255 0
P 62 80 0 255 0
P 63 80 0 255 0
P 64 80 0 255 0
P 65 80 0 255 0
P 66 80 0 255 0
P 67 80 0 255 0
P 68 80 0 255 0
P 69 80 0 255 0
P 70 80 0 255 0
P 71 80 0 255 0
P 72 80 0 255 0
P 73 80 0 255 0
P 74 80 0 255 0
P 75 80 0 255 0
P 76 80 0 255 0
P 77 80 0 255 0
P 78 80 0 255 0
P 79 80 0 255 0
P 80 80 0 255 0
P 81 80 0 255 0
P 82 80 0 255 0
P 83 80 0 255 0
P 84 80 0 255 0
P 85 80 0 255 0
P 86 80 0 255 0
P 87 80 0 255 0
P 88 80 0 255 0
P 89 80 0 255 0
P 90 80 0 255 0
P 91 80 0 255 0
P 92 80 0 255 0
P 93 80 0 255 0
P 94 80 0 255 0
P 95 80 0 255 0
P 96 80 0 255 0
P 97 80 0 255 0
P 98 80 0 255 0
P 99 80 0 255 0
P 100 80 0 255 0
P 101 80 0 255 0
P 102 80 0 255 0
P 103 80 0 255 0
P 41 81 0 255 0
P 42 81 0 255 0
P 43 81 0 255 0
P 44 81 0 255 0
P 45 81 0 255 0
P 46 81 0 255 0
P 47 81 0 255 0
P 48 81 0 255 0
P 49 81 0 255 0
P 50 81 0 255 0
P 51 81 0 255 0
P 52 81 0 255 0
P 53 81 0 255 0
P 54 81 0 255 0
P 55 81 0 255 0
P 56 81 0 255 0
P 57 81 0 255 0
P 58 81 0 255 0
P 59 81 0 255 0
P 60 81 0 255 0
P 61 81 0 255 0
P 62 81 0 255 0
P 63 81 0 255 0
P 64 81 0 255 0
P 65 81 0 255 0
P 66 81 0 255 0
P 67 81 0 255 0
P 68 81 0 255 0
P 69 81 0 255 0
P 70 81 0 255 0
P 71 81 0 255 0
P 72 81 0 255 0
P 73 81 0 255 0
P 74 81 0 255 0
P 75 81 0 255 0
P 76 81 0 255 0
P 77 81 0 255 0
P 78 81 0 255 0
P 79 81 0 255 0
P 80 81 0 255 0
P 81 81 0 255 0
P 82 81 0 255 0
P 83 81 0 255 0
P 84 81 0 255 0
P 85 81 0 255 0
P 86 81 0 255 0
P 87 81 0 255 0
P 88 81 0 255 0
P 89 81 0 255 0
P 90 81 0 255 0
P 91 81 0 255 0
P 92 81 0 255 0
P 93 81 0 255 0
P 94 81 0 255 0
P 95 81 0 255 0
P 96 81 0 255 0
P 97 81 0 255 0
P 98 81 0 255 0
P 99 81 0 255 0
P 100 81 0 255 0
P 101 81 0 255 0
P 102 81 0 255 0
P 41 82 0 255 0
P 42 82 0 255 0
P 43 82 0 255 0
P 44 82 0 255 0
P 45 82 0 255 0
P 46 82 0 255 0
P 47 82 0 255 0
P 48 82 0 255 0
P 49 82 0 255 0
P 50 82 0 255 0
P 51 82 0 255 0
P 52 82 0 255 0
P 53 82 0 255 0
P 54 82 0 255 0
P 55 82 0 255 0
P 56 82 0 255 0
P 57 82 0 255 0
P 58 82 0 255 0
P 59 82 0 255 0
P 60 82 0 255 0
P 61 82 0 255 0
P 62 82 0 255 0
P 63 82 0 255 0
P 64 82 0 255 0
P 65 82 0 255 0
P 66 82 0 255 0
P 67 82 0 255 0
P 68 82 0 255 0
P 69 82 0 255 0
P 70 82 0 255 0
P 71 82 0 255 0
P 72 82 0 255 0
P 73 82 0 255 0
P 74 82 0 255 0
P 75 82 0 255 0
P 76 82 0 255 0
P 77 82 0 255 0
P 78 82 0 255 0
P 79 82 0 255 0
P 80 82 0 255 0
P 81 82 0 255 0
P 82 82 0 255 0
P 83 82 0 255 0
P 84 82 0 255 0
P 85 82 0 255 0
P 86 82 0 255 0
P 87 82 0 255 0
P 88 82 0 255 0
P 89 82 0 255 0
P 90 82 0 255 0
P 91 82 0 255 0
P 92 82 0 255 0
P 93 82 0 255 0
P 94 82 0 255 0
P 95 82 0 255 0
P 96 82 0 255 0
P 97 82 0 255 0
P 98 82 0 255 0
P 99 82 0 255 0
P 100 82 0 255 0
P 101 82 0 255 0
P 102 82 0 255 0
P 42 83 0 255 0
P 43 83 0 255 0
P 44 83 0 255 0
P 45 83 0 255 0
P 46 83 0 255 0
P 47 83 0 255 0
P 48 83 0 255 0
P 49 83 0 255 0
P 50 83 0 255 0
P 51 83 0 255 0
P 52 83 0 255 0
P 53 83 0 255 0
P 54 83 0 255 0
P 55 83 0 255 0
P 56 83 0 255 0
P 57 83 0 255 0
P 58 83 0 255 0
P 59 83 0 255 0
P 60 83 0 255 0
P 61 83 0 255 0
P 62 83 0 255 0
P 63 83 0 255 0
P 64 83 0 255 0
P 65 83 0 255 0
P 66 83 0 255 0
P 67 83 0 255 0
P 68 83 0 255 0
P 69 83 0 255 0
P 70 83 0 255 0
P 71 83 0 255 0
P 72 83 0 255 0
P 73 83 0 255 0
P 74 83 0 255 0
P 75 83 0 255 0
P 76 83 0 255 0
P 77 83 0 255 0
P 78 83 0 255 0
P 79 83 0 255 0
P 80 83 0 255 0
P 81 83 0 255 0
P 82 83 0 255 0
P 83 83 0 255 0
P 84 83 0 255 0
P 85 83 0 255 0
P 86 83 0 255 0
P 87 83 0 255 0
P 88 83 0 255 0
P 89 83 0 255 0
P 90 83 0 255 0
P 91 83 0 255 0
P 92 83 0 255 0
P 93 83 0 255 0
P 94 83 0 255 0
P 95 83 0 255 0
P 96 83 0 255 0
P 97 83 0 255 0
P 98 83 0 255 0
P 99 83 0 255 0
P 100 83 0 255 0
P 101 83 0 255 0
P 42 84 0 255 0
P 43 84 0 255 0
P 44 84 0 255 0
P 45 84 0 255 0
P 46 84 0 255 0
P 47 84 0 255 0
P 48 84 0 255 0
P 49 84 0 255 0
P 50 84 0 255 0
P 51 84 0 255 0
P 52 84 0 255 0
P 53 84 0 255 0
P 54 84 0 255 0
P 55 84 0 255 0
P 56 84 0 255 0
P 57 84 0 255 0
P 58 84 0 255 0
P 59 84 0 255 0
P 60 84 0 255 0
P 61 84 0 255 0
P 62 84 0 255 0
P 63 84 0 255 0
P 64 84 0 255 0
P 65 84 0 255 0
P 66 84 0 255 0
P 67 84 0 255 0
P 68 84 0 255 0
P 69 84 0 255 0
P 70 84 0 255 0
P 71 84 0 255 0
P 72 84 0 255 0
P 73 84 0 255 0
P 74 84 0 255 0
P 75 84 0 255 0
P 76 84 0 255 0
P 77 84 0 255 0
P 78 84 0 255 0
P 79 84 0 255 0
P 80 84 0 255 0
P 81 84 0 255 0
P 82 84 0 255 0
P 83 84 0 255 0
P 84 84 0 255 0
P 85 84 0 255 0
P 86 84 0 255 0
P 87 84 0 255 0
P 88 84 0 255 0
P 89 84 0 255 0
P 90 84 0 255 0
P 91 84 0 255 0
P 92 84 0 255 0
P 93 84 0 255 0
P 94 84 0 255 0
P 95 84 0 255 0
P 96 84 0 255 0
P 97 84 0 255 0
P 98 84 0 255 0
P 99 84 0 255 0
P 100 84 0 255 0
P 101 84 0 255 0
P 42 85 0 255 0
P 43 85 0 255 0
P 44 85 0 255 0
P 45 85 0 255 0
P 46 85 0 255 0
P 47 85 0 255 0
P 48 85 0 255 0
P 49 85 0 255 0
P 50 85 0 255 0
P 51 85 0 255 0
P 52 85 0 255 0
P 53 85 0 255 0
P 54 85 0 255 0
P 55 85 0 255 0
P 56 85 0 255 0
P 57 85 0 255 0
P 58 85 0 255 0
P 59 85 0 255 0
P 60 85 0 255 0
P 61 85 0 255 0
P 62 85 0 255 0
P 63 85 0 255 0
P 64 85 0 255 0
P 65 85 0 255 0
P 66 85 0 255 0
P 67 85 0 255 0
P 68 85 0 255 0
P 69 85 0 255 0
P 70 85 0 255 0
P 71 85 0 255 0
P 72 85 0 255 0
P 73 85 0 255 0
P 74 85 0 255 0
P 75 85 0 255 0
P 76 85 0 255 0
P 77 85 0 255 0
P 78 85 0 255 0
P 79 85 0 255 0
P 80 85 0 255 0
P 81 85 0 255 0
P 82 85 0 255 0
P 83 85 0 255 0
P 84 85 0 255 0
P 85 85 0 255 0
P 86 85 0 255 0
P 87 85 0 255 0
P 88 85 0 255 0
P 89 85 0 255 0
P 90 85 0 255 0
P 91 85 0 255 0
P 92 85 0 255 0
P 93 85 0 255 0
P 94 85 0 255 0
P 95 85 0 255 0
P 96 85 0 255 0
P 97 85 0 255 0
P 98 85 0 255 0
P 99 85 0 255 0
P 100 85 0 255 0
P 42 86 0 255 0
P 43 86 0 255 0
P 44 86 0 255 0
P 45 86 0 255 0
P 46 86 0 255 0
P 47 86 0 255 0
P 48 86 0 255 0
P 49 86 0 255 0
P 50 86 0 255 0
P 51 86 0 255 0
P 52 86 0 255 0
P 53 86 0 255 0
P 54 86 0 255 0
P 55 86 0 255 0
P 56 86 0 255 0
P 57 86 0 255 0
P 58 86 0 255 0
P 59 86 0 255 0
P 60 86 0 255 0
P 61 86 0 255 0
P 62 86 0 255 0
P 63 86 0 255 0
P 64 86 0 255 0
P 65 86 0 255 0
P 66 86 0 255 0
P 67 86 0 255 0
P 68 86 0 255 0
P 69 86 0 255 0
P 70 86 0 255 0
P 71 86 0 255 0
P 72 86 0 255 0
P 73 86 0 255 0
P 74 86 0 255 0
P 75 86 0 255 0
P 76 86 0 255 0
P 77 86 0 255 0
P 78 86 0 255 0
P 79 86 0 255 0
P 80 86 0 255 0
P 81 86 0 255 0
P 82 86 0 255 0
P 83 86 0 255 0
P 84 86 0 255 0
P 85 86 0 255 0
P 86 86 0 255 0
P 87 86 0 255 0
P 88 86 0 255 0
P 89 86 0 255 0
P 90 86 0 255 0
P 91 86 0 255 0
P 92 86 0 255 0
P 93 86 0 255 0
P 94 86 0 255 0
P 95 86 0 255 0
P 96 86 0 255 0
P 97 86 0 255 0
P 98 86 0 255 0
P 99 86 0 255 0
P 100 86 0 255 0
P 42 87 0 255 0
P 43 87 0 255 0
P 44 87 0 255 0
P 45 87 0 255 0
P 46 87 0 255 0
P 47 87 0 255 0
P 48 87 0 255 0
P 49 87 0 255 0
P 50 87 0 255 0
P 51 87 0 255 0
P 52 87 0 255 0
P 53 87 0 255 0
P 54 87 0 255 0
P 55 87 0 255 0
P 56 87 0 255 0
P 57 87 0 255 0
P 58 87 0 255 0
P 59 87 0 255 0
P 60 87 0 255 0
P 61 87 0 255 0
P 62 87 0 255 0
P 63 87 0 255 0
P 64 87 0 255 0
P 65 87 0 255 0
P 66 87 0 255 0
P 67 87 0 255 0
P 68 87 0 255 0
P 69 87 0 255 0
P 70 87 0 255 0
P 71 87 0 255 0
P 72 87 0 255 0
P 73 87 0 255 0
P 74 87 0 255 0
P 75 87 0 255 0
P 76 87 0 255 0
P 77 87 0 255 0
P 78 87 0 255 0
P 79 87 0 255 0
P 80 87 0 255 0
P 81 87 0 255 0
P 82 87 0 255 0
P 83 87 0 255 0
P 84 87 0 255 0
P 85 87 0 255 0
P 86 87 0 255 0
P 87 87 0 255 0
P 88 87 0 255 0
P 89 87 0 255 0
P 90 87 0 255 0
P 91 87 0 255 0
P 92 87 0 255 0
P 93 87 0 255 0
P 94 87 0 255 0
P 95 87 0 255 0
P 96 87 0 255 0
P 97 87 0 255 0
P 98 87 0 255 0
P 99 87 0 255 0
P 42 88 0 255 0
P 43 88 0 255 0
P 44 88 0 255 0
P 45 88 0 255 0
P 46 88 0 255 0
P 47 88 0 255 0
P 48 88 0 255 0
P 49 88 0 255 0
P 50 88 0 255 0
P 51 88 0 255 0
P 52 88 0 255 0
P 53 88 0 255 0
P 54 88 0 255 0
P 55 88 0 255 0
P 56 88 0 255 0
P 57 88 0 255 0
P 58 88 0 255 0
P 59 88 0 255 0
P 60 88 0 255 0
P 61 88 0 255 0
P 62 88 0 255 0
P 63 88 0 255 0
P 64 88 0 255 0
P 65 88 0 255 0
P 66 88 0 255 0
P 67 88 0 255 0
P 68 88 0 255 0
P 69 88 0 255 0
P 70 88 0 255 0
P 71 88 0 255 0
P 72 88 0 255 0
P 73 88 0 255 0
P 74 88 0 255 0
P 75 88 0 255 0
P 76 88 0 255 0
P 77 88 0 255 0
P 78 88 0 255 0
P 79 88 0 255 0
P 80 88 0 255 0
P 81 88 0 255 0
P 82 88 0 255 0
P 83 88 0 255 0
P 84 88 0 255 0
P 85 88 0 255 0
P 86 88 0 255 0
P 87 88 0 255 0
P 88 88 0 255 0
P 89 88 0 255 0
P 90 88 0 255 0
P 91 88 0 255 0
P 92 88 0 255 0
P 93 88 0 255 0
P 94 88 0 255 0
P 95 88 0 255 0
P 96 88 0 255 0
P 97 88 0 255 0
P 98 88 0 255 0
P 42 89 0 255 0
P 43 89 0 255 0
P 44 89 0 255 0
P 45 89 0 255 0
P 46 89 0 255 0
P 47 89 0 255 0
P 48 89 0 255 0
P 49 89 0 255 0
P 50 89 0 255 0
P 51 89 0 255 0
P 52 89 0 255 0
P 53 89 0 255 0
P 54 89 0 255 0
P 55 89 0 255 0
P 56 89 0 255 0
P 57 89 0 255 0
P 58 89 0 255 0
P 59 89 0 255 0
P 60 89 0 255 0
P 61 89 0 255 0
P 62 89 0 255 0
P 63 89 0 255 0
P 64 89 0 255 0
P 65 89 0 255 0
P 66 89 0 255 0
P 67 89 0 255 0
P 68 89 0 255 0
P 69 89 0 255 0
P 70 89 0 255 0
P 71 89 0 255 0
P 72 89 0 255 0
P 73 89 0 255 0
P 74 89 0 255 0
P 75 89 0 255 0
P 76 89 0 255 0
P 77 89 0 255 0
P 78 89 0 255 0
P 79 89 0 255 0
P 80 89 0 255 0
P 81 89 0 255 0
P 82 89 0 255 0
P 83 89 0 255 0
P 84 89 0 255 0
P 85 89 0 255 0
P 86 89 0 255 0
P 87 89 0 255 0
P 88 89 0 255 0
P 89 89 0 255 0
P 90 89 0 255 0
P 91 89 0 255 0
P 92 89 0 255 0
P 93 89 0 255 0
P 94 89 0 255 0
P 95 89 0 255 0
P 96 89 0 255 0
P 97 89 0 255 0
P 98 89 0 255 0
P 42 90 0 255 0
P 43 90 0 255 0
P 44 90 0 255 0
P 45 90 0 255 0
P 46 90 0 255 0
P 47 90 0 255 0
P 48 90 0 255 0
P 49 90 0 255 0
P 50 90 0 255 0
P 51 90 0 255 0
P 52 90 0 255 0
P 53 90 0 255 0
P 54 90 0 255 0
P 55 90 0 255 0
P 56 90 0 255 0
P 57 90 0 255 0
P 58 90 0 255 0
P 59 90 0 255 0
P 60 90 0 255 0
P 61 90 0 255 0
P 62 90 0 255 0
P 63 90 0 255 0
P 64 90 0 255 0
P 65 90 0 255 0
P 66 90 0 255 0
P 67 90 0 255 0
P 68 90 0 255 0
P 69 90 0 255 0
P 70 90 0 255 0
P 71 90 0 255 0
P 72 90 0 255 0
P 73 90 0 255 0
P 74 90 0 255 0
P 75 90 0 255 0
P 76 90 0 255 0
P 77 90 0 255 0
P 78 90 0 255 0
P 79 90 0 255 0
P 80 90 0 255 0
P 81 90 0 255 0
P 82 90 0 255 0
P 83 90 0 255 0
P 84 90 0 255 0
P 85 90 0 255 0
P 86 90 0 255 0
P 87 90 0 255 0
P 88 90 0 255 0
P 89 90 0 255 0
P 90 90 0 255 0
P 91 90 0 255 0
P 92 90 0 255 0
P 93 90 0 255 0
P 94 90 0 255 0
P 95 90 0 255 0
P 96 90 0 255 0
P 97 90 0 255 0
P 42 91 0 255 0
P 43 91 0 255 0
P 44 91 0 255 0
P 45 91 0 255 0
P 46 91 0 255 0
P 47 91 0 255 0
P 48 91 0 255 0
P 49 91 0 255 0
P 50 91 0 255 0
P 51 91 0 255 0
P 52 91 0 255 0
P 53 91 0 255 0
P 54 91 0 255 0
P 55 91 0 255 0
P 56 91 0 255 0
P 57 91 0 255 0
P 58 91 0 255 0
P 59 91 0 255 0
P 60 91 0 255 0
P 61 91 0 255 0
P 62 91 0 255 0
P 63 91 0 255 0
P 64 91 0 255 0
P 65 91 0 255 0
P 66 91 0 255 0
P 67 91 0 255 0
P 68 91 0 255 0
P 69 91 0 255 0
P 70 91 0 255 0
P 71 91 0 255 0
P 72 91 0 255 0
P 73 91 0 255 0
P 74 91 0 255 0
P 75 91 0 255 0
P 76 91 0 255 0
P 77 91 0 255 0
P 78 91 0 255 0
P 79 91 0 255 0
P 80 91 0 255 0
P 81 91 0 255 0
P 82 91 0 255 0
P 83 91 0 255 0
P 84 91 0 255 0
P 85 91 0 255 0
P 86 91 0 255 0
P 87 91 0 255 0
P 88 91 0 255 0
P 89 91 0 255 0
P 90 91 0 255 0
P 91 91 0 255 0
P 92 91 0 255 0
P 93 91 0 255 0
P 94 91 0 255 0
P 95 91 0 255 0
P 96 91 0 255 0
P 97 91 0 255 0
P 42 92 0 255 0
P 43 92 0 255 0
P 44 92 0 255 0
P 45 92 0 255 0
P 46 92 0 255 0
P 47 92 0 255 0
P 48 92 0 255 0
P 49 92 0 255 0
P 50 92 0 255 0
P 51 92 0 255 0
P 52 92 0 255 0
P 53 92 0 255 0
P 54 92 0 255 0
P 55 92 0 255 0
P 56 92 0 255 0
P 57 92 0 255 0
P 58 92 0 255 0
P 59 92 0 255 0
P 60 92 0 255 0
P 61 92 0 255 0
P 62 92 0 255 0
P 63 92 0 255 0
P 64 92 0 255 0
P 65 92 0 255 0
P 66 92 0 255 0
P 67 92 0 255 0
P 68 92 0 255 0
P 69 92 0 255 0
P 70 92 0 255 0
P 71 92 0 255 0
P 72 92 0 255 0
P 73 92 0 255 0
P 74 92 0 255 0
P 75 92 0 255 0
P 76 92 0 255 0
P 77 92 0 255 0
P 78 92 0 255 0
P 79 92 0 255 0
P 80 92 0 255 0
P 81 92 0 255 0
P 82 92 0 255 0
P 83 92 0 255 0
P 84 92 0 255 0
P 85 92 0 255 0
P 86 92 0 255 0
P 87 92 0 255 0
P 88 92 0 255 0
P 89 92 0 255 0
P 90 92 0 255 0
P 91 92 0 255 0
P 92 92 0 255 0
P 93 92 0 255 0
P 94 92 0 255 0
P 95 92 0 255 0
P 96 92 0 255 0
P 42 93 0 255 0
P 43 93 0 255 0
P 44 93 0 255 0
P 45 93 0 255 0
P 46 93 0 255 0
P 47 93 0 255 0
P 48 93 0 255 0
P 49 93 0 255 0
P 50 93 0 255 0
P 51 93 0 255 0
P 52 93 0 255 0
P 53 93 0 255 0
P 54 93 0 255 0
P 55 93 0 255 0
P 56 93 0 255 0
P 57 93 0 255 0
P 58 93 0 255 0
P 59 93 0 255 0
P 60 93 0 255 0
P 61 93 0 255 0
P 62 93 0 255 0
P 63 93 0 255 0
P 64 93 0 255 0
P 65 93 0 255 0
P 66 93 0 255 0
P 67 93 0 255 0
P 68 93 0 255 0
P 69 93 0 255 0
P 70 93 0 255 0
P 71 93 0 255 0
P 72 93 0 255 0
P 73 93 0 255 0
P 74 93 0 255 0
P 75 93 0 255 0
P 76 93 0 255 0
P 77 93 0 255 0
P 78 93 0 255 0
P 79 93 0 255 0
P 80 93 0 255 0
P 81 93 0 255 0
P 82 93 0 255 0
P 83 93 0 255 0
P 84 93 0 255 0
P 85 93 0 255 0
P 86 93 0 255 0
P 87 93 0 255 0
P 88 93 0 255 0
P 89 93 0 255 0
P 90 93 0 255 0
P 91 93 0 255 0
P 92 93 0 255 0
P 93 93 0 255 0
P 94 93 0 255 0
P 95 93 0 255 0
P 96 93 0 255 0
P 42 94 0 255 0
P 43 94 0 255 0
P 44 94 0 255 0
P 45 94 0 255 0
P 46 94 0 255 0
P 47 94 0 255 0
P 48 94 0 255 0
P 49 94 0 255 0
P 50 94 0 255 0
P 51 94 0 255 0
P 52 94 0 255 0
P 53 94 0 255 0
P 54 94 0 255 0
P 55 94 0 255 0
P 56 94 0 255 0
P 57 94 0 255 0
P 58 94 0 255 0
P 59 94 0 255 0
P 60 94 0 255 0
P 61 94 0 255 0
P 62 94 0 255 0
P 63 94 0 255 0
P 64 94 0 255 0
P 65 94 0 255 0
P 66 94 0 255 0
P 67 94 0 255 0
P 68 94 0 255 0
P 69 94 0 255 0
P 70 94 0 255 0
P 71 94 0 255 0
P 72 94 0 255 0
P 73 94 0 255 0
P 74 94 0 255 0
P 75 94 0 255 0
P 76 94 0 255 0
P 77 94 0 255 0
P 78 94 0 255 0
P 79 94 0 255 0
P 80 94 0 255 0
P 81 94 0 255 0
P 82 94 0 255 0
P 83 94 0 255 0
P 84 94 0 255 0
P 85 94 0 255 0
P 86 94 0 255 0
P 87 94 0 255 0
P 88 94 0 255 0
P 89 94 0 255 0
P 90 94 0 255 0
P 91 94 0 255 0
P 92 94 0 255 0
P 93 94 0 255 0
P 94 94 0 255 0
P 95 94 0 255 0
P 42 95 0 255 0
P 43 95 0 255 0
P 44 95 0 255 0
P 45 95 0 255 0
P 46 95 0 255 0
P 47 95 0 255 0
P 48 95 0 255 0
P 49 95 0 255 0
P 50 95 0 255 0
P 51 95 0 255 0
P 52 95 0 255 0
P 53 95 0 255 0
P 54 95 0 255 0
P 55 95 0 255 0
P 56 95 0 255 0
P 57 95 0 255 0
P 58 95 0 255 0
P 59 95 0 255 0
P 60 95 0 255 0
P 61 95 0 255 0
P 62 95 0 255 0
P 63 95 0 255 0
P 64 95 0 255 0
P 65 95 0 255 0
P 66 95 0 255 0
P 67 95 0 255 0
P 68 95 0 255 0
P 69 95 0 255 0
P 70 95 0 255 0
P 71 95 0 255 0
P 72 95 0 255 0
P 73 95 0 255 0
P 74 95 0 255 0
P 75 95 0 255 0
P 76 95 0 255 0
P 77 95 0 255 0
P 78 95 0 255 0
P 79 95 0 255 0
P 80 95 0 255 0
P 81 95 0 255 0
P 82 95 0 255 0
P 83 95 0 255 0
P 84 95 0 255 0
P 85 95 0 255 0
P 86 95 0 255 0
P 87 95 0 255 0
P 88 95 0 255 0
P 89 95 0 255 0
P 90 95 0 255 0
P 91 95 0 255 0
P 92 95 0 255 0
P 93 95 0 255 0
P 94 95 0 255 0
P 95 95 0 255 0
P 42 96 0 255 0
P 43 96 0 255 0
P 44 96 0 255 0
P 45 96 0 255 0
P 46 96 0 255 0
P 47 96 0 255 0
P 48 96 0 255 0
P 49 96 0 255 0
P 50 96 0 255 0
P 51 96 0 255 0
P 52 96 0 255 0
P 53 96 0 255 0
P 54 96 0 255 0
P 55 96 0 255 0
P 56 96 0 255 0
P 57 96 0 255 0
P 58 96 0 255 0
P 59 96 0 255 0
P 60 96 0 255 0
P 61 96 0 255 0
P 62 96 0 255 0
P 63 96 0 255 0
P 64 96 0 255 0
P 65 96 0 255 0
P 66 96 0 255 0
P 67 96 0 255 0
P 68 96 0 255 0
P 69 96 0 255 0
P 70 96 0 255 0
P 71 96 0 255 0
P 72 96 0 255 0
P 73 96 0 255 0
P 74 96 0 255 0
P 75 96 0 255 0
P 76 96 0 255 0
P 77 96 0 255 0
P 78 96 0 255 0
P 79 96 0 255 0
P 80 96 0 255 0
P 81 96 0 255 0
P 82 96 0 255 0
P 83 96 0 255 0
P 84 96 0 255 0
P 85 96 0 255 0
P 86 96 0 255 0
P 87 96 0 255 0
P 88 96 0 255 0
P 89 96 0 255 0
P 90 96 0 255 0
P 91 96 0 255 0
P 92 96 0 255 0
P 93 96 0 255 0
P 94 96 0 255 0
P 42 97 0 255 0
P 43 97 0 255 0
P 44 97 0 255 0
P 45 97 0 255 0
P 46 97 0 255 0
P 47 97 0 255 0
P 48 97 0 255 0
P 49 97 0 255 0
P 50 97 0 255 0
P 51 97 0 255 0
P 52 97 0 255 0
P 53 97 0 255 0
P 54 97 0 255 0
P 55 97 0 255 0
P 56 97 0 255 0
P 57 97 0 255 0
P 58 97 0 255 0
P 59 97 0 255 0
P 60 97 0 255 0
P 61 97 0 255 0
P 62 97 0 255 0
P 63 97 0 255 0
P 64 97 0 255 0
P 65 97 0 255 0
P 66 97 0 255 0
P 67 97 0 255 0
P 68 97 0 255 0
P 69 97 0 255 0
P 70 97 0 255 0
P 71 97 0 255 0
P 72 97 0 255 0
P 73 97 0 255 0
P 74 97 0 255 0
P 75 97 0 255 0
P 76 97 0 255 0
P 77 97 0 255 0
P 78 97 0 255 0
P 79 97 0 255 0
P 80 97 0 255 0
P 81 97 0 255 0
P 82 97 0 255 0
P 83 97 0 255 0
P 84 97 0 255 0
P 85 97 0 255 0
P 86 97 0 255 0
P 87 97 0 255 0
P 88 97 0 255 0
P 89 97 0 255 0
P 90 97 0 255 0
P 91 97 0 255 0
P 92 97 0 255 0
P 93 97 0 255 0
P 43 98 0 255 0
P 44 98 0 255 0
P 45 98 0 255 0
P 46 98 0 255 0
P 47 98 0 255 0
P 48 98 0 255 0
P 49 98 0 255 0
P 50 98 0 255 0
P 51 98 0 255 0
P 52 98 0 255 0
P 53 98 0 255 0
P 54 98 0 255 0
P 55 98 0 255 0
P 56 98 0 255 0
P 57 98 0 255 0
P 58 98 0 255 0
P 59 98 0 255 0
P 60 98 0 255 0
P 61 98 0 255 0
P 62 98 0 255 0
P 63 98 0 255 0
P 64 98 0 255 0
P 65 98 0 255 0
P 66 98 0 255 0
P 67 98 0 255 0
P 68 98 0 255 0
P 69 98 0 255 0
P 70 98 0 255 0
P 71 98 0 255 0
P 72 98 0 255 0
P 73 98 0 255 0
P 74 98 0 255 0
P 75 98 0 255 0
P 76 98 0 255 0
P 77 98 0 255 0
P 78 98 0 255 0
P 79 98 0 255 0
P 80 98 0 255 0
P 81 98 0 255 0
P 82 98 0 255 0
P 83 98 0 255 0
P 84 98 0 255 0
P 85 98 0 255 0
P 86 98 0 255 0
P 87 98 0 255 0
P 88 98 0 255 0
P 89 98 0 255 0
P 90 98 0 255 0
P 91 98 0 255 0
P 92 98 0 255 0
P 93 98 0 255 0
P 43 99 0 255 0
P 44 99 0 255 0
P 45 99 0 255 0
P 46 99 0 255 0
P 47 99 0 255 0
P 48 99 0 255 0
P 49 99 0 255 0
P 50 99 0 255 0
P 51 99 0 255 0
P 52 99 0 255 0
P 53 99 0 255 0
P 54 99 0 255 0
P 55 99 0 255 0
P 56 99 0 255 0
P 57 99 0 255 0
P 58 99 0 255 0
P 59 99 0 255 0
P 60 99 0 255 0
P 61 99 0 255 0
P 62 99 0 255 0
P 63 99 0 255 0
P 64 99 0 255 0
P 65 99 0 255 0
P 66 99 0 255 0
P 67 99 0 255 0
P 68 99 0 255 0
P 69 99 0 255 0
P 70 99 0 255 0
P 71 99 0 255 0
P 72 99 0 255 0
P 73 99 0 255 0
P 74 99 0 255 0
P 75 99 0 255 0
P 76 99 0 255 0
P 77 99 0 255 0
P 78 99 0 255 0
P 79 99 0 255 0
P 80 99 0 255 0
P 81 99 0 255 0
P 82 99 0 255 0
P 83 99 0 255 0
P 84 99 0 255 0
P 85 99 0 255 0
P 86 99 0 255 0
P 87 99 0 255 0
P 88 99 0 255 0
P 89 99 0 255 0
P 90 99 0 255 0
P 91 99 0 255 0
P 92 99 0 255 0
P 43 100 0 255 0
P 44 100 0 255 0
P 45 100 0 255 0
P 46 100 0 255 0
P 47 100 0 255 0
P 48 100 0 255 0
P 49 100 0 255 0
P 50 100 0 255 0
P 51 100 0 255 0
P 52 100 0 255 0
P 53 100 0 255 0
P 54 100 0 255 0
P 55 100 0 255 0
P 56 100 0 255 0
P 57 100 0 255 0
P 58 100 0 255 0
P 59 100 0 255 0
P 60 100 0 255 0
P 61 100 0 255 0
P 62 100 0 255 0
P 63 100 0 255 0
P 64 100 0 255 0
P 65 100 0 255 0
P 66 100 0 255 0
P 67 100 0 255 0
P 68 100 0 255 0
P 69 100 0 255 0
P 70 100 0 255 0
P 71 100 0 255 0
P 72 100 0 255 0
P 73 100 0 255 0
P 74 100 0 255 0
P 75 100 0 255 0
P 76 100 0 255 0
P 77 100 0 255 0
P 78 100 0 255 0
P 79 100 0 255 0
P 80 100 0 255 0
P 81 100 0 255 0
P 82 100 0 255 0
P 83 100 0 255 0
P 84 100 0 255 0
P 85 100 0 255 0
P 86 100 0 255 0
P 87 100 0 255 0
P 88 100 0 255 0
P 89 100 0 255 0
P 90 100 0 255 0
P 91 100 0 255 0
P 92 100 0 255 0
P 43 101 0 255 0
P 44 101 0 255 0
P 45 101 0 255 0
P 46 101 0 255 0
P 47 101 0 255 0
P 48 101 0 255 0
P 49 101 0 255 0
P 50 101 0 255 0
P 51 101 0 255 0
P 52 101 0 255 0
P 53 101 0 255 0
P 54 101 0 255 0
P 55 101 0 255 0
P 56 101 0 255 0
P 57 101 0 255 0
P 58 101 0 255 0
P 59 101 0 255 0
P 60 101 0 255 0
P 61 101 0 255 0
P 62 101 0 255 0
P 63 101 0 255 0
P 64 101 0 255 0
P 65 101 0 255 0
P 66 101 0 255 0
P 67 101 0 255 0
P 68 101 0 255 0
P 69 101 0 255 0
P 70 101 0 255 0
P 71 101 0 255 0
P 72 101 0 255 0
P 73 101 0 255 0
P 74 101 0 255 0
P 75 101 0 255 0
P 76 101 0 255 0
P 77 101 0 255 0
P 78 101 0 255 0
P 79 101 0 255 0
P 80 101 0 255 0
P 81 101 0 255 0
P 82 101 0 255 0
P 83 101 0 255 0
P 84 101 0 255 0
P 85 101 0 255 0
P 86 101 0 255 0
P 87 101 0 255 0
P 88 101 0 255 0
P 89 101 0 255 0
P 90 101 0 255 0
P 91 101 0 255 0
P 43 102 0 255 0
P 44 102 0 255 0
P 45 102 0 255 0
P 46 102 0 255 0
P 47 102 0 255 0
P 48 102 0 255 0
P 49 102 0 255 0
P 50 102 0 255 0
P 51 102 0 255 0
P 52 102 0 255 0
P 53 102 0 255 0
P 54 102 0 255 0
P 55 102 0 255 0
P 56 102 0 255 0
P 57 102 0 255 0
P 58 102 0 255 0
P 59 102 0 255 0
P 60 102 0 255 0
P 61 102 0 255 0
P 62 102 0 255 0
P 63 102 0 255 0
P 64 102 0 255 0
P 65 102 0 255 0
P 66 102 0 255 0
P 67 102 0 255 0
P 68 102 0 255 0
P 69 102 0 255 0
P 70 102 0 255 0
P 71 102 0 255 0
P 72 102 0 255 0
P 73 102 0 255 0
P 74 102 0 255 0
P 75 102 0 255 0
P 76 102 0 255 0
P 77 102 0 255 0
P 78 102 0 255 0
P 79 102 0 255 0
P 80 102 0 255 0
P 81 102 0 255 0
P 82 102 0 255 0
P 83 102 0 255 0
P 84 102 0 255 0
P 85 102 0 255 0
P 86 102 0 255 0
P 87 102 0 255 0
P 88 102 0 255 0
P 89 102 0 255 0
P 90 102 0 255 0
P 91 102 0 255 0
P 43 103 0 255 0
P 44 103 0 255 0
P 45 103 0 255 0
P 46 103 0 255 0
P 47 103 0 255 0
P 48 103 0 255 0
P 49 103 0 255 0
P 50 103 0 255 0
P 51 103 0 255 0
P 52 103 0 255 0
P 53 103 0 255 0
P 54 103 0 255 0
P 55 103 0 255 0
P 56 103 0 255 0
P 57 103 0 255 0
P 58 103 0 255 0
P 59 103 0 255 0
P 60 103 0 255 0
P 61 103 0 255 0
P 62 103 0 255 0
P 63 103 0 255 0
P 64 103 0 255 0
P 65 103 0 255 0
P 66 103 0 255 0
P 67 103 0 255 0
P 68 103 0 255 0
P 69 103 0 255 0
P 70 103 0 255 0
P 71 103 0 255 0
P 72 103 0 255 0
P 73 103 0 255 0
P 74 103 0 255 0
P 75 103 0 255 0
P 76 103 0 255 0
P 77 103 0 255 0
P 78 103 0 255 0
P 79 103 0 255 0
P 80 103 0 255 0
P 81 103 0 255 0
P 82 103 0 255 0
P 83 103 0 255 0
P 84 103 0 255 0
P 85 103 0 255 0
P 86 103 0 255 0
P 87 103 0 255 0
P 88 103 0 255 0
P 89 103 0 255 0
P 90 103 0 255 0
P 43 104 0 255 0
P 44 104 0 255 0
P 45 104 0 255 0
P 46 104 0 255 0
P 47 104 0 255 0
P 48 104 0 255 0
P 49 104 0 255 0
P 50 104 0 255 0
P 51 104 0 255 0
P 52 104 0 255 0
P 53 104 0 255 0
P 54 104 0 255 0
P 55 104 0 255 0
P 56 104 0 255 0
P 57 104 0 255 0
P 58 104 0 255 0
P 59 104 0 255 0
P 60 104 0 255 0
P 61 104 0 255 0
P 62 104 0 255 0
P 63 104 0 255 0
P 64 104 0 255 0
P 65 104 0 255 0
P 66 104 0 255 0
P 67 104 0 255 0
P 68 104 0 255 0
P 69 104 0 255 0
P 70 104 0 255 0
P 71 104 0 255 0
P 72 104 0 255 0
P 73 104 0 255 0
P 74 104 0 255 0
P 75 104 0 255 0
P 76 104 0 255 0
P 77 104 0 255 0
P 78 104 0 255 0
P 79 104 0 255 0
P 80 104 0 255 0
P 81 104 0 255 0
P 82 104 0 255 0
P 83 104 0 255 0
P 84 104 0 255 0
P 85 104 0 255 0
P 86 104 0 255 0
P 87 104 0 255 0
P 88 104 0 255 0
P 89 104 0 255 0
P 43 105 0 255 0
P 44 105 0 255 0
P 45 105 0 255 0
P 46 105 0 255 0
P 47 105 0 255 0
P 48 105 0 255 0
P 49 105 0 255 0
P 50 105 0 255 0
P 51 105 0 255 0
P 52 105 0 255 0
P 53 105 0 255 0
P 54 105 0 255 0
P 55 105 0 255 0
P 56 105 0 255 0
P 57 105 0 255 0
P 58 105 0 255 0
P 59 105 0 255 0
P 60 105 0 255 0
P 61 105 0 255 0
P 62 105 0 255 0
P 63 105 0 255 0
P 64 105 0 255 0
P 65 105 0 255 0
P 66 105 0 255 0
P 67 105 0 255 0
P 68 105 0 255 0
P 69 105 0 255 0
P 70 105 0 255 0
P 71 105 0 255 0
P 72 105 0 255 0
P 73 105 0 255 0
P 74 105 0 255 0
P 75 105 0 255 0
P 76 105 0 255 0
P 77 105 0 255 0
P 78 105 0 255 0
P 79 105 0 255 0
P 80 105 0 255 0
P 81 105 0 255 0
P 82 105 0 255 0
P 83 105 0 255 0
P 84 105 0 255 0
P 85 105 0 255 0
P 86 105 0 255 0
P 87 105 0 255 0
P 88 105 0 255 0
P 89 105 0 255 0
P 43 106 0 255 0
P 44 106 0 255 0
P 45 106 0 255 0
P 46 106 0 255 0
P 47 106 0 255 0
P 48 106 0 255 0
P 49 106 0 255 0
P 50 106 0 255 0
P 51 106 0 255 0
P 52 106 0 255 0
P 53 106 0 255 0
P 54 106 0 255 0
P 55 106 0 255 0
P 56 106 0 255 0
P 57 106 0 255 0
P 58 106 0 255 0
P 59 106 0 255 0
P 60 106 0 255 0
P 61 106 0 255 0
P 62 106 0 255 0
P 63 106 0 255 0
P 64 106 0 255 0
P 65 106 0 255 0
P 66 106 0 255 0
P 67 106 0 255 0
P 68 106 0 255 0
P 69 106 0 255 0
P 70 106 0 255 0
P 71 106 0 255 0
P 72 106 0 255 0
P 73 106 0 255 0
P 74 106 0 255 0
P 75 106 0 255 0
P 76 106 0 255 0
P 77 106 0 255 0
P 78 106 0 255 0
P 79 106 0 255 0
P 80 106 0 255 0
P 81 106 0 255 0
P 82 106 0 255 0
P 83 106 0 255 0
P 84 106 0 255 0
P 85 106 0 255 0
P 86 106 0 255 0
P 87 106 0 255 0
P 88 106 0 255 0
P 43 107 0 255 0
P 44 107 0 255 0
P 45 107 0 255 0
P 46 107 0 255 0
P 47 107 0 255 0
P 48 107 0 255 0
P 49 107 0 255 0
P 50 107 0 255 0
P 51 107 0 255 0
P 52 107 0 255 0
P 53 107 0 255 0
P 54 107 0 255 0
P 55 107 0 255 0
P 56 107 0 255 0
P 57 107 0 255 0
P 58 107 0 255 0
P 59 107 0 255 0
P 60 107 0 255 0
P 61 107 0 255 0
P 62 107 0 255 0
P 63 107 0 255 0
P 64 107 0 255 0
P 65 107 0 255 0
P 66 107 0 255 0
P 67 107 0 255 0
P 68 107 0 255 0
P 69 107 0 255 0
P 70 107 0 255 0
P 71 107 0 255 0
P 72 107 0 255 0
P 73 107 0 255 0
P 74 107 0 255 0
P 75 107 0 255 0
P 76 107 0 255 0
P 77 107 0 255 0
P 78 107 0 255 0
P 79 107 0 255 0
P 80 107 0 255 0
P 81 107 0 255 0
P 82 107 0 255 0
P 83 107 0 255 0
P 84 107 0 255 0
P 85 107 0 255 0
P 86 107 0 255 0
P 87 107 0 255 0
P 88 107 0 255 0
P 43 108 0 255 0
P 44 108 0 255 0
P 45 108 0 255 0
P 46 108 0 255 0
P 47 108 0 255 0
P 48 108 0 255 0
P 49 108 0 255 0
P 50 108 0 255 0
P 51 108 0 255 0
P 52 108 0 255 0
P 53 108 0 255 0
P 54 108 0 255 0
P 55 108 0 255 0
P 56 108 0 255 0
P 57 108 0 255 0
P 58 108 0 255 0
P 59 108 0 255 0
P 60 108 0 255 0
P 61 108 0 255 0
P 62 108 0 255 0
P 63 108 0 255 0
P 64 108 0 255 0
P 65 108 0 255 0
P 66 108 0 255 0
P 67 108 0 255 0
P 68 108 0 255 0
P 69 108 0 255 0
P 70 108 0 255 0
P 71 108 0 255 0
P 72 108 0 255 0
P 73 108 0 255 0
P 74 108 0 255 0
P 75 108 0 255 0
P 76 108 0 255 0
P 77 108 0 255 0
P 78 108 0 255 0
P 79 108 0 255 0
P 80 108 0 255 0
P 81 108 0 255 0
P 82 108 0 255 0
P 83 108 0 255 0
P 84 108 0 255 0
P 85 108 0 255 0
P 86 108 0 255 0
P 87 108 0 255 0
P 43 109 0 255 0
P 44 109 0 255 0
P 45 109 0 255 0
P 46 109 0 255 0
P 47 109 0 255 0
P 48 109 0 255 0
P 49 109 0 255 0
P 50 109 0 255 0
P 51 109 0 255 0
P 52 109 0 255 0
P 53 109 0 255 0
P 54 109 0 255 0
P 55 109 0 255 0
P 56 109 0 255 0
P 57 109 0 255 0
P 58 109 0 255 0
P 59 109 0 255 0
P 60 109 0 255 0
P 61 109 0 255 0
P 62 109 0 255 0
P 63 109 0 255 0
P 64 109 0 255 0
P 65 109 0 255 0
P 66 109 0 255 0
P 67 109 0 255 0
P 68 109 0 255 0
P 69 109 0 255 0
P 70 109 0 255 0
P 71 109 0 255 0
P 72 109 0 255 0
P 73 109 0 255 0
P 74 109 0 255 0
P 75 109 0 255 0
P 76 109 0 255 0
P 77 109 0 255 0
P 78 109 0 255 0
P 79 109 0 255 0
P 80 109 0 255 0
P 81 109 0 255 0
P 82 109 0 255 0
P 83 109 0 255 0
P 84 109 0 255 0
P 85 109 0 255 0
P 86 109 0 255 0
P 87 109 0 255 0
P 43 110 0 255 0
P 44 110 0 255 0
P 45 110 0 255 0
P 46 110 0 255 0
P 47 110 0 255 0
P 48 110 0 255 0
P 49 110 0 255 0
P 50 110 0 255 0
P 51 110 0 255 0
P 52 110 0 255 0
P 53 110 0 255 0
P 54 110 0 255 0
P 55 110 0 255 0
P 56 110 0 255 0
P 57 110 0 255 0
P 58 110 0 255 0
P 59 110 0 255 0
P 60 110 0 255 0
P 61 110 0 255 0
P 62 110 0 255 0
P 63 110 0 255 0
P 64 110 0 255 0
P 65 110 0 255 0
P 66 110 0 255 0
P 67 110 0 255 0
P 68 110 0 255 0
P 69 110 0 255 0
P 70 110 0 255 0
P 71 110 0 255 0
P 72 110 0 255 0
P 73 110 0 255 0
P 74 110 0 255 0
P 75 110 0 255 0
P 76 110 0 255 0
P 77 110 0 255 0
P 78 110 0 255 0
P 79 110 0 255 0
P 80 110 0 255 0
P 81 110 0 255 0
P 82 110 0 255 0
P 83 110 0 255 0
P 84 110 0 255 0
P 85 110 0 255 0
P 86 110 0 255 0
P 43 111 0 255 0
P 44 111 0 255 0
P 45 111 0 255 0
P 46 111 0 255 0
P 47 111 0 255 0
P 48 111 0 255 0
P 49 111 0 255 0
P 50 111 0 255 0
P 51 111 0 255 0
P 52 111 0 255 0
P 53 111 0 255 0
P 54 111 0 255 0
P 55 111 0 255 0
P 56 111 0 255 0
P 57 111 0 255 0
P 58 111 0 255 0
P 59 111 0 255 0
P 60 111 0 255 0
P 61 111 0 255 0
P 62 111 0 255 0
P 63 111 0 255 0
P 64 111 0 255 0
P 65 111 0 255 0
P 66 111 0 255 0
P 67 111 0 255 0
P 68 111 0 255 0
P 69 111 0 255 0
P 70 111 0 255 0
P 71 111 0 255 0
P 72 111 0 255 0
P 73 111 0 255 0
P 74 111 0 255 0
P 75 111 0 255 0
P 76 111 0 255 0
P 77 111 0 255 0
P 78 111 0 255 0
P 79 111 0 255 0
P 80 111 0 255 0
P 81 111 0 255 0
P 82 111 0 255 0
P 83 111 0 255 0
P 84 111 0 255 0
P 85 111 0 255 0
P 86 111 0 255 0
P 43 112 0 255 0
P 44 112 0 255 0
P 45 112 0 255 0
P 46 112 0 255 0
P 47 112 0 255 0
P 48 112 0 255 0
P 49 112 0 255 0
P 50 112 0 255 0
P 51 112 0 255 0
P 52 112 0 255 0
P 53 112 0 255 0
P 54 112 0 255 0
P 55 112 0 255 0
P 56 112 0 255 0
P 57 112 0 255 0
P 58 112 0 255 0
P 59 112 0 255 0
P 60 112 0 255 0
P 61 112 0 255 0
P 62 112 0 255 0
P 63 112 0 255 0
P 64 112 0 255 0
P 65 112 0 255 0
P 66 112 0 255 0
P 67 112 0 255 0
P 68 112 0 255 0
P 69 112 0 255 0
P 70 112 0 255 0
P 71 112 0 255 0
P 72 112 0 255 0
P 73 112 0 255 0
P 74 112 0 255 0
P 75 112 0 255 0
P 76 112 0 255 0
P 77 112 0 255 0
P 78 112 0 255 0
P 79 112 0 255 0
P 80 112 0 255 0
P 81 112 0 255 0
P 82 112 0 255 0
P 83 112 0 255 0
P 84 112 0 255 0
P 85 112 0 255 0
P 44 113 0 255 0
P 45 113 0 255 0
P 46 113 0 255 0
P 47 113 0 255 0
P 48 113 0 255 0
P 49 113 0 255 0
P 50 113 0 255 0
P 51 113 0 255 0
P 52 113 0 255 0
P 53 113 0 255 0
P 54 113 0 255 0
P 55 113 0 255 0
P 56 113 0 255 0
P 57 113 0 255 0
P 58 113 0 255 0
P 59 113 0 255 0
P 60 113 0 255 0
P 61 113 0 255 0
P 62 113 0 255 0
P 63 113 0 255 0
P 64 113 0 255 0
P 65 113 0 255 0
P 66 113 0 255 0
P 67 113 0 255 0
P 68 113 0 255 0
P 69 113 0 255 0
P 70 113 0 255 0
P 71 113 0 255 0
P 72 113 0 255 0
P 73 113 0 255 0
P 74 113 0 255 0
P 75 113 0 255 0
P 76 113 0 255 0
P 77 113 0 255 0
P 78 113 0 255 0
P 79 113 0 255 0
P 80 113 0 255 0
P 81 113 0 255 0
P 82 113 0 255 0
P 83 113 0 255 0
P 84 113 0 255 0
P 44 114 0 255 0
P 45 114 0 255 0
P 46 114 0 255 0
P 47 114 0 255 0
P 48 114 0 255 0
P 49 114 0 255 0
P 50 114 0 255 0
P 51 114 0 255 0
P 52 114 0 255 0
P 53 114 0 255 0
P 54 114 0 255 0
P 55 114 0 255 0
P 56 114 0 255 0
P 57 114 0 255 0
P 58 114 0 255 0
P 59 114 0 255 0
P 60 114 0 255 0
P 61 114 0 255 0
P 62 114 0 255 0
P 63 114 0 255 0
P 64 114 0 255 0
P 65 114 0 255 0
P 66 114 0 255 0
P 67 114 0 255 0
P 68 114 0 255 0
P 69 114 0 255 0
P 70 114 0 255 0
P 71 114 0 255 0
P 72 114 0 255 0
P 73 114 0 255 0
P 74 114 0 255 0
P 75 114 0 255 0
P 76 114 0 255 0
P 77 114 0 255 0
P 78 114 0 255 0
P 79 114 0 255 0
P 80 114 0 255 0
P 81 114 0 255 0
P 82 114 0 255 0
P 83 114 0 255 0
P 84 114 0 255 0
P 44 115 0 255 0
P 45 115 0 255 0
P 46 115 0 255 0
P 47 115 0 255 0
P 48 115 0 255 0
P 49 115 0 255 0
P 50 115 0 255 0
P 51 115 0 255 0
P 52 115 0 255 0
P 53 115 0 255 0
P 54 115 0 255 0
P 55 115 0 255 0
P 56 115 0 255 0
P 57 115 0 255 0
P 58 115 0 255 0
P 59 115 0 255 0
P 60 115 0 255 0
P 61 115 0 255 0
P 62 115 0 255 0
P 63 115 0 255 0
P 64 115 0 255 0
P 65 115 0 255 0
P 66 115 0 255 0
P 67 115 0 255 0
P 68 115 0 255 0
P 69 115 0 255 0
P 70 115 0 255 0
P 71 115 0 255 0
P 72 115 0 255 0
P 73 115 0 255 0
P 74 115 0 255 0
P 75 115 0 255 0
P 76 115 0 255 0
P 77 115 0 255 0
P 78 115 0 255 0
P 79 115 0 255 0
P 80 115 0 255 0
P 81 115 0 255 0
P 82 115 0 255 0
P 83 115 0 255 0
P 44 116 0 255 0
P 45 116 0 255 0
P 46 116 0 255 0
P 47 116 0 255 0
P 48 116 0 255 0
P 49 116 0 255 0
P 50 116 0 255 0
P 51 116 0 255 0
P 52 116 0 255 0
P 53 116 0 255 0
P 54 116 0 255 0
P 55 116 0 255 0
P 56 116 0 255 0
P 57 116 0 255 0
P 58 116 0 255 0
P 59 116 0 255 0
P 60 116 0 255 0
P 61 116 0 255 0
P 62 116 0 255 0
P 63 116 0 255 0
P 64 116 0 255 0
P 65 116 0 255 0
P 66 116 0 255 0
P 67 116 0 255 0
P 68 116 0 255 0
P 69 116 0 255 0
P 70 116 0 255 0
P 71 116 0 255 0
P 72 116 0 255 0
P 73 116 0 255 0
P 74 116 0 255 0
P 75 116 0 255 0
P 76 116 0 255 0
P 77 116 0 255 0
P 78 116 0 255 0
P 79 116 0 255 0
P 80 116 0 255 0
P 81 116 0 255 0
P 82 116 0 255 0
P 83 116 0 255 0
P 44 117 0 255 0
P 45 117 0 255 0
P 46 117 0 255 0
P 47 117 0 255 0
P 48 117 0 255 0
P 49 117 0 255 0
P 50 117 0 255 0
P 51 117 0 255 0
P 52 117 0 255 0
P 53 117 0 255 0
P 54 117 0 255 0
P 55 117 0 255 0
P 56 117 0 255 0
P 57 117 0 255 0
P 58 117 0 255 0
P 59 117 0 255 0
P 60 117 0 255 0
P 61 117 0 255 0
P 62 117 0 255 0
P 63 117 0 255 0
P 64 117 0 255 0
P 65 117 0 255 0
P 66 117 0 255 0
P 67 117 0 255 0
P 68 117 0 255 0
P 69 117 0 255 0
P 70 117 0 255 0
P 71 117 0 255 0
P 72 117 0 255 0
P 73 117 0 255 0
P 74 117 0 255 0
P 75 117 0 255 0
P 76 117 0 255 0
P 77 117 0 255 0
P 78 117 0 255 0
P 79 117 0 255 0
P 80 117 0 255 0
P 81 117 0 255 0
P 82 117 0 255 0
P 44 118 0 255 0
P 45 118 0 255 0
P 46 118 0 255 0
P 47 118 0 255 0
P 48 118 0 255 0
P 49 118 0 255 0
P 50 118 0 255 0
P 51 118 0 255 0
P 52 118 0 255 0
P 53 118 0 255 0
P 54 118 0 255 0
P 55 118 0 255 0
P 56 118 0 255 0
P 57 118 0 255 0
P 58 118 0 255 0
P 59 118 0 255 0
P 60 118 0 255 0
P 61 118 0 255 0
P 62 118 0 255 0
P 63 118 0 255 0
P 64 118 0 255 0
P 65 118 0 255 0
P 66 118 0 255 0
P 67 118 0 255 0
P 68 118 0 255 0
P 69 118 0 255 0
P 70 118 0 255 0
P 71 118 0 255 0
P 72 118 0 255 0
P 73 118 0 255 0
P 74 118 0 255 0
P 75 118 0 255 0
P 76 118 0 255 0
P 77 118 0 255 0
P 78 118 0 255 0
P 79 118 0 255 0
P 80 118 0 255 0
P 81 118 0 255 0
P 82 118 0 255 0
P 44 119 0 255 0
P 45 119 0 255 0
P 46 119 0 255 0
P 47 119 0 255 0
P 48 119 0 255 0
P 49 119 0 255 0
P 50 119 0 255 0
P 51 119 0 255 0
P 52 119 0 255 0
P 53 119 0 255 0
P 54 119 0 255 0
P 55 119 0 255 0
P 56 119 0 255 0
P 57 119 0 255 0
P 58 119 0 255 0
P 59 119 0 255 0
P 60 119 0 255 0
P 61 119 0 255 0
P 62 119 0 255 0
P 63 119 0 255 0
P 64 119 0 255 0
P 65 119 0 255 0
P 66 119 0 255 0
P 67 119 0 255 0
P 68 119 0 255 0
P 69 119 0 255 0
P 70 119 0 255 0
P 71 119 0 255 0
P 72 119 0 255 0
P 73 119 0 255 0
P 74 119 0 255 0
P 75 119 0 255 0
P 76 119 0 255 0
P 77 119 0 255 0
P 78 119 0 255 0
P 79 119 0 255 0
P 80 119 0 255 0
P 81 119 0 255 0
P 44 120 0 255 0
P 45 120 0 255 0
P 46 120 0 255 0
P 47 120 0 255 0
P 48 120 0 255 0
P 49 120 0 255 0
P 50 120 0 255 0
P 51 120 0 255 0
P 52 120 0 255 0
P 53 120 0 255 0
P 54 120 0 255 0
P 55 120 0 255 0
P 56 120 0 255 0
P 57 120 0 255 0
P 58 120 0 255 0
P 59 120 0 255 0
P 60 120 0 255 0
P 61 120 0 255 0
P 62 120 0 255 0
P 63 120 0 255 0
P 64 120 0 255 0
P 65 120 0 255 0
P 66 120 0 255 0
P 67 120 0 255 0
P 68 120 0 255 0
P 69 120 0 255 0
P 70 120 0 255 0
P 71 120 0 255 0
P 72 120 0 255 0
P 73 120 0 255 0
P 74 120 0 255 0
P 75 120 0 255 0
P 76 120 0 255 0
P 77 120 0 255 0
P 78 120 0 255 0
P 79 120 0 255 0
P 80 120 0 255 0
P 44 121 0 255 0
P 45 121 0 255 0
P 46 121 0 255 0
P 47 121 0 255 0
P 48 121 0 255 0
P 49 121 0 255 0
P 50 121 0 255 0
P 51 121 0 255 0
P 52 121 0 255 0
P 53 121 0 255 0
P 54 121 0 255 0
P 55 121 0 255 0
P 56 121 0 255 0
P 57 121 0 255 0
P 58 121 0 255 0
P 59 121 0 255 0
P 60 121 0 255 0
P 61 121 0 255 0
P 62 121 0 255 0
P 63 121 0 255 0
P 64 121 0 255 0
P 65 121 0 255 0
P 66 121 0 255 0
P 67 121 0 255 0
P 68 121 0 255 0
P 69 121 0 255 0
P 70 121 0 255 0
P 71 121 0 255 0
P 72 121 0 255 0
P 73 121 0 255 0
P 74 121 0 255 0
P 75 121 0 255 0
P 76 121 0 255 0
P 77 121 0 255 0
P 78 121 0 255 0
P 79 121 0 255 0
P 80 121 0 255 0
P 44 122 0 255 0
P 45 122 0 255 0
P 46 122 0 255 0
P 47 122 0 255 0
P 48 122 0 255 0
P 49 122 0 255 0
P 50 122 0 255 0
P 51 122 0 255 0
P 52 122 0 255 0
P 53 122 0 255 0
P 54 122 0 255 0
P 55 122 0 255 0
P 56 122 0 255 0
P 57 122 0 255 0
P 58 122 0 255 0
P 59 122 0 255 0
P 60 122 0 255 0
P 61 122 0 255 0
P 62 122 0 255 0
P 63 122 0 255 0
P 64 122 0 255 0
P 65 122 0 255 0
P 66 122 0 255 0
P 67 122 0 255 0
P 68 122 0 255 0
P 69 122 0 255 0
P 70 122 0 255 0
P 71 122 0 255 0
P 72 122 0 255 0
P 73 122 0 255 0
P 74 122 0 255 0
P 75 122 0 255 0
P 76 122 0 255 0
P 77 122 0 255 0
P 78 122 0 255 0
P 79 122 0 255 0
P 44 123 0 255 0
P 45 123 0 255 0
P 46 123 0 255 0
P 47 123 0 255 0
P 48 123 0 255 0
P 49 123 0 255 0
P 50 123 0 255 0
P 51 123 0 255 0
P 52 123 0 255 0
P 53 123 0 255 0
P 54 123 0 255 0
P 55 123 0 255 0
P 56 123 0 255 0
P 57 123 0 255 0
P 58 123 0 255 0
P 59 123 0 255 0
P 60 123 0 255 0
P 61 123 0 255 0
P 62 123 0 255 0
P 63 123 0 255 0
P 64 123 0 255 0
P 65 123 0 255 0
P 66 123 0 255 0
P 67 123 0 255 0
P 68 123 0 255 0
P 69 123 0 255 0
P 70 123 0 255 0
P 71 123 0 255 0
P 72 123 0 255 0
P 73 123 0 255 0
P 74 123 0 255 0
P 75 123 0 255 0
P 76 123 0 255 0
P 77 123 0 255 0
P 78 123 0 255 0
P 79 123 0 255 0
P 44 124 0 255 0
P 45 124 0 255 0
P 46 124 0 255 0
P 47 124 0 255 0
P 48 124 0 255 0
P 49 124 0 255 0
P 50 124 0 255 0
P 51 124 0 255 0
P 52 124 0 255 0
P 53 124 0 255 0
P 54 124 0 255 0
P 55 124 0 255 0
P 56 124 0 255 0
P 57 124 0 255 0
P 58 124 0 255 0
P 59 124 0 255 0
P 60 124 0 255 0
P 61 124 0 255 0
P 62 124 0 255 0
P 63 124 0 255 0
P 64 124 0 255 0
P 65 124 0 255 0
P 66 124 0 255 0
P 67 124 0 255 0
P 68 124 0 255 0
P 69 124 0 255 0
P 70 124 0 255 0
P 71 124 0 255 0
P 72 124 0 255 0
P 73 124 0 255 0
P 74 124 0 255 0
P 75 124 0 255 0
P 76 124 0 255 0
P 77 124 0 255 0
P 78 124 0 255 0
P 44 125 0 255 0
P 45 125 0 255 0
P 46 125 0 255 0
P 47 125 0 255 0
P 48 125 0 255 0
P 49 125 0 255 0
P 50 125 0 255 0
P 51 125 0 255 0
P 52 125 0 255 0
P 53 125 0 255 0
P 54 125 0 255 0
P 55 125 0 255 0
P 56 125 0 255 0
P 57 125 0 255 0
P 58 125 0 255 0
P 59 125 0 255 0
P 60 125 0 255 0
P 61 125 0 255 0
P 62 125 0 255 0
P 63 125 0 255 0
P 64 125 0 255 0
P 65 125 0 255 0
P 66 125 0 255 0
P 67 125 0 255 0
P 68 125 0 255 0
P 69 125 0 255 0
P 70 125 0 255 0
P 71 125 0 255 0
P 72 125 0 255 0
P 73 125 0 255 0
P 74 125 0 255 0
P 75 125 0 255 0
P 76 125 0 255 0
P 77 125 0 255 0
P 78 125 0 255 0
P 44 126 0 255 0
P 45 126 0 255 0
P 46 126 0 255 0
P 47 126 0 255 0
P 48 126 0 255 0
P 49 126 0 255 0
P 50 126 0 255 0
P 51 126 0 255 0
P 52 126 0 255 0
P 53 126 0 255 0
P 54 126 0 255 0
P 55 126 0 255 0
P 56 126 0 255 0
P 57 126 0 255 0
P 58 126 0 255 0
P 59 126 0 255 0
P 60 126 0 255 0
P 61 126 0 255 0
P 62 126 0 255 0
P 63 126 0 255 0
P 64 126 0 255 0
P 65 126 0 255 0
P 66 126 0 255 0
P 67 126 0 255 0
P 68 126 0 255 0
P 69 126 0 255 0
P 70 126 0 255 0
P 71 126 0 255 0
P 72 126 0 255 0
P 73 126 0 255 0
P 74 126 0 255 0
P 75 126 0 255 0
P 76 126 0 255 0
P 77 126 0 255 0
P 44 127 0 255 0
P 45 127 0 255 0
P 46 127 0 255 0
P 47 127 0 255 0
P 48 127 0 255 0
P 49 127 0 255 0
P 50 127 0 255 0
P 51 127 0 255 0
P 52 127 0 255 0
P 53 127 0 255 0
P 54 127 0 255 0
P 55 127 0 255 0
P 56 127 0 255 0
P 57 127 0 255 0
P 58 127 0 255 0
P 59 127 0 255 0
P 60 127 0 255 0
P 61 127 0 255 0
P 62 127 0 255 0
P 63 127 0 255 0
P 64 127 0 255 0
P 65 127 0 255 0
P 66 127 0 255 0
P 67 127 0 255 0
P 68 127 0 255 0
P 69 127 0 255 0
P 70 127 0 255 0
P 71 127 0 255 0
P 72 127 0 255 0
P 73 127 0 255 0
P 74 127 0 255 0
P 75 127 0 255 0
P 76 127 0 255 0
P 77 127 0 255 0
P 45 128 0 255 0
P 46 128 0 255 0
P 47 128 0 255 0
P 48 128 0 255 0
P 49 128 0 255 0
P 50 128 0 255 0
P 51 128 0 255 0
P 52 128 0 255 0
P 53 128 0 255 0
P 54 128 0 255 0
P 55 128 0 255 0
P 56 128 0 255 0
P 57 128 0 255 0
P 58 128 0 255 0
P 59 128 0 255 0
P 60 128 0 255 0
P 61 128 0 255 0
P 62 128 0 255 0
P 63 128 0 255 0
P 64 128 0 255 0
P 65 128 0 255 0
P 66 128 0 255 0
P 67 128 0 255 0
P 68 128 0 255 0
P 69 128 0 255 0
P 70 128 0 255 0
P 71 128 0 255 0
P 72 128 0 255 0
P 73 128 0 255 0
P 74 128 0 255 0
P 75 128 0 255 0
P 76 128 0 255 0
P 45 129 0 255 0
P 46 129 0 255 0
P 47 129 0 255 0
P 48 129 0 255 0
P 49 129 0 255 0
P 50 129 0 255 0
P 51 129 0 255 0
P 52 129 0 255 0
P 53 129 0 255 0
P 54 129 0 255 0
P 55 129 0 255 0
P 56 129 0 255 0
P 57 129 0 255 0
P 58 129 0 255 0
P 59 129 0 255 0
P 60 129 0 255 0
P 61 129 0 255 0
P 62 129 0 255 0
P 63 129 0 255 0
P 64 129 0 255 0
P 65 129 0 255 0
P 66 129 0 255 0
P 67 129 0 255 0
P 68 129 0 255 0
P 69 129 0 255 0
P 70 129 0 255 0
P 71 129 0 255 0
P 72 129 0 255 0
P 73 129 0 255 0
P 74 129 0 255 0
P 75 129 0 255 0
P 45 130 0 255 0
P 46 130 0 255 0
P 47 130 0 255 0
P 48 130 0 255 0
P 49 130 0 255 0
P 50 130 0 255 0
P 51 130 0 255 0
P 52 130 0 255 0
P 53 130 0 255 0
P 54 130 0 255 0
P 55 130 0 255 0
P 56 130 0 255 0
P 57 130 0 255 0
P 58 130 0 255 0
P 59 130 0 255 0
P 60 130 0 255 0
P 61 130 0 255 0
P 62 130 0 255 0
P 63 130 0 255 0
P 64 130 0 255 0
P 65 130 0 255 0
P 66 130 0 255 0
P 67 130 0 255 0
P 68 130 0 255 0
P 69 130 0 255 0
P 70 130 0 255 0
P 71 130 0 255 0
P 72 130 0 255 0
P 73 130 0 255 0
P 74 130 0 255 0
P 75 130 0 255 0
P 45 131 0 255 0
P 46 131 0 255 0
P 47 131 0 255 0
P 48 131 0 255 0
P 49 131 0 255 0
P 50 131 0 255 0
P 51 131 0 255 0
P 52 131 0 255 0
P 53 131 0 255 0
P 54 131 0 255 0
P 55 131 0 255 0
P 56 131 0 255 0
P 57 131 0 255 0
P 58 131 0 255 0
P 59 131 0 255 0
P 60 131 0 255 0
P 61 131 0 255 0
P 62 131 0 255 0
P 63 131 0 255 0
P 64 131 0 255 0
P 65 131 0 255 0
P 66 131 0 255 0
P 67 131 0 255 0
P 68 131 0 255 0
P 69 131 0 255 0
P 70 131 0 255 0
P 71 131 0 255 0
P 72 131 0 255 0
P 73 131 0 255 0
P 74 131 0 255 0
P 45 132 0 255 0
P 46 132 0 255 0
P 47 132 0 255 0
P 48 132 0 255 0
P 49 132 0 255 0
P 50 132 0 255 0
P 51 132 0 255 0
P 52 132 0 255 0
P 53 132 0 255 0
P 54 132 0 255 0
P 55 132 0 255 0
P 56 132 0 255 0
P 57 132 0 255 0
P 58 132 0 255 0
P 59 132 0 255 0
P 60 132 0 255 0
P 61 132 0 255 0
P 62 132 0 255 0
P 63 132 0 255 0
P 64 132 0 255 0
P 65 132 0 255 0
P 66 132 0 255 0
P 67 132 0 255 0
P 68 132 0 255 0
P 69 132 0 255 0
P 70 132 0 255 0
P 71 132 0 255 0
P 72 132 0 255 0
P 73 132 0 255 0
P 74 132 0 255 0
P 45 133 0 255 0
P 46 133 0 255 0
P 47 133 0 255 0
P 48 133 0 255 0
P 49 133 0 255 0
P 50 133 0 255 0
P 51 133 0 255 0
P 52 133 0 255 0
P 53 133 0 255 0
P 54 133 0 255 0
P 55 133 0 255 0
P 56 133 0 255 0
P 57 133 0 255 0
P 58 133 0 255 0
P 59 133 0 255 0
P 60 133 0 255 0
P 61 133 0 255 0
P 62 133 0 255 0
P 63 133 0 255 0
P 64 133 0 255 0
P 65 133 0 255 0
P 66 133 0 255 0
P 67 133 0 255 0
P 68 133 0 255 0
P 69 133 0 255 0
P 70 133 0 255 0
P 71 133 0 255 0
P 72 133 0 255 0
P 73 133 0 255 0
P 45 134 0 255 0
P 46 134 0 255 0
P 47 134 0 255 0
P 48 134 0 255 0
P 49 134 0 255 0
P 50 134 0 255 0
P 51 134 0 255 0
P 52 134 0 255 0
P 53 134 0 255 0
P 54 134 0 255 0
P 55 134 0 255 0
P 56 134 0 255 0
P 57 134 0 255 0
P 58 134 0 255 0
P 59 134 0 255 0
P 60 134 0 255 0
P 61 134 0 255 0
P 62 134 0 255 0
P 63 134 0 255 0
P 64 134 0 255 0
P 65 134 0 255 0
P 66 134 0 255 0
P 67 134 0 255 0
P 68 134 0 255 0
P 69 134 0 255 0
P 70 134 0 255 0
P 71 134 0 255 0
P 72 134 0 255 0
P 73 134 0 255 0
P 45 135 0 255 0
P 46 135 0 255 0
P 47 135 0 255 0
P 48 135 0 255 0
P 49 135 0 255 0
P 50 135 0 255 0
P 51 135 0 255 0
P 52 135 0 255 0
P 53 135 0 255 0
P 54 135 0 255 0
P 55 135 0 255 0
P 56 135 0 255 0
P 57 135 0 255 0
P 58 135 0 255 0
P 59 135 0 255 0
P 60 135 0 255 0
P 61 135 0 255 0
P 62 135 0 255 0
P 63 135 0 255 0
P 64 135 0 255 0
P 65 135 0 255 0
P 66 135 0 255 0
P 67 135 0 255 0
P 68 135 0 255 0
P 69 135 0 255 0
P 70 135 0 255 0
P 71 135 0 255 0
P 72 135 0 255 0
P 45 136 0 255 0
P 46 136 0 255 0
P 47 136 0 255 0
P 48 136 0 255 0
P 49 136 0 255 0
P 50 136 0 255 0
P 51 136 0 255 0
P 52 136 0 255 0
P 53 136 0 255 0
P 54 136 0 255 0
P 55 136 0 255 0
P 56 136 0 255 0
P 57 136 0 255 0
P 58 136 0 255 0
P 59 136 0 255 0
P 60 136 0 255 0
P 61 136 0 255 0
P 62 136 0 255 0
P 63 136 0 255 0
P 64 136 0 255 0
P 65 136 0 255 0
P 66 136 0 255 0
P 67 136 0 255 0
P 68 136 0 255 0
P 69 136 0 255 0
P 70 136 0 255 0
P 71 136 0 255 0
P 45 137 0 255 0
P 46 137 0 255 0
P 47 137 0 255 0
P 48 137 0 255 0
P 49 137 0 255 0
P 50 137 0 255 0
P 51 137 0 255 0
P 52 137 0 255 0
P 53 137 0 255 0
P 54 137 0 255 0
P 55 137 0 255 0
P 56 137 0 255 0
P 57 137 0 255 0
P 58 137 0 255 0
P 59 137 0 255 0
P 60 137 0 255 0
P 61 137 0 255 0
P 62 137 0 255 0
P 63 137 0 255 0
P 64 137 0 255 0
P 65 137 0 255 0
P 66 137 0 255 0
P 67 137 0 255 0
P 68 137 0 255 0
P 69 137 0 255 0
P 70 137 0 255 0
P 71 137 0 255 0
P 45 138 0 255 0
P 46 138 0 255 0
P 47 138 0 255 0
P 48 138 0 255 0
P 49 138 0 255 0
P 50 138 0 255 0
P 51 138 0 255 0
P 52 138 0 255 0
P 53 138 0 255 0
P 54 138 0 255 0
P 55 138 0 255 0
P 56 138 0 255 0
P 57 138 0 255 0
P 58 138 0 255 0
P 59 138 0 255 0
P 60 138 0 255 0
P 61 138 0 255 0
P 62 138 0 255 0
P 63 138 0 255 0
P 64 138 0 255 0
P 65 138 0 255 0
P 66 138 0 255 0
P 67 138 0 255 0
P 68 138 0 255 0
P 69 138 0 255 0
P 70 138 0 255 0
P 45 139 0 255 0
P 46 139 0 255 0
P 47 139 0 255 0
P 48 139 0 255 0
P 49 139 0 255 0
P 50 139 0 255 0
P 51 139 0 255 0
P 52 139 0 255 0
P 53 139 0 255 0
P 54 139 0 255 0
P 55 139 0 255 0
P 56 139 0 255 0
P 57 139 0 255 0
P 58 139 0 255 0
P 59 139 0 255 0
P 60 139 0 255 0
P 61 139 0 255 0
P 62 139 0 255 0
P 63 139 0 255 0
P 64 139 0 255 0
P 65 139 0 255 0
P 66 139 0 255 0
P 67 139 0 255 0
P 68 139 0 255 0
P 69 139 0 255 0
P 70 139 0 255 0
P 45 140 0 255 0
P 46 140 0 255 0
P 47 140 0 255 0
P 48 140 0 255 0
P 49 140 0 255 0
P 50 140 0 255 0
P 51 140 0 255 0
P 52 140 0 255 0
P 53 140 0 255 0
P 54 140 0 255 0
P 55 140 0 255 0
P 56 140 0 255 0
P 57 140 0 255 0
P 58 140 0 255 0
P 59 140 0 255 0
P 60 140 0 255 0
P 61 140 0 255 0
P 62 140 0 255 0
P 63 140 0 255 0
P 64 140 0 255 0
P 65 140 0 255 0
P 66 140 0 255 0
P 67 140 0 255 0
P 68 140 0 255 0
P 69 140 0 255 0
P 45 141 0 255 0
P 46 141 0 255 0
P 47 141 0 255 0
P 48 141 0 255 0
P 49 141 0 255 0
P 50 141 0 255 0
P 51 141 0 255 0
P 52 141 0 255 0
P 53 141 0 255 0
P 54 141 0 255 0
P 55 141 0 255 0
P 56 141 0 255 0
P 57 141 0 255 0
P 58 141 0 255 0
P 59 141 0 255 0
P 60 141 0 255 0
P 61 141 0 255 0
P 62 141 0 255 0
P 63 141 0 255 0
P 64 141 0 255 0
P 65 141 0 255 0
P 66 141 0 255 0
P 67 141 0 255 0
P 68 141 0 255 0
P 69 141 0 255 0
P 45 142 0 255 0
P 46 142 0 255 0
P 47 142 0 255 0
P 48 142 0 255 0
P 49 142 0 255 0
P 50 142 0 255 0
P 51 142 0 255 0
P 52 142 0 255 0
P 53 142 0 255 0
P 54 142 0 255 0
P 55 142 0 255 0
P 56 142 0 255 0
P 57 142 0 255 0
P 58 142 0 255 0
P 59 142 0 255 0
P 60 142 0 255 0
P 61 142 0 255 0
P 62 142 0 255 0
P 63 142 0 255 0
P 64 142 0 255 0
P 65 142 0 255 0
P 66 142 0 255 0
P 67 142 0 255 0
P 68 142 0 255 0
P 46 143 0 255 0
P 47 143 0 255 0
P 48 143 0 255 0
P 49 143 0 255 0
P 50 143 0 255 0
P 51 143 0 255 0
P 52 143 0 255 0
P 53 143 0 255 0
P 54 143 0 255 0
P 55 143 0 255 0
P 56 143 0 255 0
P 57 143 0 255 0
P 58 143 0 255 0
P 59 143 0 255 0
P 60 143 0 255 0
P 61 143 0 255 0
P 62 143 0 255 0
P 63 143 0 255 0
P 64 143 0 255 0
P 65 143 0 255 0
P 66 143 0 255 0
P 67 143 0 255 0
P 68 143 0 255 0
P 46 144 0 255 0
P 47 144 0 255 0
P 48 144 0 255 0
P 49 144 0 255 0
P 50 144 0 255 0
P 51 144 0 255 0
P 52 144 0 255 0
P 53 144 0 255 0
P 54 144 0 255 0
P 55 144 0 255 0
P 56 144 0 255 0
P 57 144 0 255 0
P 58 144 0 255 0
P 59 144 0 255 0
P 60 144 0 255 0
P 61 144 0 255 0
P 62 144 0 255 0
P 63 144 0 255 0
P 64 144 0 255 0
P 65 144 0 255 0
P 66 144 0 255 0
P 67 144 0 255 0
P 46 145 0 255 0
P 47 145 0 255 0
P 48 145 0 255 0
P 49 145 0 255 0
P 50 145 0 255 0
P 51 145 0 255 0
P 52 145 0 255 0
P 53 145 0 255 0
P 54 145 0 255 0
P 55 145 0 255 0
P 56 145 0 255 0
P 57 145 0 255 0
P 58 145 0 255 0
P 59 145 0 255 0
P 60 145 0 255 0
P 61 145 0 255 0
P 62 145 0 255 0
P 63 145 0 255 0
P 64 145 0 255 0
P 65 145 0 255 0
P 66 145 0 255 0
P 46 146 0 255 0
P 47 146 0 255 0
P 48 146 0 255 0
P 49 146 0 255 0
P 50 146 0 255 0
P 51 146 0 255 0
P 52 146 0 255 0
P 53 146 0 255 0
P 54 146 0 255 0
P 55 146 0 255 0
P 56 146 0 255 0
P 57 146 0 255 0
P 58 146 0 255 0
P 59 146 0 255 0
P 60 146 0 255 0
P 61 146 0 255 0
P 62 146 0 255 0
P 63 146 0 255 0
P 64 146 0 255 0
P 65 146 0 255 0
P 66 146 0 255 0
P 46 147 0 255 0
P 47 147 0 255 0
P 48 147 0 255 0
P 49 147 0 255 0
P 50 147 0 255 0
P 51 147 0 255 0
P 52 147 0 255 0
P 53 147 0 255 0
P 54 147 0 255 0
P 55 147 0 255 0
P 56 147 0 255 0
P 57 147 0 255 0
P 58 147 0 255 0
P 59 147 0 255 0
P 60 147 0 255 0
P 61 147 0 255 0
P 62 147 0 255 0
P 63 147 0 255 0
P 64 147 0 255 0
P 65 147 0 255 0
P 46 148 0 255 0
P 47 148 0 255 0
P 48 148 0 255 0
P 49 148 0 255 0
P 50 148 0 255 0
P 51 148 0 255 0
P 52 148 0 255 0
P 53 148 0 255 0
P 54 148 0 255 0
P 55 148 0 255 0
P 56 148 0 255 0
P 57 148 0 255 0
P 58 148 0 255 0
P 59 148 0 255 0
P 60 148 0 255 0
P 61 148 0 255 0
P 62 148 0 255 0
P 63 148 0 255 0
P 64 148 0 255 0
P 65 148 0 255 0
P 46 149 0 255 0
P 47 149 0 255 0
P 48 149 0 255 0
P 49 149 0 255 0
P 50 149 0 255 0
P 51 149 0 255 0
P 52 149 0 255 0
P 53 149 0 255 0
P 54 149 0 255 0
P 55 149 0 255 0
P 56 149 0 255 0
P 57 149 0 255 0
P 58 149 0 255 0
P 59 149 0 255 0
P 60 149 0 255 0
P 61 149 0 255 0
P 62 149 0 255 0
P 63 149 0 255 0
P 64 149 0 255 0
P 46 150 0 255 0
P 47 150 0 255 0
P 48 150 0 255 0
P 49 150 0 255 0
P 50 150 0 255 0
P 51 150 0 255 0
P 52 150 0 255 0
P 53 150 0 255 0
P 54 150 0 255 0
P 55 150 0 255 0
P 56 150 0 255 0
P 57 150 0 255 0
P 58 150 0 255 0
P 59 150 0 255 0
P 60 150 0 255 0
P 61 150 0 255 0
P 62 150 0 255 0
P 63 150 0 255 0
P 64 150 0 255 0
P 46 151 0 255 0
P 47 151 0 255 0
P 48 151 0 255 0
P 49 151 0 255 0
P 50 151 0 255 0
P 51 151 0 255 0
P 52 151 0 255 0
P 53 151 0 255 0
P 54 151 0 255 0
P 55 151 0 255 0
P 56 151 0 255 0
P 57 151 0 255 0
P 58 151 0 255 0
P 59 151 0 255 0
P 60 151 0 255 0
P 61 151 0 255 0
P 62 151 0 255 0
P 63 151 0 255 0
P 46 152 0 255 0
P 47 152 0 255 0
P 48 152 0 255 0
P 49 152 0 255 0
P 50 152 0 255 0
P 51 152 0 255 0
P 52 152 0 255 0
P 53 152 0 255 0
P 54 152 0 255 0
P 55 152 0 255 0
P 56 152 0 255 0
P 57 152 0 255 0
P 58 152 0 255 0
P 59 152 0 255 0
P 60 152 0 255 0
P 61 152 0 255 0
P 62 152 0 255 0
P 46 153 0 255 0
P 47 153 0 255 0
P 48 153 0 255 0
P 49 153 0 255 0
P 50 153 0 255 0
P 51 153 0 255 0
P 52 153 0 255 0
P 53 153 0 255 0
P 54 153 0 255 0
P 55 153 0 255 0
P 56 153 0 255 0
P 57 153 0 255 0
P 58 153 0 255 0
P 59 153 0 255 0
P 60 153 0 255 0
P 61 153 0 255 0
P 62 153 0 255 0
P 46 154 0 255 0
P 47 154 0 255 0
P 48 154 0 255 0
P 49 154 0 255 0
P 50 154 0 255 0
P 51 154 0 255 0
P 52 154 0 255 0
P 53 154 0 255 0
P 54 154 0 255 0
P 55 154 0 255 0
P 56 154 0 255 0
P 57 154 0 255 0
P 58 154 0 255 0
P 59 154 0 255 0
P 60 154 0 255 0
P 61 154 0 255 0
P 46 155 0 255 0
P 47 155 0 255 0
P 48 155 0 255 0
P 49 155 0 255 0
P 50 155 0 255 0
P 51 155 0 255 0
P 52 155 0 255 0
P 53 155 0 255 0
P 54 155 0 255 0
P 55 155 0 255 0
P 56 155 0 255 0
P 57 155 0 255 0
P 58 155 0 255 0
P 59 155 0 255 0
P 60 155 0 255 0
P 61 155 0 255 0
P 46 156 0 255 0
P 47 156 0 255 0
P 48 156 0 255 0
P 49 156 0 255 0
P 50 156 0 255 0
P 51 156 0 255 0
P 52 156 0 255 0
P 53 156 0 255 0
P 54 156 0 255 0
P 55 156 0 255 0
P 56 156 0 255 0
P 57 156 0 255 0
P 58 156 0 255 0
P 59 156 0 255 0
P 60 156 0 255 0
P 46 157 0 255 0
P 47 157 0 255 0
P 48 157 0 255 0
P 49 157 0 255 0
P 50 157 0 255 0
P 51 157 0 255 0
P 52 157 0 255 0
P 53 157 0 255 0
P 54 157 0 255 0
P 55 157 0 255 0
P 56 157 0 255 0
P 57 157 0 255 0
P 58 157 0 255 0
P 59 157 0 255 0
P 60 157 0 255 0
P 47 158 0 255 0
P 48 158 0 255 0
P 49 158 0 255 0
P 50 158 0 255 0
P 51 158 0 255 0
P 52 158 0 255 0
P 53 158 0 255 0
P 54 158 0 255 0
P 55 158 0 255 0
P 56 158 0 255 0
P 57 158 0 255 0
P 58 158 0 255 0
P 59 158 0 255 0
P 47 159 0 255 0
P 48 159 0 255 0
P 49 159 0 255 0
P 50 159 0 255 0
P 51 159 0 255 0
P 52 159 0 255 0
P 53 159 0 255 0
P 54 159 0 255 0
P 55 159 0 255 0
P 56 159 0 255 0
P 57 159 0 255 0
P 58 159 0 255 0
P 59 159 0 255 0
P 47 160 0 255 0
P 48 160 0 255 0
P 49 160 0 255 0
P 50 160 0 255 0
P 51 160 0 255 0
P 52 160 0 255 0
P 53 160 0 255 0
P 54 160 0 255 0
P 55 160 0 255 0
P 56 160 0 255 0
P 57 160 0 255 0
P 58 160 0 255 0
P 47 161 0 255 0
P 48 161 0 255 0
P 49 161 0 255 0
P 50 161 0 255 0
P 51 161 0 255 0
P 52 161 0 255 0
P 53 161 0 255 0
P 54 161 0 255 0
P 55 161 0 255 0
P 56 161 0 255 0
P 57 161 0 255 0
P 47 162 0 255 0
P 48 162 0 255 0
P 49 162 0 255 0
P 50 162 0 255 0
P 51 162 0 255 0
P 52 162 0 255 0
P 53 162 0 255 0
P 54 162 0 255 0
P 55 162 0 255 0
P 56 162 0 255 0
P 57 162 0 255 0
P 47 163 0 255 0
P 48 163 0 255 0
P 49 163 0 255 0
P 50 163 0 255 0
P 51 163 0 255 0
P 52 163 0 255 0
P 53 163 0 255 0
P 54 163 0 255 0
P 55 163 0 255 0
P 56 163 0 255 0
P 47 164 0 255 0
P 48 164 0 255 0
P 49 164 0 255 0
P 50 164 0 255 0
P 51 164 0 255 0
P 52 164 0 255 0
P 53 164 0 255 0
P 54 164 0 255 0
P 55 164 0 255 0
P 56 164 0 255 0
P 47 165 0 255 0
P 48 165 0 255 0
P 49 165 0 255 0
P 50 165 0 255 0
P 51 165 0 255 0
P 52 165 0 255 0
P 53 165 0 255 0
P 54 165 0 255 0
P 55 165 0 255 0
P 47 166 0 255 0
P 48 166 0 255 0
P 49 166 0 255 0
P 50 166 0 255 0
P 51 166 0 255 0
P 52 166 0 255 0
P 53 166 0 255 0
P 54 166 0 255 0
P 55 166 0 255 0
P 47 167 0 255 0
P 48 167 0 255 0
P 49 167 0 255 0
P 50 167 0 255 0
P 51 167 0 255 0
P 52 167 0 255 0
P 53 167 0 255 0
P 54 167 0 255 0
P 47 168 0 255 0
P 48 168 0 255 0
P 49 168 0 255 0
P 50 168 0 255 0
P 51 168 0 255 0
P 52 168 0 255 0
P 53 168 0 255 0
P 47 169 0 255 0
P 48 169 0 255 0
P 49 169 0 255 0
P 50 169 0 255 0
P 51 169 0 255 0
P 52 169 0 255 0
P 53 169 0 255 0
P 47 170 0 255 0
P 48 170 0 255 0
P 49 170 0 255 0
P 50 170 0 255 0
P 51 170 0 255 0
P 52 170 0 255 0
P 47 171 0 255 0
P 48 171 0 255 0
P 49 171 0 255 0
P 50 171 0 255 0
P 51 171 0 255 0
P 52 171 0 255 0
P 47 172 0 255 0
P 48 172 0 255 0
P 49 172 0 255 0
P 50 172 0 255 0
P 51 172 0 255 0
P 48 173 0 255 0
P 49 173 0 255 0
P 50 173 0 255 0
P 51 173 0 255 0
P 48 174 0 255 0
P 49 174 0 255 0
P 50 174 0 255 0
P 48 175 0 255 0
P 49 175 0 255 0
P 50 175 0 255 0
P 48 176 0 255 0
P 49 176 0 255 0
P 48 177 0 255 0
P 48 178 0 255 0
