# surface 320x240  origin 9322496  clear ff102030
# shape 2
# vertex 0  108 86  rgba 231 24 225 200
# vertex 1  89 105  rgba 24 231 187 40
# vertex 2  47 220  rgba 127 127 30 120
# counters drawn=1 software=0 unsupported=0 declined=0 warp=0
# mode hardware
P 107 86 226 29 224 196
P 106 87 215 40 222 187
P 105 88 204 51 220 179
P 106 88 222 33 221 193
P 104 89 193 62 218 171
P 105 89 211 44 219 185
P 103 90 182 73 216 162
P 104 90 201 54 217 176
P 105 90 219 36 218 191
P 102 91 171 84 214 154
P 103 91 190 65 215 168
P 104 91 208 47 216 182
P 101 92 160 95 212 145
P 102 92 179 76 213 160
P 103 92 197 58 214 174
P 104 92 216 39 215 188
P 100 93 149 106 210 137
P 101 93 168 87 211 151
P 102 93 186 69 212 166
P 103 93 205 50 213 180
P 104 93 224 31 214 194
P 99 94 138 117 208 128
P 100 94 157 98 209 143
P 101 94 176 79 210 157
P 102 94 194 61 211 172
P 103 94 213 42 212 186
P 98 95 127 127 206 120
P 99 95 146 109 207 134
P 100 95 165 90 208 149
P 101 95 183 72 209 163
P 102 95 202 53 210 177
P 103 95 220 35 211 192
P 97 96 117 138 204 112
P 98 96 135 120 205 126
P 99 96 154 101 206 140
P 100 96 172 83 207 155
P 101 96 191 64 208 169
P 102 96 209 45 209 183
P 96 97 106 149 202 103
P 97 97 124 131 203 118
P 98 97 143 112 204 132
P 99 97 161 94 205 146
P 100 97 180 75 206 161
P 101 97 199 56 207 175
P 102 97 217 38 208 189
P 95 98 95 160 200 95
P 96 98 113 142 201 109
P 97 98 132 123 202 123
P 98 98 151 104 203 138
P 99 98 169 86 204 152
P 100 98 188 67 205 167
P 101 98 206 49 206 181
P 94 99 84 171 198 86
P 95 99 102 152 199 101
P 96 99 121 134 200 115
P 97 99 140 115 201 129
P 98 99 158 97 202 144
P 99 99 177 78 203 158
P 100 99 195 60 204 172
P 101 99 214 41 205 187
P 93 100 73 182 196 78
P 94 100 92 163 197 92
P 95 100 110 145 198 107
P 96 100 129 126 199 121
P 97 100 147 108 200 135
P 98 100 166 89 201 150
P 99 100 184 70 202 164
P 100 100 203 52 203 178
P 92 101 62 193 194 69
P 93 101 81 174 195 84
P 94 101 99 156 196 98
P 95 101 118 137 197 113
P 96 101 136 119 198 127
P 97 101 155 100 199 141
P 98 101 174 81 200 156
P 99 101 192 63 201 170
P 100 101 211 44 202 184
P 91 102 51 204 192 61
P 92 102 70 185 193 75
P 93 102 88 167 194 90
P 94 102 107 148 195 104
P 95 102 126 129 196 119
P 96 102 144 111 197 133
P 97 102 163 92 198 147
P 98 102 181 74 199 162
P 99 102 200 55 200 176
P 90 103 40 215 190 53
P 91 103 59 196 191 67
P 92 103 77 177 192 81
P 93 103 96 159 193 96
P 94 103 115 140 194 110
P 95 103 133 122 195 124
P 96 103 152 103 196 139
P 97 103 170 85 197 153
P 98 103 189 66 198 168
P 99 103 208 47 199 182
P 89 104 29 226 188 44
P 90 104 48 207 189 59
P 91 104 67 188 190 73
P 92 104 85 170 191 87
P 93 104 104 151 192 102
P 94 104 122 133 193 116
P 95 104 141 114 194 130
P 96 104 159 95 195 145
P 97 104 178 77 196 159
P 98 104 197 58 197 173
P 99 104 215 40 198 188
P 89 105 37 218 187 50
P 90 105 56 199 188 65
P 91 105 74 181 189 79
P 92 105 93 162 190 93
P 93 105 111 144 191 108
P 94 105 130 125 192 122
P 95 105 149 106 193 136
P 96 105 167 88 194 151
P 97 105 186 69 195 165
P 98 105 204 51 196 179
P 88 106 26 229 185 42
P 89 106 45 210 186 56
P 90 106 63 192 187 70
P 91 106 82 173 188 85
P 92 106 101 154 189 99
P 93 106 119 136 190 114
P 94 106 138 117 191 128
P 95 106 156 99 192 142
P 96 106 175 80 193 157
P 97 106 193 61 194 171
P 98 106 212 43 195 185
P 88 107 34 221 184 48
P 89 107 52 202 185 62
P 90 107 71 184 186 76
P 91 107 90 165 187 91
P 92 107 108 147 188 105
P 93 107 127 128 189 119
P 94 107 145 110 190 134
P 95 107 164 91 191 148
P 96 107 183 72 192 163
P 97 107 201 54 193 177
P 88 108 42 213 183 54
P 89 108 60 195 184 68
P 90 108 79 176 185 82
P 91 108 97 158 186 97
P 92 108 116 139 187 111
P 93 108 134 120 188 125
P 94 108 153 102 189 140
P 95 108 172 83 190 154
P 96 108 190 65 191 169
P 97 108 209 46 192 183
P 87 109 31 224 181 45
P 88 109 49 206 182 60
P 89 109 68 187 183 74
P 90 109 86 169 184 88
P 91 109 105 150 185 103
P 92 109 124 131 186 117
P 93 109 142 113 187 131
P 94 109 161 94 188 146
P 95 109 179 76 189 160
P 96 109 198 57 190 174
P 87 110 38 217 180 51
P 88 110 57 198 181 65
P 89 110 76 179 182 80
P 90 110 94 161 183 94
P 91 110 113 142 184 109
P 92 110 131 124 185 123
P 93 110 150 105 186 137
P 94 110 168 86 187 152
P 95 110 187 68 188 166
P 96 110 206 49 189 180
P 87 111 46 209 179 57
P 88 111 65 190 180 71
P 89 111 83 172 181 86
P 90 111 102 153 182 100
P 91 111 120 135 183 115
P 92 111 139 116 184 129
P 93 111 157 97 185 143
P 94 111 176 79 186 158
P 95 111 195 60 187 172
P 86 112 35 220 177 49
P 87 112 54 201 178 63
P 88 112 72 183 179 77
P 89 112 91 164 180 92
P 90 112 109 145 181 106
P 91 112 128 127 182 120
P 92 112 147 108 183 135
P 93 112 165 90 184 149
P 94 112 184 71 185 164
P 95 112 202 52 186 178
P 86 113 43 212 176 55
P 87 113 61 193 177 69
P 88 113 80 175 178 83
P 89 113 99 156 179 98
P 90 113 117 138 180 112
P 91 113 136 119 181 126
P 92 113 154 101 182 141
P 93 113 173 82 183 155
P 94 113 191 63 184 169
P 86 114 51 204 175 61
P 87 114 69 186 176 75
P 88 114 88 167 177 89
P 89 114 106 149 178 104
P 90 114 125 130 179 118
P 91 114 143 111 180 132
P 92 114 162 93 181 147
P 93 114 181 74 182 161
P 94 114 199 56 183 175
P 85 115 40 215 173 52
P 86 115 58 197 174 66
P 87 115 77 178 175 81
P 88 115 95 160 176 95
P 89 115 114 141 177 110
P 90 115 132 122 178 124
P 91 115 151 104 179 138
P 92 115 170 85 180 153
P 93 115 188 67 181 167
P 94 115 207 48 182 181
P 85 116 47 208 172 58
P 86 116 66 189 173 72
P 87 116 84 170 174 87
P 88 116 103 152 175 101
P 89 116 122 133 176 116
P 90 116 140 115 177 130
P 91 116 159 96 178 144
P 92 116 177 77 179 159
P 93 116 196 59 180 173
P 84 117 36 218 170 50
P 85 117 55 200 171 64
P 86 117 74 181 172 78
P 87 117 92 163 173 93
P 88 117 111 144 174 107
P 89 117 129 126 175 121
P 90 117 148 107 176 136
P 91 117 166 88 177 150
P 92 117 185 70 178 165
P 93 117 204 51 179 179
P 84 118 44 211 169 56
P 85 118 63 192 170 70
P 86 118 81 174 171 84
P 87 118 100 155 172 99
P 88 118 118 136 173 113
P 89 118 137 118 174 127
P 90 118 156 99 175 142
P 91 118 174 81 176 156
P 92 118 193 62 177 170
P 84 119 52 203 168 62
P 85 119 70 185 169 76
P 86 119 89 166 170 90
P 87 119 107 147 171 105
P 88 119 126 129 172 119
P 89 119 145 110 173 133
P 90 119 163 92 174 148
P 91 119 182 73 175 162
P 92 119 200 54 176 176
P 83 120 41 214 166 53
P 84 120 59 195 167 67
P 85 120 78 177 168 82
P 86 120 97 158 169 96
P 87 120 115 140 170 111
P 88 120 134 121 171 125
P 89 120 152 102 172 139
P 90 120 171 84 173 154
P 91 120 189 65 174 168
P 83 121 49 206 165 59
P 84 121 67 188 166 73
P 85 121 86 169 167 88
P 86 121 104 151 168 102
P 87 121 123 132 169 116
P 88 121 141 113 170 131
P 89 121 160 95 171 145
P 90 121 179 76 172 160
P 91 121 197 58 173 174
P 83 122 56 199 164 65
P 84 122 75 180 165 79
P 85 122 93 161 166 94
P 86 122 112 143 167 108
P 87 122 131 124 168 122
P 88 122 149 106 169 137
P 89 122 168 87 170 151
P 90 122 186 68 171 166
P 82 123 45 210 162 57
P 83 123 64 191 163 71
P 84 123 82 172 164 85
P 85 123 101 154 165 100
P 86 123 120 135 166 114
P 87 123 138 117 167 128
P 88 123 157 98 168 143
P 89 123 175 79 169 157
P 90 123 194 61 170 171
P 82 124 53 202 161 62
P 83 124 72 183 162 77
P 84 124 90 165 163 91
P 85 124 109 146 164 106
P 86 124 127 127 165 120
P 87 124 146 109 166 134
P 88 124 164 90 167 149
P 89 124 183 72 168 163
P 82 125 61 194 160 68
P 83 125 79 176 161 83
P 84 125 98 157 162 97
P 85 125 116 138 163 112
P 86 125 135 120 164 126
P 87 125 154 101 165 140
P 88 125 172 83 166 155
P 89 125 191 64 167 169
P 81 126 50 205 158 60
P 82 126 68 186 159 74
P 83 126 87 168 160 89
P 84 126 106 149 161 103
P 85 126 124 131 162 117
P 86 126 143 112 163 132
P 87 126 161 93 164 146
P 88 126 180 75 165 161
P 89 126 198 56 166 175
P 81 127 57 197 157 66
P 82 127 76 179 158 80
P 83 127 95 160 159 95
P 84 127 113 142 160 109
P 85 127 132 123 161 123
P 86 127 150 104 162 138
P 87 127 169 86 163 152
P 88 127 187 67 164 166
P 80 128 47 208 155 58
P 81 128 65 190 156 72
P 82 128 84 171 157 86
P 83 128 102 152 158 101
P 84 128 121 134 159 115
P 85 128 139 115 160 129
P 86 128 158 97 161 144
P 87 128 177 78 162 158
P 88 128 195 60 163 172
P 80 129 54 201 154 63
P 81 129 73 182 155 78
P 82 129 91 163 156 92
P 83 129 110 145 157 107
P 84 129 129 126 158 121
P 85 129 147 108 159 135
P 86 129 166 89 160 150
P 87 129 184 70 161 164
P 80 130 62 193 153 69
P 81 130 81 174 154 84
P 82 130 99 156 155 98
P 83 130 118 137 156 113
P 84 130 136 118 157 127
P 85 130 155 100 158 141
P 86 130 173 81 159 156
P 87 130 192 63 160 170
P 79 131 51 204 151 61
P 80 131 70 185 152 75
P 81 131 88 167 153 90
P 82 131 107 148 154 104
P 83 131 125 129 155 118
P 84 131 144 111 156 133
P 85 131 162 92 157 147
P 86 131 181 74 158 162
P 79 132 59 196 150 67
P 80 132 77 177 151 81
P 81 132 96 159 152 96
P 82 132 114 140 153 110
P 83 132 133 122 154 124
P 84 132 152 103 155 139
P 85 132 170 85 156 153
P 86 132 189 66 157 167
P 79 133 66 188 149 73
P 80 133 85 170 150 87
P 81 133 104 151 151 102
P 82 133 122 133 152 116
P 83 133 141 114 153 130
P 84 133 159 95 154 145
P 85 133 178 77 155 159
P 78 134 56 199 147 64
P 79 134 74 181 148 79
P 80 134 93 162 149 93
P 81 134 111 143 150 108
P 82 134 130 125 151 122
P 83 134 148 106 152 136
P 84 134 167 88 153 151
P 85 134 186 69 154 165
P 78 135 63 192 146 70
P 79 135 82 173 147 85
P 80 135 100 154 148 99
P 81 135 119 136 149 113
P 82 135 137 117 150 128
P 83 135 156 99 151 142
P 84 135 175 80 152 157
P 77 136 52 202 144 62
P 78 136 71 184 145 76
P 79 136 89 165 146 91
P 80 136 108 147 147 105
P 81 136 127 128 148 119
P 82 136 145 109 149 134
P 83 136 164 91 150 148
P 84 136 182 72 151 163
P 77 137 60 195 143 68
P 78 137 79 176 144 82
P 79 137 97 158 145 97
P 80 137 116 139 146 111
P 81 137 134 120 147 125
P 82 137 153 102 148 140
P 83 137 171 83 149 154
P 84 137 190 65 150 168
P 77 138 68 187 142 74
P 78 138 86 168 143 88
P 79 138 105 150 144 103
P 80 138 123 131 145 117
P 81 138 142 113 146 131
P 82 138 161 94 147 146
P 83 138 179 76 148 160
P 76 139 57 198 140 65
P 77 139 75 179 141 80
P 78 139 94 161 142 94
P 79 139 112 142 143 109
P 80 139 131 124 144 123
P 81 139 150 105 145 137
P 82 139 168 86 146 152
P 83 139 187 68 147 166
P 76 140 64 190 139 71
P 77 140 83 172 140 86
P 78 140 102 153 141 100
P 79 140 120 134 142 114
P 80 140 139 116 143 129
P 81 140 157 97 144 143
P 82 140 176 79 145 158
P 76 141 72 183 138 77
P 77 141 91 164 139 92
P 78 141 109 145 140 106
P 79 141 128 127 141 120
P 80 141 146 108 142 135
P 81 141 165 90 143 149
P 82 141 184 71 144 163
P 75 142 61 193 136 69
P 76 142 80 175 137 83
P 77 142 98 156 138 98
P 78 142 117 138 139 112
P 79 142 136 119 140 126
P 80 142 154 101 141 141
P 81 142 173 82 142 155
P 75 143 69 186 135 75
P 76 143 87 167 136 89
P 77 143 106 149 137 104
P 78 143 125 130 138 118
P 79 143 143 111 139 132
P 80 143 162 93 140 147
P 81 143 180 74 141 161
P 75 144 77 178 134 81
P 76 144 95 159 135 95
P 77 144 114 141 136 110
P 78 144 132 122 137 124
P 79 144 151 104 138 138
P 80 144 169 85 139 153
P 74 145 66 189 132 72
P 75 145 84 170 133 87
P 76 145 103 152 134 101
P 77 145 121 133 135 115
P 78 145 140 115 136 130
P 79 145 159 96 137 144
P 80 145 177 77 138 159
P 74 146 73 181 131 78
P 75 146 92 163 132 93
P 76 146 111 144 133 107
P 77 146 129 126 134 121
P 78 146 148 107 135 136
P 79 146 166 88 136 150
P 73 147 62 192 129 70
P 74 147 81 174 130 84
P 75 147 100 155 131 99
P 76 147 118 136 132 113
P 77 147 137 118 133 127
P 78 147 155 99 134 142
P 79 147 174 81 135 156
P 73 148 70 184 128 76
P 74 148 89 166 129 90
P 75 148 107 147 130 105
P 76 148 126 129 131 119
P 77 148 144 110 132 133
P 78 148 163 92 133 148
P 79 148 182 73 134 162
P 73 149 78 177 127 82
P 74 149 96 158 128 96
P 75 149 115 140 129 110
P 76 149 134 121 130 125
P 77 149 152 102 131 139
P 78 149 171 84 132 154
P 72 150 67 188 125 73
P 73 150 86 169 126 88
P 74 150 104 150 127 102
P 75 150 123 132 128 116
P 76 150 141 113 129 131
P 77 150 160 95 130 145
P 78 150 178 76 131 160
P 72 151 75 180 124 79
P 73 151 93 161 125 94
P 74 151 112 143 126 108
P 75 151 130 124 127 122
P 76 151 149 106 128 137
P 77 151 167 87 129 151
P 72 152 82 172 123 85
P 73 152 101 154 124 100
P 74 152 119 135 125 114
P 75 152 138 117 126 128
P 76 152 157 98 127 143
P 77 152 175 79 128 157
P 71 153 71 183 121 77
P 72 153 90 165 122 91
P 73 153 109 146 123 106
P 74 153 127 127 124 120
P 75 153 146 109 125 134
P 76 153 164 90 126 149
P 71 154 79 175 120 83
P 72 154 98 157 121 97
P 73 154 116 138 122 111
P 74 154 135 120 123 126
P 75 154 153 101 124 140
P 76 154 172 83 125 155
P 71 155 87 168 119 89
P 72 155 105 149 120 103
P 73 155 124 131 121 117
P 74 155 142 112 122 132
P 75 155 161 93 123 146
P 70 156 76 179 117 80
P 71 156 94 160 118 95
P 72 156 113 142 119 109
P 73 156 132 123 120 123
P 74 156 150 104 121 138
P 75 156 169 86 122 152
P 70 157 84 171 116 86
P 71 157 102 152 117 101
P 72 157 121 134 118 115
P 73 157 139 115 119 129
P 74 157 158 97 120 144
P 69 158 73 182 114 78
P 70 158 91 163 115 92
P 71 158 110 145 116 107
P 72 158 128 126 117 121
P 73 158 147 108 118 135
P 74 158 166 89 119 150
P 69 159 80 174 113 84
P 70 159 99 156 114 98
P 71 159 117 137 115 112
P 72 159 136 118 116 127
P 73 159 155 100 117 141
P 74 159 173 81 118 156
P 69 160 88 167 112 90
P 70 160 107 148 113 104
P 71 160 125 129 114 118
P 72 160 144 111 115 133
P 73 160 162 92 116 147
P 68 161 77 177 110 81
P 69 161 96 159 111 96
P 70 161 114 140 112 110
P 71 161 133 122 113 124
P 72 161 151 103 114 139
P 73 161 170 84 115 153
P 68 162 85 170 109 87
P 69 162 103 151 110 102
P 70 162 122 133 111 116
P 71 162 141 114 112 130
P 72 162 159 95 113 145
P 68 163 92 162 108 93
P 69 163 111 143 109 107
P 70 163 130 125 110 122
P 71 163 148 106 111 136
P 72 163 167 88 112 151
P 67 164 82 173 106 85
P 68 164 100 154 107 99
P 69 164 119 136 108 113
P 70 164 137 117 109 128
P 71 164 156 99 110 142
P 67 165 89 165 105 91
P 68 165 108 147 106 105
P 69 165 126 128 107 119
P 70 165 145 109 108 134
P 71 165 164 91 109 148
P 67 166 97 158 104 97
P 68 166 116 139 105 111
P 69 166 134 120 106 125
P 70 166 153 102 107 140
P 66 167 86 168 102 88
P 67 167 105 150 103 103
P 68 167 123 131 104 117
P 69 167 142 113 105 131
P 70 167 160 94 106 146
P 66 168 94 161 101 94
P 67 168 112 142 102 108
P 68 168 131 124 103 123
P 69 168 149 105 104 137
P 65 169 83 172 99 86
P 66 169 101 153 100 100
P 67 169 120 134 101 114
P 68 169 139 116 102 129
P 69 169 157 97 103 143
P 65 170 90 164 98 92
P 66 170 109 145 99 106
P 67 170 128 127 100 120
P 68 170 146 108 101 135
P 69 170 165 90 102 149
P 65 171 98 156 97 98
P 66 171 117 138 98 112
P 67 171 135 119 99 126
P 68 171 154 100 100 141
P 64 172 87 167 95 89
P 65 172 106 149 96 104
P 66 172 124 130 97 118
P 67 172 143 111 98 132
P 68 172 162 93 99 147
P 64 173 95 159 94 95
P 65 173 114 141 95 109
P 66 173 132 122 96 124
P 67 173 151 104 97 138
P 64 174 103 152 93 101
P 65 174 121 133 94 115
P 66 174 140 115 95 130
P 67 174 158 96 96 144
P 63 175 92 163 91 93
P 64 175 110 144 92 107
P 65 175 129 125 93 121
P 66 175 147 107 94 136
P 63 176 99 155 90 99
P 64 176 118 136 91 113
P 65 176 137 118 92 127
P 66 176 155 99 93 142
P 63 177 107 147 89 104
P 64 177 126 129 90 119
P 65 177 144 110 91 133
P 62 178 96 158 87 96
P 63 178 115 140 88 110
P 64 178 133 121 89 125
P 65 178 152 102 90 139
P 62 179 104 150 86 102
P 63 179 122 132 87 116
P 64 179 141 113 88 131
P 61 180 93 161 84 94
P 62 180 112 143 85 108
P 63 180 130 124 86 122
P 64 180 149 106 87 137
P 61 181 101 154 83 100
P 62 181 119 135 84 114
P 63 181 138 116 85 128
P 64 181 156 98 86 143
P 61 182 108 146 82 105
P 62 182 127 127 83 120
P 63 182 146 109 84 134
P 60 183 97 157 80 97
P 61 183 116 138 81 111
P 62 183 135 120 82 126
P 63 183 153 101 83 140
P 60 184 105 149 79 103
P 61 184 124 131 80 117
P 62 184 142 112 81 132
P 60 185 113 141 78 109
P 61 185 131 123 79 123
P 62 185 150 104 80 138
P 59 186 102 152 76 101
P 60 186 120 134 77 115
P 61 186 139 115 78 129
P 59 187 110 145 75 106
P 60 187 128 126 76 121
P 61 187 147 107 77 135
P 59 188 117 137 74 112
P 60 188 136 118 75 127
P 58 189 106 148 72 104
P 59 189 125 129 73 118
P 60 189 144 111 74 133
P 58 190 114 140 71 110
P 59 190 133 122 72 124
P 57 191 103 151 69 101
P 58 191 122 132 70 116
P 59 191 140 114 71 130
P 57 192 111 143 68 107
P 58 192 129 125 69 122
P 59 192 148 106 70 136
P 57 193 119 136 67 113
P 58 193 137 117 68 128
P 56 194 108 147 65 105
P 57 194 126 128 66 119
P 58 194 145 109 67 134
P 56 195 115 139 64 111
P 57 195 134 120 65 125
P 56 196 123 131 63 117
P 57 196 142 113 64 131
P 55 197 112 142 61 108
P 56 197 131 124 62 123
P 55 198 120 134 60 114
P 56 198 138 116 61 129
P 54 199 109 145 58 106
P 55 199 127 127 59 120
P 54 200 117 138 57 112
P 55 200 135 119 58 126
P 54 201 124 130 56 118
P 53 202 113 141 54 109
P 54 202 132 122 55 124
P 53 203 121 133 53 115
P 54 203 140 115 54 130
P 53 204 129 125 52 121
P 52 205 118 136 50 113
P 53 205 136 118 51 127
P 52 206 125 129 49 119
P 52 207 133 121 48 125
P 51 208 122 132 46 116
P 51 209 130 124 45 122
P 50 210 119 135 43 114
P 50 211 127 127 42 120
P 49 213 124 131 39 117
P 49 214 131 123 38 123
P 48 216 128 126 35 121
