# rows 12 cols 12 tri 288 colours 7
V 169
20.000000000 20.000000000
43.395833333 20.093750000
66.791666667 20.187500000
90.187500000 20.281250000
113.583333333 20.375000000
136.979166667 20.062500000
160.031250000 20.156250000
183.427083333 20.250000000
206.822916667 20.343750000
230.218750000 20.031250000
253.614583333 20.125000000
276.666666667 20.218750000
300.062500000 20.312500000
20.218750000 36.822916667
43.614583333 36.916666667
66.666666667 37.010416667
90.062500000 36.697916667
113.458333333 36.791666667
136.854166667 36.885416667
160.250000000 36.979166667
183.645833333 36.666666667
206.697916667 36.760416667
230.093750000 36.854166667
253.489583333 36.947916667
276.885416667 37.041666667
300.281250000 36.729166667
20.093750000 53.645833333
43.489583333 53.333333333
66.885416667 53.427083333
90.281250000 53.520833333
113.333333333 53.614583333
136.729166667 53.708333333
160.125000000 53.395833333
183.520833333 53.489583333
206.916666667 53.583333333
230.312500000 53.677083333
253.364583333 53.364583333
276.760416667 53.458333333
300.156250000 53.552083333
20.312500000 70.062500000
43.364583333 70.156250000
66.760416667 70.250000000
90.156250000 70.343750000
113.552083333 70.031250000
136.947916667 70.125000000
160.000000000 70.218750000
183.395833333 70.312500000
206.791666667 70.000000000
230.187500000 70.093750000
253.583333333 70.187500000
276.979166667 70.281250000
300.031250000 70.375000000
20.187500000 86.885416667
43.583333333 86.979166667
66.979166667 86.666666667
90.031250000 86.760416667
113.427083333 86.854166667
136.822916667 86.947916667
160.218750000 87.041666667
183.614583333 86.729166667
206.666666667 86.822916667
230.062500000 86.916666667
253.458333333 87.010416667
276.854166667 86.697916667
300.250000000 86.791666667
20.062500000 103.708333333
43.458333333 103.395833333
66.854166667 103.489583333
90.250000000 103.583333333
113.645833333 103.677083333
136.697916667 103.364583333
160.093750000 103.458333333
183.489583333 103.552083333
206.885416667 103.645833333
230.281250000 103.333333333
253.333333333 103.427083333
276.729166667 103.520833333
300.125000000 103.614583333
20.281250000 120.125000000
43.333333333 120.218750000
66.729166667 120.312500000
90.125000000 120.000000000
113.520833333 120.093750000
136.916666667 120.187500000
160.312500000 120.281250000
183.364583333 120.375000000
206.760416667 120.062500000
230.156250000 120.156250000
253.552083333 120.250000000
276.947916667 120.343750000
300.000000000 120.031250000
20.156250000 136.947916667
43.552083333 137.041666667
66.947916667 136.729166667
90.000000000 136.822916667
113.395833333 136.916666667
136.791666667 137.010416667
160.187500000 136.697916667
183.583333333 136.791666667
206.979166667 136.885416667
230.031250000 136.979166667
253.427083333 136.666666667
276.822916667 136.760416667
300.218750000 136.854166667
20.031250000 153.364583333
43.427083333 153.458333333
66.822916667 153.552083333
90.218750000 153.645833333
113.614583333 153.333333333
136.666666667 153.427083333
160.062500000 153.520833333
183.458333333 153.614583333
206.854166667 153.708333333
230.250000000 153.395833333
253.645833333 153.489583333
276.697916667 153.583333333
300.093750000 153.677083333
20.250000000 170.187500000
43.645833333 170.281250000
66.697916667 170.375000000
90.093750000 170.062500000
113.489583333 170.156250000
136.885416667 170.250000000
160.281250000 170.343750000
183.333333333 170.031250000
206.729166667 170.125000000
230.125000000 170.218750000
253.520833333 170.312500000
276.916666667 170.000000000
300.312500000 170.093750000
20.125000000 187.010416667
43.520833333 186.697916667
66.916666667 186.791666667
90.312500000 186.885416667
113.364583333 186.979166667
136.760416667 186.666666667
160.156250000 186.760416667
183.552083333 186.854166667
206.947916667 186.947916667
230.000000000 187.041666667
253.395833333 186.729166667
276.791666667 186.822916667
300.187500000 186.916666667
20.000000000 203.427083333
43.395833333 203.520833333
66.791666667 203.614583333
90.187500000 203.708333333
113.583333333 203.395833333
136.979166667 203.489583333
160.031250000 203.583333333
183.427083333 203.677083333
206.822916667 203.364583333
230.218750000 203.458333333
253.614583333 203.552083333
276.666666667 203.645833333
300.062500000 203.333333333
20.218750000 220.250000000
43.614583333 220.343750000
66.666666667 220.031250000
90.062500000 220.125000000
113.458333333 220.218750000
136.854166667 220.312500000
160.250000000 220.000000000
183.645833333 220.093750000
206.697916667 220.187500000
230.093750000 220.281250000
253.489583333 220.375000000
276.885416667 220.062500000
300.281250000 220.156250000
T 288
0 1 14 0
0 14 13 1
1 2 15 1
1 15 14 2
2 3 16 0
2 16 15 3
3 4 17 1
3 17 16 2
4 5 18 0
4 18 17 3
5 6 19 1
5 19 18 2
6 7 20 0
6 20 19 3
7 8 21 1
7 21 20 2
8 9 22 0
8 22 21 3
9 10 23 1
9 23 22 2
10 11 24 0
10 24 23 3
11 12 25 1
11 25 24 2
13 14 27 3
13 27 26 0
14 15 28 4
14 28 27 5
15 16 29 5
15 29 28 0
16 17 30 4
16 30 29 1
17 18 31 5
17 31 30 0
18 19 32 4
18 32 31 1
19 20 33 5
19 33 32 0
20 21 34 4
20 34 33 1
21 22 35 5
21 35 34 0
22 23 36 4
22 36 35 1
23 24 37 5
23 37 36 0
24 25 38 4
24 38 37 1
26 27 40 1
26 40 39 2
27 28 41 2
27 41 40 4
28 29 42 3
28 42 41 1
29 30 43 2
29 43 42 4
30 31 44 3
30 44 43 5
31 32 45 2
31 45 44 4
32 33 46 3
32 46 45 5
33 34 47 2
33 47 46 4
34 35 48 3
34 48 47 5
35 36 49 2
35 49 48 4
36 37 50 3
36 50 49 5
37 38 51 2
37 51 50 4
39 40 53 0
39 53 52 1
40 41 54 3
40 54 53 5
41 42 55 0
41 55 54 6
42 43 56 6
42 56 55 2
43 44 57 0
43 57 56 1
44 45 58 1
44 58 57 2
45 46 59 0
45 59 58 3
46 47 60 1
46 60 59 2
47 48 61 0
47 61 60 3
48 49 62 1
48 62 61 2
49 50 63 0
49 63 62 3
50 51 64 1
50 64 63 2
52 53 66 2
52 66 65 0
53 54 67 4
53 67 66 3
54 55 68 1
54 68 67 0
55 56 69 3
55 69 68 4
56 57 70 4
56 70 69 0
57 58 71 5
57 71 70 3
58 59 72 4
58 72 71 0
59 60 73 5
59 73 72 1
60 61 74 4
60 74 73 0
61 62 75 5
61 75 74 1
62 63 76 4
62 76 75 0
63 64 77 5
63 77 76 1
65 66 79 1
65 79 78 2
66 67 80 5
66 80 79 4
67 68 81 2
67 81 80 1
68 69 82 5
68 82 81 3
69 70 83 1
69 83 82 2
70 71 84 2
70 84 83 5
71 72 85 6
71 85 84 1
72 73 86 2
72 86 85 3
73 74 87 3
73 87 86 4
74 75 88 2
74 88 87 5
75 76 89 3
75 89 88 4
76 77 90 2
76 90 89 5
78 79 92 0
78 92 91 1
79 80 93 3
79 93 92 5
80 81 94 0
80 94 93 2
81 82 95 4
81 95 94 5
82 83 96 0
82 96 95 1
83 84 97 3
83 97 96 4
84 85 98 0
84 98 97 6
85 86 99 5
85 99 98 2
86 87 100 0
86 100 99 1
87 88 101 1
87 101 100 2
88 89 102 0
88 102 101 3
89 90 103 1
89 103 102 2
91 92 105 2
91 105 104 0
92 93 106 4
92 106 105 3
93 94 107 1
93 107 106 0
94 95 108 3
94 108 107 4
95 96 109 2
95 109 108 0
96 97 110 5
96 110 109 3
97 98 111 1
97 111 110 0
98 99 112 3
98 112 111 4
99 100 113 4
99 113 112 0
100 101 114 5
100 114 113 3
101 102 115 4
101 115 114 0
102 103 116 5
102 116 115 1
104 105 118 1
104 118 117 2
105 106 119 5
105 119 118 4
106 107 120 2
106 120 119 1
107 108 121 5
107 121 120 3
108 109 122 1
108 122 121 2
109 110 123 4
109 123 122 5
110 111 124 2
110 124 123 1
111 112 125 5
111 125 124 3
112 113 126 1
112 126 125 2
113 114 127 2
113 127 126 5
114 115 128 6
114 128 127 1
115 116 129 2
115 129 128 3
117 118 131 0
117 131 130 1
118 119 132 3
118 132 131 5
119 120 133 0
119 133 132 2
120 121 134 4
120 134 133 5
121 122 135 0
121 135 134 1
122 123 136 3
122 136 135 4
123 124 137 0
123 137 136 2
124 125 138 4
124 138 137 5
125 126 139 0
125 139 138 1
126 127 140 3
126 140 139 4
127 128 141 0
127 141 140 6
128 129 142 4
128 142 141 2
130 131 144 2
130 144 143 0
131 132 145 4
131 145 144 3
132 133 146 1
132 146 145 0
133 134 147 3
133 147 146 4
134 135 148 2
134 148 147 0
135 136 149 5
135 149 148 3
136 137 150 1
136 150 149 0
137 138 151 3
137 151 150 4
138 139 152 2
138 152 151 0
139 140 153 5
139 153 152 3
140 141 154 1
140 154 153 0
141 142 155 3
141 155 154 4
143 144 157 1
143 157 156 2
144 145 158 5
144 158 157 4
145 146 159 2
145 159 158 1
146 147 160 5
146 160 159 3
147 148 161 1
147 161 160 2
148 149 162 4
148 162 161 5
149 150 163 2
149 163 162 1
150 151 164 5
150 164 163 3
151 152 165 1
151 165 164 2
152 153 166 4
152 166 165 5
153 154 167 2
153 167 166 1
154 155 168 5
154 168 167 3
