# rows 16 cols 16 tri 512 colours 7
V 289
20.000000000 20.000000000
37.062500000 20.093750000
54.125000000 20.187500000
71.187500000 20.281250000
88.250000000 20.375000000
105.312500000 20.062500000
122.031250000 20.156250000
139.093750000 20.250000000
156.156250000 20.343750000
173.218750000 20.031250000
190.281250000 20.125000000
207.000000000 20.218750000
224.062500000 20.312500000
241.125000000 20.000000000
258.187500000 20.093750000
275.250000000 20.187500000
292.312500000 20.281250000
20.218750000 32.156250000
37.281250000 32.250000000
54.000000000 32.343750000
71.062500000 32.031250000
88.125000000 32.125000000
105.187500000 32.218750000
122.250000000 32.312500000
139.312500000 32.000000000
156.031250000 32.093750000
173.093750000 32.187500000
190.156250000 32.281250000
207.218750000 32.375000000
224.281250000 32.062500000
241.000000000 32.156250000
258.062500000 32.250000000
275.125000000 32.343750000
292.187500000 32.031250000
20.093750000 44.312500000
37.156250000 44.000000000
54.218750000 44.093750000
71.281250000 44.187500000
88.000000000 44.281250000
105.062500000 44.375000000
122.125000000 44.062500000
139.187500000 44.156250000
156.250000000 44.250000000
173.312500000 44.343750000
190.031250000 44.031250000
207.093750000 44.125000000
224.156250000 44.218750000
241.218750000 44.312500000
258.281250000 44.000000000
275.000000000 44.093750000
292.062500000 44.187500000
20.312500000 56.062500000
37.031250000 56.156250000
54.093750000 56.250000000
71.156250000 56.343750000
88.218750000 56.031250000
105.281250000 56.125000000
122.000000000 56.218750000
139.062500000 56.312500000
156.125000000 56.000000000
173.187500000 56.093750000
190.250000000 56.187500000
207.312500000 56.281250000
224.031250000 56.375000000
241.093750000 56.062500000
258.156250000 56.156250000
275.218750000 56.250000000
292.281250000 56.343750000
20.187500000 68.218750000
37.250000000 68.312500000
54.312500000 68.000000000
71.031250000 68.093750000
88.093750000 68.187500000
105.156250000 68.281250000
122.218750000 68.375000000
139.281250000 68.062500000
156.000000000 68.156250000
173.062500000 68.250000000
190.125000000 68.343750000
207.187500000 68.031250000
224.250000000 68.125000000
241.312500000 68.218750000
258.031250000 68.312500000
275.093750000 68.000000000
292.156250000 68.093750000
20.062500000 80.375000000
37.125000000 80.062500000
54.187500000 80.156250000
71.250000000 80.250000000
88.312500000 80.343750000
105.031250000 80.031250000
122.093750000 80.125000000
139.156250000 80.218750000
156.218750000 80.312500000
173.281250000 80.000000000
190.000000000 80.093750000
207.062500000 80.187500000
224.125000000 80.281250000
241.187500000 80.375000000
258.250000000 80.062500000
275.312500000 80.156250000
292.031250000 80.250000000
20.281250000 92.125000000
37.000000000 92.218750000
54.062500000 92.312500000
71.125000000 92.000000000
88.187500000 92.093750000
105.250000000 92.187500000
122.312500000 92.281250000
139.031250000 92.375000000
156.093750000 92.062500000
173.156250000 92.156250000
190.218750000 92.250000000
207.281250000 92.343750000
224.000000000 92.031250000
241.062500000 92.125000000
258.125000000 92.218750000
275.187500000 92.312500000
292.250000000 92.000000000
20.156250000 104.281250000
37.218750000 104.375000000
54.281250000 104.062500000
71.000000000 104.156250000
88.062500000 104.250000000
105.125000000 104.343750000
122.187500000 104.031250000
139.250000000 104.125000000
156.312500000 104.218750000
173.031250000 104.312500000
190.093750000 104.000000000
207.156250000 104.093750000
224.218750000 104.187500000
241.281250000 104.281250000
258.000000000 104.375000000
275.062500000 104.062500000
292.125000000 104.156250000
20.031250000 116.031250000
37.093750000 116.125000000
54.156250000 116.218750000
71.218750000 116.312500000
88.281250000 116.000000000
105.000000000 116.093750000
122.062500000 116.187500000
139.125000000 116.281250000
156.187500000 116.375000000
173.250000000 116.062500000
190.312500000 116.156250000
207.031250000 116.250000000
224.093750000 116.343750000
241.156250000 116.031250000
258.218750000 116.125000000
275.281250000 116.218750000
292.000000000 116.312500000
20.250000000 128.187500000
37.312500000 128.281250000
54.031250000 128.375000000
71.093750000 128.062500000
88.156250000 128.156250000
105.218750000 128.250000000
122.281250000 128.343750000
139.000000000 128.031250000
156.062500000 128.125000000
173.125000000 128.218750000
190.187500000 128.312500000
207.250000000 128.000000000
224.312500000 128.093750000
241.031250000 128.187500000
258.093750000 128.281250000
275.156250000 128.375000000
292.218750000 128.062500000
20.125000000 140.343750000
37.187500000 140.031250000
54.250000000 140.125000000
71.312500000 140.218750000
88.031250000 140.312500000
105.093750000 140.000000000
122.156250000 140.093750000
139.218750000 140.187500000
156.281250000 140.281250000
173.000000000 140.375000000
190.062500000 140.062500000
207.125000000 140.156250000
224.187500000 140.250000000
241.250000000 140.343750000
258.312500000 140.031250000
275.031250000 140.125000000
292.093750000 140.218750000
20.000000000 152.093750000
37.062500000 152.187500000
54.125000000 152.281250000
71.187500000 152.375000000
88.250000000 152.062500000
105.312500000 152.156250000
122.031250000 152.250000000
139.093750000 152.343750000
156.156250000 152.031250000
173.218750000 152.125000000
190.281250000 152.218750000
207.000000000 152.312500000
224.062500000 152.000000000
241.125000000 152.093750000
258.187500000 152.187500000
275.250000000 152.281250000
292.312500000 152.375000000
20.218750000 164.250000000
37.281250000 164.343750000
54.000000000 164.031250000
71.062500000 164.125000000
88.125000000 164.218750000
105.187500000 164.312500000
122.250000000 164.000000000
139.312500000 164.093750000
156.031250000 164.187500000
173.093750000 164.281250000
190.156250000 164.375000000
207.218750000 164.062500000
224.281250000 164.156250000
241.000000000 164.250000000
258.062500000 164.343750000
275.125000000 164.031250000
292.187500000 164.125000000
20.093750000 176.000000000
37.156250000 176.093750000
54.218750000 176.187500000
71.281250000 176.281250000
88.000000000 176.375000000
105.062500000 176.062500000
122.125000000 176.156250000
139.187500000 176.250000000
156.250000000 176.343750000
173.312500000 176.031250000
190.031250000 176.125000000
207.093750000 176.218750000
224.156250000 176.312500000
241.218750000 176.000000000
258.281250000 176.093750000
275.000000000 176.187500000
292.062500000 176.281250000
20.312500000 188.156250000
37.031250000 188.250000000
54.093750000 188.343750000
71.156250000 188.031250000
88.218750000 188.125000000
105.281250000 188.218750000
122.000000000 188.312500000
139.062500000 188.000000000
156.125000000 188.093750000
173.187500000 188.187500000
190.250000000 188.281250000
207.312500000 188.375000000
224.031250000 188.062500000
241.093750000 188.156250000
258.156250000 188.250000000
275.218750000 188.343750000
292.281250000 188.031250000
20.187500000 200.312500000
37.250000000 200.000000000
54.312500000 200.093750000
71.031250000 200.187500000
88.093750000 200.281250000
105.156250000 200.375000000
122.218750000 200.062500000
139.281250000 200.156250000
156.000000000 200.250000000
173.062500000 200.343750000
190.125000000 200.031250000
207.187500000 200.125000000
224.250000000 200.218750000
241.312500000 200.312500000
258.031250000 200.000000000
275.093750000 200.093750000
292.156250000 200.187500000
20.062500000 212.062500000
37.125000000 212.156250000
54.187500000 212.250000000
71.250000000 212.343750000
88.312500000 212.031250000
105.031250000 212.125000000
122.093750000 212.218750000
139.156250000 212.312500000
156.218750000 212.000000000
173.281250000 212.093750000
190.000000000 212.187500000
207.062500000 212.281250000
224.125000000 212.375000000
241.187500000 212.062500000
258.250000000 212.156250000
275.312500000 212.250000000
292.031250000 212.343750000
T 512
0 1 18 0
0 18 17 1
1 2 19 1
1 19 18 2
2 3 20 0
2 20 19 3
3 4 21 1
3 21 20 2
4 5 22 0
4 22 21 3
5 6 23 1
5 23 22 2
6 7 24 0
6 24 23 3
7 8 25 1
7 25 24 2
8 9 26 0
8 26 25 3
9 10 27 1
9 27 26 2
10 11 28 0
10 28 27 3
11 12 29 1
11 29 28 2
12 13 30 0
12 30 29 3
13 14 31 1
13 31 30 2
14 15 32 0
14 32 31 3
15 16 33 1
15 33 32 2
17 18 35 3
17 35 34 0
18 19 36 4
18 36 35 5
19 20 37 5
19 37 36 0
20 21 38 4
20 38 37 1
21 22 39 5
21 39 38 0
22 23 40 4
22 40 39 1
23 24 41 5
23 41 40 0
24 25 42 4
24 42 41 1
25 26 43 5
25 43 42 0
26 27 44 4
26 44 43 1
27 28 45 5
27 45 44 0
28 29 46 4
28 46 45 1
29 30 47 5
29 47 46 0
30 31 48 4
30 48 47 1
31 32 49 5
31 49 48 0
32 33 50 4
32 50 49 1
34 35 52 1
34 52 51 2
35 36 53 2
35 53 52 4
36 37 54 3
36 54 53 1
37 38 55 2
37 55 54 4
38 39 56 3
38 56 55 5
39 40 57 2
39 57 56 4
40 41 58 3
40 58 57 5
41 42 59 2
41 59 58 4
42 43 60 3
42 60 59 5
43 44 61 2
43 61 60 4
44 45 62 3
44 62 61 5
45 46 63 2
45 63 62 4
46 47 64 3
46 64 63 5
47 48 65 2
47 65 64 4
48 49 66 3
48 66 65 5
49 50 67 2
49 67 66 4
51 52 69 0
51 69 68 1
52 53 70 3
52 70 69 5
53 54 71 0
53 71 70 6
54 55 72 6
54 72 71 2
55 56 73 0
55 73 72 1
56 57 74 1
56 74 73 2
57 58 75 0
57 75 74 3
58 59 76 1
58 76 75 2
59 60 77 0
59 77 76 3
60 61 78 1
60 78 77 2
61 62 79 0
61 79 78 3
62 63 80 1
62 80 79 2
63 64 81 0
63 81 80 3
64 65 82 1
64 82 81 2
65 66 83 0
65 83 82 3
66 67 84 1
66 84 83 2
68 69 86 2
68 86 85 0
69 70 87 4
69 87 86 3
70 71 88 1
70 88 87 0
71 72 89 3
71 89 88 4
72 73 90 4
72 90 89 0
73 74 91 5
73 91 90 3
74 75 92 4
74 92 91 0
75 76 93 5
75 93 92 1
76 77 94 4
76 94 93 0
77 78 95 5
77 95 94 1
78 79 96 4
78 96 95 0
79 80 97 5
79 97 96 1
80 81 98 4
80 98 97 0
81 82 99 5
81 99 98 1
82 83 100 4
82 100 99 0
83 84 101 5
83 101 100 1
85 86 103 1
85 103 102 2
86 87 104 5
86 104 103 4
87 88 105 2
87 105 104 1
88 89 106 5
88 106 105 3
89 90 107 1
89 107 106 2
90 91 108 2
90 108 107 5
91 92 109 6
91 109 108 1
92 93 110 2
92 110 109 3
93 94 111 3
93 111 110 4
94 95 112 2
94 112 111 5
95 96 113 3
95 113 112 4
96 97 114 2
96 114 113 5
97 98 115 3
97 115 114 4
98 99 116 2
98 116 115 5
99 100 117 3
99 117 116 4
100 101 118 2
100 118 117 5
102 103 120 0
102 120 119 1
103 104 121 3
103 121 120 5
104 105 122 0
104 122 121 2
105 106 123 4
105 123 122 5
106 107 124 0
106 124 123 1
107 108 125 3
107 125 124 4
108 109 126 0
108 126 125 6
109 110 127 5
109 127 126 2
110 111 128 0
110 128 127 1
111 112 129 1
111 129 128 2
112 113 130 0
112 130 129 3
113 114 131 1
113 131 130 2
114 115 132 0
114 132 131 3
115 116 133 1
115 133 132 2
116 117 134 0
116 134 133 3
117 118 135 1
117 135 134 2
119 120 137 2
119 137 136 0
120 121 138 4
120 138 137 3
121 122 139 1
121 139 138 0
122 123 140 3
122 140 139 4
123 124 141 2
123 141 140 0
124 125 142 5
124 142 141 3
125 126 143 1
125 143 142 0
126 127 144 3
126 144 143 4
127 128 145 4
127 145 144 0
128 129 146 5
128 146 145 3
129 130 147 4
129 147 146 0
130 131 148 5
130 148 147 1
131 132 149 4
131 149 148 0
132 133 150 5
132 150 149 1
133 134 151 4
133 151 150 0
134 135 152 5
134 152 151 1
136 137 154 1
136 154 153 2
137 138 155 5
137 155 154 4
138 139 156 2
138 156 155 1
139 140 157 5
139 157 156 3
140 141 158 1
140 158 157 2
141 142 159 4
141 159 158 5
142 143 160 2
142 160 159 1
143 144 161 5
143 161 160 3
144 145 162 1
144 162 161 2
145 146 163 2
145 163 162 5
146 147 164 6
146 164 163 1
147 148 165 2
147 165 164 3
148 149 166 3
148 166 165 4
149 150 167 2
149 167 166 5
150 151 168 3
150 168 167 4
151 152 169 2
151 169 168 5
153 154 171 0
153 171 170 1
154 155 172 3
154 172 171 5
155 156 173 0
155 173 172 2
156 157 174 4
156 174 173 5
157 158 175 0
157 175 174 1
158 159 176 3
158 176 175 4
159 160 177 0
159 177 176 2
160 161 178 4
160 178 177 5
161 162 179 0
161 179 178 1
162 163 180 3
162 180 179 4
163 164 181 0
163 181 180 6
164 165 182 5
164 182 181 2
165 166 183 0
165 183 182 1
166 167 184 1
166 184 183 2
167 168 185 0
167 185 184 3
168 169 186 1
168 186 185 2
170 171 188 2
170 188 187 0
171 172 189 4
171 189 188 3
172 173 190 1
172 190 189 0
173 174 191 3
173 191 190 4
174 175 192 2
174 192 191 0
175 176 193 5
175 193 192 3
176 177 194 1
176 194 193 0
177 178 195 3
177 195 194 4
178 179 196 2
178 196 195 0
179 180 197 5
179 197 196 3
180 181 198 1
180 198 197 0
181 182 199 3
181 199 198 4
182 183 200 4
182 200 199 0
183 184 201 5
183 201 200 3
184 185 202 4
184 202 201 0
185 186 203 5
185 203 202 1
187 188 205 1
187 205 204 2
188 189 206 5
188 206 205 4
189 190 207 2
189 207 206 1
190 191 208 5
190 208 207 3
191 192 209 1
191 209 208 2
192 193 210 4
192 210 209 5
193 194 211 2
193 211 210 1
194 195 212 5
194 212 211 3
195 196 213 1
195 213 212 2
196 197 214 4
196 214 213 5
197 198 215 2
197 215 214 1
198 199 216 5
198 216 215 3
199 200 217 1
199 217 216 2
200 201 218 2
200 218 217 5
201 202 219 6
201 219 218 1
202 203 220 2
202 220 219 3
204 205 222 0
204 222 221 1
205 206 223 3
205 223 222 5
206 207 224 0
206 224 223 2
207 208 225 4
207 225 224 5
208 209 226 0
208 226 225 1
209 210 227 3
209 227 226 4
210 211 228 0
210 228 227 2
211 212 229 4
211 229 228 5
212 213 230 0
212 230 229 1
213 214 231 3
213 231 230 4
214 215 232 0
214 232 231 2
215 216 233 4
215 233 232 5
216 217 234 0
216 234 233 1
217 218 235 3
217 235 234 4
218 219 236 0
218 236 235 6
219 220 237 4
219 237 236 2
221 222 239 2
221 239 238 0
222 223 240 4
222 240 239 3
223 224 241 1
223 241 240 0
224 225 242 3
224 242 241 4
225 226 243 2
225 243 242 0
226 227 244 5
226 244 243 3
227 228 245 1
227 245 244 0
228 229 246 3
228 246 245 4
229 230 247 2
229 247 246 0
230 231 248 5
230 248 247 3
231 232 249 1
231 249 248 0
232 233 250 3
232 250 249 4
233 234 251 2
233 251 250 0
234 235 252 5
234 252 251 3
235 236 253 1
235 253 252 0
236 237 254 3
236 254 253 4
238 239 256 1
238 256 255 2
239 240 257 5
239 257 256 4
240 241 258 2
240 258 257 1
241 242 259 5
241 259 258 3
242 243 260 1
242 260 259 2
243 244 261 4
243 261 260 5
244 245 262 2
244 262 261 1
245 246 263 5
245 263 262 3
246 247 264 1
246 264 263 2
247 248 265 4
247 265 264 5
248 249 266 2
248 266 265 1
249 250 267 5
249 267 266 3
250 251 268 1
250 268 267 2
251 252 269 4
251 269 268 5
252 253 270 2
252 270 269 1
253 254 271 5
253 271 270 3
255 256 273 0
255 273 272 1
256 257 274 3
256 274 273 5
257 258 275 0
257 275 274 2
258 259 276 4
258 276 275 5
259 260 277 0
259 277 276 1
260 261 278 3
260 278 277 4
261 262 279 0
261 279 278 2
262 263 280 4
262 280 279 5
263 264 281 0
263 281 280 1
264 265 282 3
264 282 281 4
265 266 283 0
265 283 282 2
266 267 284 4
266 284 283 5
267 268 285 0
267 285 284 1
268 269 286 3
268 286 285 4
269 270 287 0
269 287 286 2
270 271 288 4
270 288 287 5
