# rows 8 cols 8 tri 128 colours 7
V 81
20.000000000 20.000000000
55.062500000 20.093750000
90.125000000 20.187500000
125.187500000 20.281250000
160.250000000 20.375000000
195.312500000 20.062500000
230.031250000 20.156250000
265.093750000 20.250000000
300.156250000 20.343750000
20.218750000 45.156250000
55.281250000 45.250000000
90.000000000 45.343750000
125.062500000 45.031250000
160.125000000 45.125000000
195.187500000 45.218750000
230.250000000 45.312500000
265.312500000 45.000000000
300.031250000 45.093750000
20.093750000 70.312500000
55.156250000 70.000000000
90.218750000 70.093750000
125.281250000 70.187500000
160.000000000 70.281250000
195.062500000 70.375000000
230.125000000 70.062500000
265.187500000 70.156250000
300.250000000 70.250000000
20.312500000 95.062500000
55.031250000 95.156250000
90.093750000 95.250000000
125.156250000 95.343750000
160.218750000 95.031250000
195.281250000 95.125000000
230.000000000 95.218750000
265.062500000 95.312500000
300.125000000 95.000000000
20.187500000 120.218750000
55.250000000 120.312500000
90.312500000 120.000000000
125.031250000 120.093750000
160.093750000 120.187500000
195.156250000 120.281250000
230.218750000 120.375000000
265.281250000 120.062500000
300.000000000 120.156250000
20.062500000 145.375000000
55.125000000 145.062500000
90.187500000 145.156250000
125.250000000 145.250000000
160.312500000 145.343750000
195.031250000 145.031250000
230.093750000 145.125000000
265.156250000 145.218750000
300.218750000 145.312500000
20.281250000 170.125000000
55.000000000 170.218750000
90.062500000 170.312500000
125.125000000 170.000000000
160.187500000 170.093750000
195.250000000 170.187500000
230.312500000 170.281250000
265.031250000 170.375000000
300.093750000 170.062500000
20.156250000 195.281250000
55.218750000 195.375000000
90.281250000 195.062500000
125.000000000 195.156250000
160.062500000 195.250000000
195.125000000 195.343750000
230.187500000 195.031250000
265.250000000 195.125000000
300.312500000 195.218750000
20.031250000 220.031250000
55.093750000 220.125000000
90.156250000 220.218750000
125.218750000 220.312500000
160.281250000 220.000000000
195.000000000 220.093750000
230.062500000 220.187500000
265.125000000 220.281250000
300.187500000 220.375000000
T 128
0 1 10 0
0 10 9 1
1 2 11 1
1 11 10 2
2 3 12 0
2 12 11 3
3 4 13 1
3 13 12 2
4 5 14 0
4 14 13 3
5 6 15 1
5 15 14 2
6 7 16 0
6 16 15 3
7 8 17 1
7 17 16 2
9 10 19 3
9 19 18 0
10 11 20 4
10 20 19 5
11 12 21 5
11 21 20 0
12 13 22 4
12 22 21 1
13 14 23 5
13 23 22 0
14 15 24 4
14 24 23 1
15 16 25 5
15 25 24 0
16 17 26 4
16 26 25 1
18 19 28 1
18 28 27 2
19 20 29 2
19 29 28 4
20 21 30 3
20 30 29 1
21 22 31 2
21 31 30 4
22 23 32 3
22 32 31 5
23 24 33 2
23 33 32 4
24 25 34 3
24 34 33 5
25 26 35 2
25 35 34 4
27 28 37 0
27 37 36 1
28 29 38 3
28 38 37 5
29 30 39 0
29 39 38 6
30 31 40 6
30 40 39 2
31 32 41 0
31 41 40 1
32 33 42 1
32 42 41 2
33 34 43 0
33 43 42 3
34 35 44 1
34 44 43 2
36 37 46 2
36 46 45 0
37 38 47 4
37 47 46 3
38 39 48 1
38 48 47 0
39 40 49 3
39 49 48 4
40 41 50 4
40 50 49 0
41 42 51 5
41 51 50 3
42 43 52 4
42 52 51 0
43 44 53 5
43 53 52 1
45 46 55 1
45 55 54 2
46 47 56 5
46 56 55 4
47 48 57 2
47 57 56 1
48 49 58 5
48 58 57 3
49 50 59 1
49 59 58 2
50 51 60 2
50 60 59 5
51 52 61 6
51 61 60 1
52 53 62 2
52 62 61 3
54 55 64 0
54 64 63 1
55 56 65 3
55 65 64 5
56 57 66 0
56 66 65 2
57 58 67 4
57 67 66 5
58 59 68 0
58 68 67 1
59 60 69 3
59 69 68 4
60 61 70 0
60 70 69 6
61 62 71 4
61 71 70 2
63 64 73 2
63 73 72 0
64 65 74 4
64 74 73 3
65 66 75 1
65 75 74 0
66 67 76 3
66 76 75 4
67 68 77 2
67 77 76 0
68 69 78 5
68 78 77 3
69 70 79 1
69 79 78 0
70 71 80 3
70 80 79 4
