# surface 320x240  origin 9322496  clear ff102030
# shape 2
# vertex 0  108 86  rgba 231 24 225 200
# vertex 1  89 105  rgba 24 231 187 40
# vertex 2  47 220  rgba 127 127 30 120
# counters drawn=1 software=0 unsupported=0 declined=0 warp=1
# mode hardware
P 107 86 225 29 224 195
P 106 87 214 40 222 187
P 105 88 203 51 220 178
P 106 88 222 32 221 193
P 104 89 192 62 218 170
P 105 89 211 43 219 184
P 103 90 181 73 216 162
P 104 90 200 54 217 176
P 105 90 219 35 218 190
P 102 91 171 83 214 153
P 103 91 189 65 215 168
P 104 91 208 46 216 182
P 101 92 160 94 212 145
P 102 92 178 76 213 159
P 103 92 197 57 214 173
P 104 92 215 39 215 188
P 100 93 149 105 210 136
P 101 93 167 87 211 151
P 102 93 186 68 212 165
P 103 93 205 49 213 179
P 104 93 223 31 214 194
P 99 94 138 116 208 128
P 100 94 156 98 209 142
P 101 94 175 79 210 157
P 102 94 194 60 211 171
P 103 94 212 42 212 185
P 98 95 127 127 206 119
P 99 95 146 108 207 134
P 100 95 164 90 208 148
P 101 95 183 71 209 163
P 102 95 201 53 210 177
P 103 95 220 34 211 191
P 97 96 116 138 204 111
P 98 96 135 119 205 125
P 99 96 153 101 206 140
P 100 96 172 82 207 154
P 101 96 190 64 208 169
P 102 96 209 45 209 183
P 96 97 105 149 202 103
P 97 97 124 130 203 117
P 98 97 142 112 204 131
P 99 97 161 93 205 146
P 100 97 180 74 206 160
P 101 97 198 56 207 174
P 102 97 217 37 208 189
P 95 98 94 160 200 94
P 96 98 113 141 201 109
P 97 98 131 123 202 123
P 98 98 150 104 203 137
P 99 98 169 85 204 152
P 100 98 187 67 205 166
P 101 98 206 48 206 180
P 94 99 83 171 198 86
P 95 99 102 152 199 100
P 96 99 121 133 200 115
P 97 99 139 115 201 129
P 98 99 158 96 202 143
P 99 99 176 78 203 158
P 100 99 195 59 204 172
P 101 99 213 40 205 186
P 93 100 73 181 196 77
P 94 100 91 163 197 92
P 95 100 110 144 198 106
P 96 100 128 126 199 120
P 97 100 147 107 200 135
P 98 100 165 89 201 149
P 99 100 184 70 202 164
P 100 100 203 51 203 178
P 92 101 62 192 194 69
P 93 101 80 174 195 83
P 94 101 99 155 196 98
P 95 101 117 137 197 112
P 96 101 136 118 198 126
P 97 101 154 99 199 141
P 98 101 173 81 200 155
P 99 101 192 62 201 170
P 100 101 210 44 202 184
P 91 102 51 203 192 61
P 92 102 69 185 193 75
P 93 102 88 166 194 89
P 94 102 106 148 195 104
P 95 102 125 129 196 118
P 96 102 144 110 197 132
P 97 102 162 92 198 147
P 98 102 181 73 199 161
P 99 102 199 55 200 175
P 90 103 40 214 190 52
P 91 103 58 196 191 66
P 92 103 77 177 192 81
P 93 103 96 158 193 95
P 94 103 114 140 194 110
P 95 103 133 121 195 124
P 96 103 151 103 196 138
P 97 103 170 84 197 153
P 98 103 188 65 198 167
P 99 103 207 47 199 181
P 89 104 29 225 188 44
P 90 104 48 206 189 58
P 91 104 66 188 190 72
P 92 104 85 169 191 87
P 93 104 103 151 192 101
P 94 104 122 132 193 116
P 95 104 140 114 194 130
P 96 104 159 95 195 144
P 97 104 178 76 196 159
P 98 104 196 58 197 173
P 99 104 215 39 198 187
P 89 105 37 217 187 50
P 90 105 55 199 188 64
P 91 105 74 180 189 78
P 92 105 92 162 190 93
P 93 105 111 143 191 107
P 94 105 129 124 192 121
P 95 105 148 106 193 136
P 96 105 167 87 194 150
P 97 105 185 69 195 165
P 98 105 204 50 196 179
P 88 106 26 228 185 41
P 89 106 44 210 186 56
P 90 106 63 191 187 70
P 91 106 81 172 188 84
P 92 106 100 154 189 99
P 93 106 119 135 190 113
P 94 106 137 117 191 127
P 95 106 156 98 192 142
P 96 106 174 80 193 156
P 97 106 193 61 194 170
P 98 106 211 42 195 185
P 88 107 33 221 184 47
P 89 107 52 202 185 62
P 90 107 71 183 186 76
P 91 107 89 165 187 90
P 92 107 108 146 188 105
P 93 107 126 128 189 119
P 94 107 145 109 190 133
P 95 107 163 90 191 148
P 96 107 182 72 192 162
P 97 107 201 53 193 176
P 88 108 41 213 183 53
P 89 108 60 194 184 67
P 90 108 78 176 185 82
P 91 108 97 157 186 96
P 92 108 115 139 187 111
P 93 108 134 120 188 125
P 94 108 153 101 189 139
P 95 108 171 83 190 154
P 96 108 190 64 191 168
P 97 108 208 46 192 182
P 87 109 30 224 181 45
P 88 109 49 205 182 59
P 89 109 67 187 183 73
P 90 109 86 168 184 88
P 91 109 104 149 185 102
P 92 109 123 131 186 116
P 93 109 142 112 187 131
P 94 109 160 94 188 145
P 95 109 179 75 189 160
P 96 109 197 56 190 174
P 87 110 38 216 180 51
P 88 110 56 197 181 65
P 89 110 75 179 182 79
P 90 110 94 160 183 94
P 91 110 112 142 184 108
P 92 110 131 123 185 122
P 93 110 149 105 186 137
P 94 110 168 86 187 151
P 95 110 186 67 188 166
P 96 110 205 49 189 180
P 87 111 46 208 179 57
P 88 111 64 190 180 71
P 89 111 83 171 181 85
P 90 111 101 153 182 100
P 91 111 120 134 183 114
P 92 111 138 115 184 128
P 93 111 157 97 185 143
P 94 111 176 78 186 157
P 95 111 194 60 187 171
P 86 112 35 219 177 48
P 87 112 53 201 178 63
P 88 112 72 182 179 77
P 89 112 90 164 180 91
P 90 112 109 145 181 106
P 91 112 128 126 182 120
P 92 112 146 108 183 134
P 93 112 165 89 184 149
P 94 112 183 71 185 163
P 95 112 202 52 186 177
P 86 113 42 212 176 54
P 87 113 61 193 177 68
P 88 113 79 174 178 83
P 89 113 98 156 179 97
P 90 113 117 137 180 112
P 91 113 135 119 181 126
P 92 113 154 100 182 140
P 93 113 172 81 183 155
P 94 113 191 63 184 169
P 86 114 50 204 175 60
P 87 114 69 185 176 74
P 88 114 87 167 177 89
P 89 114 106 148 178 103
P 90 114 124 130 179 117
P 91 114 143 111 180 132
P 92 114 161 92 181 146
P 93 114 180 74 182 161
P 94 114 199 55 183 175
P 85 115 39 215 173 52
P 86 115 58 196 174 66
P 87 115 76 178 175 80
P 88 115 95 159 176 95
P 89 115 113 140 177 109
P 90 115 132 122 178 123
P 91 115 151 103 179 138
P 92 115 169 85 180 152
P 93 115 188 66 181 166
P 94 115 206 48 182 181
P 85 116 47 207 172 58
P 86 116 65 189 173 72
P 87 116 84 170 174 86
P 88 116 103 151 175 101
P 89 116 121 133 176 115
P 90 116 140 114 177 129
P 91 116 158 96 178 144
P 92 116 177 77 179 158
P 93 116 195 58 180 172
P 84 117 36 218 170 49
P 85 117 54 199 171 63
P 86 117 73 181 172 78
P 87 117 92 162 173 92
P 88 117 110 144 174 107
P 89 117 129 125 175 121
P 90 117 147 106 176 135
P 91 117 166 88 177 150
P 92 117 184 69 178 164
P 93 117 203 51 179 178
P 84 118 44 210 169 55
P 85 118 62 192 170 69
P 86 118 81 173 171 84
P 87 118 99 155 172 98
P 88 118 118 136 173 113
P 89 118 136 117 174 127
P 90 118 155 99 175 141
P 91 118 174 80 176 156
P 92 118 192 62 177 170
P 84 119 51 203 168 61
P 85 119 70 184 169 75
P 86 119 88 165 170 90
P 87 119 107 147 171 104
P 88 119 126 128 172 118
P 89 119 144 110 173 133
P 90 119 163 91 174 147
P 91 119 181 72 175 162
P 92 119 200 54 176 176
P 83 120 40 214 166 53
P 84 120 59 195 167 67
P 85 120 78 176 168 81
P 86 120 96 158 169 96
P 87 120 115 139 170 110
P 88 120 133 121 171 124
P 89 120 152 102 172 139
P 90 120 170 83 173 153
P 91 120 189 65 174 167
P 83 121 48 206 165 59
P 84 121 67 187 166 73
P 85 121 85 169 167 87
P 86 121 104 150 168 102
P 87 121 122 131 169 116
P 88 121 141 113 170 130
P 89 121 159 94 171 145
P 90 121 178 76 172 159
P 91 121 197 57 173 173
P 83 122 56 198 164 64
P 84 122 74 180 165 79
P 85 122 93 161 166 93
P 86 122 111 142 167 108
P 87 122 130 124 168 122
P 88 122 149 105 169 136
P 89 122 167 87 170 151
P 90 122 186 68 171 165
P 82 123 45 209 162 56
P 83 123 63 190 163 70
P 84 123 82 172 164 85
P 85 123 101 153 165 99
P 86 123 119 135 166 113
P 87 123 138 116 167 128
P 88 123 156 97 168 142
P 89 123 175 79 169 157
P 90 123 193 60 170 171
P 82 124 53 201 161 62
P 83 124 71 183 162 76
P 84 124 90 164 163 91
P 85 124 108 146 164 105
P 86 124 127 127 165 119
P 87 124 145 108 166 134
P 88 124 164 90 167 148
P 89 124 183 71 168 163
P 82 125 60 194 160 68
P 83 125 79 175 161 82
P 84 125 97 156 162 97
P 85 125 116 138 163 111
P 86 125 134 119 164 125
P 87 125 153 101 165 140
P 88 125 172 82 166 154
P 89 125 190 64 167 168
P 81 126 49 205 158 59
P 82 126 68 186 159 74
P 83 126 86 167 160 88
P 84 126 105 149 161 103
P 85 126 124 130 162 117
P 86 126 142 112 163 131
P 87 126 161 93 164 146
P 88 126 179 74 165 160
P 89 126 198 56 166 174
P 81 127 57 197 157 65
P 82 127 76 178 158 80
P 83 127 94 160 159 94
P 84 127 113 141 160 109
P 85 127 131 122 161 123
P 86 127 150 104 162 137
P 87 127 168 85 163 152
P 88 127 187 67 164 166
P 80 128 46 208 155 57
P 81 128 65 189 156 71
P 82 128 83 171 157 86
P 83 128 102 152 158 100
P 84 128 120 133 159 114
P 85 128 139 115 160 129
P 86 128 158 96 161 143
P 87 128 176 78 162 158
P 88 128 195 59 163 172
P 80 129 54 200 154 63
P 81 129 72 181 155 77
P 82 129 91 163 156 92
P 83 129 109 144 157 106
P 84 129 128 126 158 120
P 85 129 147 107 159 135
P 86 129 165 89 160 149
P 87 129 184 70 161 163
P 80 130 61 192 153 69
P 81 130 80 174 154 83
P 82 130 99 155 155 98
P 83 130 117 137 156 112
P 84 130 136 118 157 126
P 85 130 154 99 158 141
P 86 130 173 81 159 155
P 87 130 191 62 160 169
P 79 131 51 203 151 60
P 80 131 69 185 152 75
P 81 131 88 166 153 89
P 82 131 106 147 154 104
P 83 131 125 129 155 118
P 84 131 143 110 156 132
P 85 131 162 92 157 147
P 86 131 181 73 158 161
P 79 132 58 196 150 66
P 80 132 77 177 151 81
P 81 132 95 158 152 95
P 82 132 114 140 153 110
P 83 132 133 121 154 124
P 84 132 151 103 155 138
P 85 132 170 84 156 153
P 86 132 188 65 157 167
P 79 133 66 188 149 72
P 80 133 84 169 150 87
P 81 133 103 151 151 101
P 82 133 122 132 152 115
P 83 133 140 114 153 130
P 84 133 159 95 154 144
P 85 133 177 76 155 159
P 78 134 55 199 147 64
P 79 134 74 180 148 78
P 80 134 92 162 149 93
P 81 134 111 143 150 107
P 82 134 129 124 151 121
P 83 134 148 106 152 136
P 84 134 166 87 153 150
P 85 134 185 69 154 164
P 78 135 63 191 146 70
P 79 135 81 172 147 84
P 80 135 100 154 148 99
P 81 135 118 135 149 113
P 82 135 137 117 150 127
P 83 135 156 98 151 142
P 84 135 174 80 152 156
P 77 136 52 202 144 61
P 78 136 70 183 145 76
P 79 136 89 165 146 90
P 80 136 107 146 147 105
P 81 136 126 128 148 119
P 82 136 145 109 149 133
P 83 136 163 90 150 148
P 84 136 182 72 151 162
P 77 137 59 194 143 67
P 78 137 78 176 144 82
P 79 137 97 157 145 96
P 80 137 115 138 146 110
P 81 137 134 120 147 125
P 82 137 152 101 148 139
P 83 137 171 83 149 154
P 84 137 189 64 150 168
P 77 138 67 187 142 73
P 78 138 86 168 143 88
P 79 138 104 149 144 102
P 80 138 123 131 145 116
P 81 138 141 112 146 131
P 82 138 160 94 147 145
P 83 138 179 75 148 160
P 76 139 56 197 140 65
P 77 139 75 179 141 79
P 78 139 93 160 142 94
P 79 139 112 142 143 108
P 80 139 131 123 144 122
P 81 139 149 105 145 137
P 82 139 168 86 146 151
P 83 139 186 67 147 165
P 76 140 64 190 139 71
P 77 140 82 171 140 85
P 78 140 101 153 141 100
P 79 140 120 134 142 114
P 80 140 138 115 143 128
P 81 140 157 97 144 143
P 82 140 175 78 145 157
P 76 141 72 182 138 77
P 77 141 90 163 139 91
P 78 141 109 145 140 106
P 79 141 127 126 141 120
P 80 141 146 108 142 134
P 81 141 164 89 143 149
P 82 141 183 71 144 163
P 75 142 61 193 136 68
P 76 142 79 174 137 83
P 77 142 98 156 138 97
P 78 142 116 137 139 111
P 79 142 135 119 140 126
P 80 142 154 100 141 140
P 81 142 172 81 142 155
P 75 143 68 185 135 74
P 76 143 87 167 136 89
P 77 143 106 148 137 103
P 78 143 124 130 138 117
P 79 143 143 111 139 132
P 80 143 161 92 140 146
P 81 143 180 74 141 160
P 75 144 76 178 134 80
P 76 144 95 159 135 95
P 77 144 113 140 136 109
P 78 144 132 122 137 123
P 79 144 150 103 138 138
P 80 144 169 85 139 152
P 74 145 65 188 132 72
P 75 145 84 170 133 86
P 76 145 102 151 134 101
P 77 145 121 133 135 115
P 78 145 139 114 136 129
P 79 145 158 96 137 144
P 80 145 177 77 138 158
P 74 146 73 181 131 78
P 75 146 91 162 132 92
P 76 146 110 144 133 106
P 77 146 129 125 134 121
P 78 146 147 106 135 135
P 79 146 166 88 136 150
P 73 147 62 192 129 69
P 74 147 81 173 130 84
P 75 147 99 155 131 98
P 76 147 118 136 132 112
P 77 147 136 117 133 127
P 78 147 155 99 134 141
P 79 147 173 80 135 156
P 73 148 70 184 128 75
P 74 148 88 165 129 90
P 75 148 107 147 130 104
P 76 148 125 128 131 118
P 77 148 144 110 132 133
P 78 148 162 91 133 147
P 79 148 181 72 134 161
P 73 149 77 176 127 81
P 74 149 96 158 128 96
P 75 149 114 139 129 110
P 76 149 133 121 130 124
P 77 149 152 102 131 139
P 78 149 170 83 132 153
P 72 150 66 187 125 73
P 73 150 85 169 126 87
P 74 150 104 150 127 102
P 75 150 122 131 128 116
P 76 150 141 113 129 130
P 77 150 159 94 130 145
P 78 150 178 76 131 159
P 72 151 74 180 124 79
P 73 151 93 161 125 93
P 74 151 111 142 126 107
P 75 151 130 124 127 122
P 76 151 148 105 128 136
P 77 151 167 87 129 151
P 72 152 82 172 123 85
P 73 152 100 153 124 99
P 74 152 119 135 125 113
P 75 152 137 116 126 128
P 76 152 156 97 127 142
P 77 152 175 79 128 157
P 71 153 71 183 121 76
P 72 153 89 164 122 91
P 73 153 108 146 123 105
P 74 153 127 127 124 119
P 75 153 145 108 125 134
P 76 153 164 90 126 148
P 71 154 79 175 120 82
P 72 154 97 156 121 97
P 73 154 116 138 122 111
P 74 154 134 119 123 125
P 75 154 153 101 124 140
P 76 154 171 82 125 154
P 71 155 86 167 119 88
P 72 155 105 149 120 103
P 73 155 123 130 121 117
P 74 155 142 112 122 131
P 75 155 161 93 123 146
P 70 156 75 178 117 80
P 71 156 94 160 118 94
P 72 156 112 141 119 108
P 73 156 131 122 120 123
P 74 156 150 104 121 137
P 75 156 168 85 122 152
P 70 157 83 171 116 86
P 71 157 102 152 117 100
P 72 157 120 133 118 114
P 73 157 139 115 119 129
P 74 157 157 96 120 143
P 69 158 72 181 114 77
P 70 158 91 163 115 92
P 71 158 109 144 116 106
P 72 158 128 126 117 120
P 73 158 146 107 118 135
P 74 158 165 88 119 149
P 69 159 80 174 113 83
P 70 159 98 155 114 98
P 71 159 117 137 115 112
P 72 159 136 118 116 126
P 73 159 154 99 117 141
P 74 159 173 81 118 155
P 69 160 87 166 112 89
P 70 160 106 147 113 103
P 71 160 125 129 114 118
P 72 160 143 110 115 132
P 73 160 162 92 116 147
P 68 161 77 177 110 81
P 69 161 95 158 111 95
P 70 161 114 140 112 109
P 71 161 132 121 113 124
P 72 161 151 103 114 138
P 73 161 169 84 115 153
P 68 162 84 169 109 87
P 69 162 103 151 110 101
P 70 162 121 132 111 115
P 71 162 140 113 112 130
P 72 162 159 95 113 144
P 68 163 92 162 108 93
P 69 163 111 143 109 107
P 70 163 129 124 110 121
P 71 163 148 106 111 136
P 72 163 166 87 112 150
P 67 164 81 172 106 84
P 68 164 100 154 107 99
P 69 164 118 135 108 113
P 70 164 137 117 109 127
P 71 164 155 98 110 142
P 67 165 89 165 105 90
P 68 165 107 146 106 104
P 69 165 126 128 107 119
P 70 165 144 109 108 133
P 71 165 163 90 109 148
P 67 166 96 157 104 96
P 68 166 115 138 105 110
P 69 166 134 120 106 125
P 70 166 152 101 107 139
P 66 167 86 168 102 88
P 67 167 104 149 103 102
P 68 167 123 131 104 116
P 69 167 141 112 105 131
P 70 167 160 94 106 145
P 66 168 93 160 101 94
P 67 168 112 142 102 108
P 68 168 130 123 103 122
P 69 168 149 104 104 137
P 65 169 82 171 99 85
P 66 169 101 153 100 100
P 67 169 119 134 101 114
P 68 169 138 115 102 128
P 69 169 157 97 103 143
P 65 170 90 163 98 91
P 66 170 109 145 99 105
P 67 170 127 126 100 120
P 68 170 146 108 101 134
P 69 170 164 89 102 149
P 65 171 98 156 97 97
P 66 171 116 137 98 111
P 67 171 135 119 99 126
P 68 171 153 100 100 140
P 64 172 87 167 95 89
P 65 172 105 148 96 103
P 66 172 124 129 97 117
P 67 172 142 111 98 132
P 68 172 161 92 99 146
P 64 173 94 159 94 95
P 65 173 113 140 95 109
P 66 173 132 122 96 123
P 67 173 150 103 97 138
P 64 174 102 151 93 100
P 65 174 121 133 94 115
P 66 174 139 114 95 129
P 67 174 158 96 96 144
P 63 175 91 162 91 92
P 64 175 110 144 92 106
P 65 175 128 125 93 121
P 66 175 147 106 94 135
P 63 176 99 154 90 98
P 64 176 117 136 91 112
P 65 176 136 117 92 127
P 66 176 155 99 93 141
P 63 177 107 147 89 104
P 64 177 125 128 90 118
P 65 177 144 110 91 133
P 62 178 96 158 87 96
P 63 178 114 139 88 110
P 64 178 133 121 89 124
P 65 178 151 102 90 139
P 62 179 103 150 86 101
P 63 179 122 131 87 116
P 64 179 141 113 88 130
P 61 180 92 161 84 93
P 62 180 111 142 85 107
P 63 180 130 124 86 122
P 64 180 148 105 87 136
P 61 181 100 153 83 99
P 62 181 119 135 84 113
P 63 181 137 116 85 128
P 64 181 156 97 86 142
P 61 182 108 145 82 105
P 62 182 126 127 83 119
P 63 182 145 108 84 134
P 60 183 97 156 80 97
P 61 183 115 138 81 111
P 62 183 134 119 82 125
P 63 183 153 101 83 140
P 60 184 105 149 79 102
P 61 184 123 130 80 117
P 62 184 142 112 81 131
P 60 185 112 141 78 108
P 61 185 131 122 79 123
P 62 185 149 104 80 137
P 59 186 101 152 76 100
P 60 186 120 133 77 114
P 61 186 139 115 78 129
P 59 187 109 144 75 106
P 60 187 128 126 76 120
P 61 187 146 107 77 135
P 59 188 117 137 74 112
P 60 188 135 118 75 126
P 58 189 106 147 72 103
P 59 189 124 129 73 118
P 60 189 143 110 74 132
P 58 190 114 140 71 109
P 59 190 132 121 72 124
P 57 191 103 151 69 101
P 58 191 121 132 70 115
P 59 191 140 113 71 130
P 57 192 110 143 68 107
P 58 192 129 124 69 121
P 59 192 147 106 70 136
P 57 193 118 135 67 113
P 58 193 137 117 68 127
P 56 194 107 146 65 104
P 57 194 126 128 66 119
P 58 194 144 109 67 133
P 56 195 115 138 64 110
P 57 195 133 120 65 125
P 56 196 122 131 63 116
P 57 196 141 112 64 131
P 55 197 112 142 61 108
P 56 197 130 123 62 122
P 55 198 119 134 60 114
P 56 198 138 115 61 128
P 54 199 108 145 58 105
P 55 199 127 126 59 120
P 54 200 116 137 57 111
P 55 200 135 119 58 126
P 54 201 124 129 56 117
P 53 202 113 140 54 109
P 54 202 131 122 55 123
P 53 203 120 133 53 115
P 54 203 139 114 54 129
P 53 204 128 125 52 121
P 52 205 117 136 50 112
P 53 205 136 117 51 127
P 52 206 125 128 49 118
P 52 207 133 120 48 124
P 51 208 122 131 46 116
P 51 209 129 124 45 122
P 50 210 119 135 43 113
P 50 211 126 127 42 119
P 49 213 123 130 39 117
P 49 214 131 122 38 123
P 48 216 127 126 35 120
