# depth buffer 320x240, 2 bytes per value, shared origin 0
# calibration: object z -> depth code, orthographic
C -1.0000000000 65535 190 54
C -0.9950000000 65371 190 54
C -0.9900000000 65207 190 54
C -0.9850000000 65043 190 54
C -0.9800000000 64880 190 54
C -0.9750000000 64716 190 54
C -0.9700000000 64552 190 54
C -0.9650000000 64388 190 54
C -0.9600000000 64224 190 54
C -0.9550000000 64060 190 54
C -0.9500000000 63897 190 54
C -0.9450000000 63733 190 54
C -0.9400000000 63569 190 54
C -0.9350000000 63405 190 54
C -0.9300000000 63241 190 54
C -0.9250000000 63077 190 54
C -0.9200000000 62914 190 54
C -0.9150000000 62750 190 54
C -0.9100000000 62586 190 54
C -0.9050000000 62422 190 54
C -0.9000000000 62258 190 54
C -0.8950000000 62094 190 54
C -0.8900000000 61931 190 54
C -0.8850000000 61767 190 54
C -0.8800000000 61603 190 54
C -0.8750000000 61439 190 54
C -0.8700000000 61275 190 54
C -0.8650000000 61111 190 54
C -0.8600000000 60948 190 54
C -0.8550000000 60784 190 54
C -0.8500000000 60620 190 54
C -0.8450000000 60456 190 54
C -0.8400000000 60292 190 54
C -0.8350000000 60128 190 54
C -0.8300000000 59965 190 54
C -0.8250000000 59801 190 54
C -0.8200000000 59637 190 54
C -0.8150000000 59473 190 54
C -0.8100000000 59309 190 54
C -0.8050000000 59145 190 54
C -0.8000000000 58982 190 54
C -0.7950000000 58818 190 54
C -0.7900000000 58654 190 54
C -0.7850000000 58490 190 54
C -0.7800000000 58326 190 54
C -0.7750000000 58162 190 54
C -0.7700000000 57998 190 54
C -0.7650000000 57835 190 54
C -0.7600000000 57671 190 54
C -0.7550000000 57507 190 54
C -0.7500000000 57343 190 54
C -0.7450000000 57179 190 54
C -0.7400000000 57015 190 54
C -0.7350000000 56852 190 54
C -0.7300000000 56688 190 54
C -0.7250000000 56524 190 54
C -0.7200000000 56360 190 54
C -0.7150000000 56196 190 54
C -0.7100000000 56032 190 54
C -0.7050000000 55869 190 54
C -0.7000000000 55705 190 54
C -0.6950000000 55541 190 54
C -0.6900000000 55377 190 54
C -0.6850000000 55213 190 54
C -0.6800000000 55049 190 54
C -0.6750000000 54886 190 54
C -0.6700000000 54722 190 54
C -0.6650000000 54558 190 54
C -0.6600000000 54394 190 54
C -0.6550000000 54230 190 54
C -0.6500000000 54066 190 54
C -0.6450000000 53903 190 54
C -0.6400000000 53739 190 54
C -0.6350000000 53575 190 54
C -0.6300000000 53411 190 54
C -0.6250000000 53247 190 54
C -0.6200000000 53083 190 54
C -0.6150000000 52920 190 54
C -0.6100000000 52756 190 54
C -0.6050000000 52592 190 54
C -0.6000000000 52428 190 54
C -0.5950000000 52264 190 54
C -0.5900000000 52100 190 54
C -0.5850000000 51936 190 54
C -0.5800000000 51773 190 54
C -0.5750000000 51609 190 54
C -0.5700000000 51445 190 54
C -0.5650000000 51281 190 54
C -0.5600000000 51117 190 54
C -0.5550000000 50953 190 54
C -0.5500000000 50790 190 54
C -0.5450000000 50626 190 54
C -0.5400000000 50462 190 54
C -0.5350000000 50298 190 54
C -0.5300000000 50134 190 54
C -0.5250000000 49970 190 54
C -0.5200000000 49807 190 54
C -0.5150000000 49643 190 54
C -0.5100000000 49479 190 54
C -0.5050000000 49315 190 54
C -0.5000000000 49151 190 54
C -0.4950000000 48987 190 54
C -0.4900000000 48824 190 54
C -0.4850000000 48660 190 54
C -0.4800000000 48496 190 54
C -0.4750000000 48332 190 54
C -0.4700000000 48168 190 54
C -0.4650000000 48004 190 54
C -0.4600000000 47841 190 54
C -0.4550000000 47677 190 54
C -0.4500000000 47513 190 54
C -0.4450000000 47349 190 54
C -0.4400000000 47185 190 54
C -0.4350000000 47021 190 54
C -0.4300000000 46858 190 54
C -0.4250000000 46694 190 54
C -0.4200000000 46530 190 54
C -0.4150000000 46366 190 54
C -0.4100000000 46202 190 54
C -0.4050000000 46038 190 54
C -0.4000000000 45875 190 54
C -0.3950000000 45711 190 54
C -0.3900000000 45547 190 54
C -0.3850000000 45383 190 54
C -0.3800000000 45219 190 54
C -0.3750000000 45055 190 54
C -0.3700000000 44891 190 54
C -0.3650000000 44728 190 54
C -0.3600000000 44564 190 54
C -0.3550000000 44400 190 54
C -0.3500000000 44236 190 54
C -0.3450000000 44072 190 54
C -0.3400000000 43908 190 54
C -0.3350000000 43745 190 54
C -0.3300000000 43581 190 54
C -0.3250000000 43417 190 54
C -0.3200000000 43253 190 54
C -0.3150000000 43089 190 54
C -0.3100000000 42925 190 54
C -0.3050000000 42762 190 54
C -0.3000000000 42598 190 54
C -0.2950000000 42434 190 54
C -0.2900000000 42270 190 54
C -0.2850000000 42106 190 54
C -0.2800000000 41942 190 54
C -0.2750000000 41779 190 54
C -0.2700000000 41615 190 54
C -0.2650000000 41451 190 54
C -0.2600000000 41287 190 54
C -0.2550000000 41123 190 54
C -0.2500000000 40959 190 54
C -0.2450000000 40796 190 54
C -0.2400000000 40632 190 54
C -0.2350000000 40468 190 54
C -0.2300000000 40304 190 54
C -0.2250000000 40140 190 54
C -0.2200000000 39976 190 54
C -0.2150000000 39813 190 54
C -0.2100000000 39649 190 54
C -0.2050000000 39485 190 54
C -0.2000000000 39321 190 54
C -0.1950000000 39157 190 54
C -0.1900000000 38993 190 54
C -0.1850000000 38829 190 54
C -0.1800000000 38666 190 54
C -0.1750000000 38502 190 54
C -0.1700000000 38338 190 54
C -0.1650000000 38174 190 54
C -0.1600000000 38010 190 54
C -0.1550000000 37846 190 54
C -0.1500000000 37683 190 54
C -0.1450000000 37519 190 54
C -0.1400000000 37355 190 54
C -0.1350000000 37191 190 54
C -0.1300000000 37027 190 54
C -0.1250000000 36863 190 54
C -0.1200000000 36700 190 54
C -0.1150000000 36536 190 54
C -0.1100000000 36372 190 54
C -0.1050000000 36208 190 54
C -0.1000000000 36044 190 54
C -0.0950000000 35880 190 54
C -0.0900000000 35717 190 54
C -0.0850000000 35553 190 54
C -0.0800000000 35389 190 54
C -0.0750000000 35225 190 54
C -0.0700000000 35061 190 54
C -0.0650000000 34897 190 54
C -0.0600000000 34734 190 54
C -0.0550000000 34570 190 54
C -0.0500000000 34406 190 54
C -0.0450000000 34242 190 54
C -0.0400000000 34078 190 54
C -0.0350000000 33914 190 54
C -0.0300000000 33751 190 54
C -0.0250000000 33587 190 54
C -0.0200000000 33423 190 54
C -0.0150000000 33259 190 54
C -0.0100000000 33095 190 54
C -0.0050000000 32931 190 54
C 0.0000000000 32768 190 54
C 0.0050000000 32604 190 54
C 0.0100000000 32440 190 54
C 0.0150000000 32276 190 54
C 0.0200000000 32112 190 54
C 0.0250000000 31948 190 54
C 0.0300000000 31784 190 54
C 0.0350000000 31621 190 54
C 0.0400000000 31457 190 54
C 0.0450000000 31293 190 54
C 0.0500000000 31129 190 54
C 0.0550000000 30965 190 54
C 0.0600000000 30801 190 54
C 0.0650000000 30638 190 54
C 0.0700000000 30474 190 54
C 0.0750000000 30310 190 54
C 0.0800000000 30146 190 54
C 0.0850000000 29982 190 54
C 0.0900000000 29818 190 54
C 0.0950000000 29655 190 54
C 0.1000000000 29491 190 54
C 0.1050000000 29327 190 54
C 0.1100000000 29163 190 54
C 0.1150000000 28999 190 54
C 0.1200000000 28835 190 54
C 0.1250000000 28672 190 54
C 0.1300000000 28508 190 54
C 0.1350000000 28344 190 54
C 0.1400000000 28180 190 54
C 0.1450000000 28016 190 54
C 0.1500000000 27852 190 54
C 0.1550000000 27689 190 54
C 0.1600000000 27525 190 54
C 0.1650000000 27361 190 54
C 0.1700000000 27197 190 54
C 0.1750000000 27033 190 54
C 0.1800000000 26869 190 54
C 0.1850000000 26706 190 54
C 0.1900000000 26542 190 54
C 0.1950000000 26378 190 54
C 0.2000000000 26214 190 54
C 0.2050000000 26050 190 54
C 0.2100000000 25886 190 54
C 0.2150000000 25722 190 54
C 0.2200000000 25559 190 54
C 0.2250000000 25395 190 54
C 0.2300000000 25231 190 54
C 0.2350000000 25067 190 54
C 0.2400000000 24903 190 54
C 0.2450000000 24739 190 54
C 0.2500000000 24576 190 54
C 0.2550000000 24412 190 54
C 0.2600000000 24248 190 54
C 0.2650000000 24084 190 54
C 0.2700000000 23920 190 54
C 0.2750000000 23756 190 54
C 0.2800000000 23593 190 54
C 0.2850000000 23429 190 54
C 0.2900000000 23265 190 54
C 0.2950000000 23101 190 54
C 0.3000000000 22937 190 54
C 0.3050000000 22773 190 54
C 0.3100000000 22610 190 54
C 0.3150000000 22446 190 54
C 0.3200000000 22282 190 54
C 0.3250000000 22118 190 54
C 0.3300000000 21954 190 54
C 0.3350000000 21790 190 54
C 0.3400000000 21627 190 54
C 0.3450000000 21463 190 54
C 0.3500000000 21299 190 54
C 0.3550000000 21135 190 54
C 0.3600000000 20971 190 54
C 0.3650000000 20807 190 54
C 0.3700000000 20644 190 54
C 0.3750000000 20480 190 54
C 0.3800000000 20316 190 54
C 0.3850000000 20152 190 54
C 0.3900000000 19988 190 54
C 0.3950000000 19824 190 54
C 0.4000000000 19661 190 54
C 0.4050000000 19497 190 54
C 0.4100000000 19333 190 54
C 0.4150000000 19169 190 54
C 0.4200000000 19005 190 54
C 0.4250000000 18841 190 54
C 0.4300000000 18677 190 54
C 0.4350000000 18514 190 54
C 0.4400000000 18350 190 54
C 0.4450000000 18186 190 54
C 0.4500000000 18022 190 54
C 0.4550000000 17858 190 54
C 0.4600000000 17694 190 54
C 0.4650000000 17531 190 54
C 0.4700000000 17367 190 54
C 0.4750000000 17203 190 54
C 0.4800000000 17039 190 54
C 0.4850000000 16875 190 54
C 0.4900000000 16711 190 54
C 0.4950000000 16548 190 54
C 0.5000000000 16384 190 54
C 0.5050000000 16220 190 54
C 0.5100000000 16056 190 54
C 0.5150000000 15892 190 54
C 0.5200000000 15728 190 54
C 0.5250000000 15565 190 54
C 0.5300000000 15401 190 54
C 0.5350000000 15237 190 54
C 0.5400000000 15073 190 54
C 0.5450000000 14909 190 54
C 0.5500000000 14745 190 54
C 0.5550000000 14582 190 54
C 0.5600000000 14418 190 54
C 0.5650000000 14254 190 54
C 0.5700000000 14090 190 54
C 0.5750000000 13926 190 54
C 0.5800000000 13762 190 54
C 0.5850000000 13599 190 54
C 0.5900000000 13435 190 54
C 0.5950000000 13271 190 54
C 0.6000000000 13107 190 54
C 0.6050000000 12943 190 54
C 0.6100000000 12779 190 54
C 0.6150000000 12615 190 54
C 0.6200000000 12452 190 54
C 0.6250000000 12288 190 54
C 0.6300000000 12124 190 54
C 0.6350000000 11960 190 54
C 0.6400000000 11796 190 54
C 0.6450000000 11632 190 54
C 0.6500000000 11469 190 54
C 0.6550000000 11305 190 54
C 0.6600000000 11141 190 54
C 0.6650000000 10977 190 54
C 0.6700000000 10813 190 54
C 0.6750000000 10649 190 54
C 0.6800000000 10486 190 54
C 0.6850000000 10322 190 54
C 0.6900000000 10158 190 54
C 0.6950000000 9994 190 54
C 0.7000000000 9830 190 54
C 0.7050000000 9666 190 54
C 0.7100000000 9503 190 54
C 0.7150000000 9339 190 54
C 0.7200000000 9175 190 54
C 0.7250000000 9011 190 54
C 0.7300000000 8847 190 54
C 0.7350000000 8683 190 54
C 0.7400000000 8520 190 54
C 0.7450000000 8356 190 54
C 0.7500000000 8192 190 54
C 0.7550000000 8028 190 54
C 0.7600000000 7864 190 54
C 0.7650000000 7700 190 54
C 0.7700000000 7537 190 54
C 0.7750000000 7373 190 54
C 0.7800000000 7209 190 54
C 0.7850000000 7045 190 54
C 0.7900000000 6881 190 54
C 0.7950000000 6717 190 54
C 0.8000000000 6553 190 54
C 0.8050000000 6390 190 54
C 0.8100000000 6226 190 54
C 0.8150000000 6062 190 54
C 0.8200000000 5898 190 54
C 0.8250000000 5734 190 54
C 0.8300000000 5570 190 54
C 0.8350000000 5407 190 54
C 0.8400000000 5243 190 54
C 0.8450000000 5079 190 54
C 0.8500000000 4915 190 54
C 0.8550000000 4751 190 54
C 0.8600000000 4587 190 54
C 0.8650000000 4424 190 54
C 0.8700000000 4260 190 54
C 0.8750000000 4096 190 54
C 0.8800000000 3932 190 54
C 0.8850000000 3768 190 54
C 0.8900000000 3604 190 54
C 0.8950000000 3441 190 54
C 0.9000000000 3277 190 54
C 0.9050000000 3113 190 54
C 0.9100000000 2949 190 54
C 0.9150000000 2785 190 54
C 0.9200000000 2621 190 54
C 0.9250000000 2458 190 54
C 0.9300000000 2294 190 54
C 0.9350000000 2130 190 54
C 0.9400000000 1966 190 54
C 0.9450000000 1802 190 54
C 0.9500000000 1638 190 54
C 0.9550000000 1475 190 54
C 0.9600000000 1311 190 54
C 0.9650000000 1147 190 54
C 0.9700000000 983 190 54
C 0.9750000000 819 190 54
C 0.9800000000 655 190 54
C 0.9850000000 492 190 54
C 0.9900000000 328 190 54
C 0.9950000000 164 190 54
C 1.0000000000 0 190 54
