# surface 320x240  origin 4194304
Z 0 0.000000
Z 337 337.000702
Z 674 673.999451
Z 1011 1011.000183
Z 1348 1348.000854
Z 1685 1684.999634
Z 2022 2022.000366
Z 2359 2358.999268
Z 2696 2695.999756
Z 3033 3033.000488
Z 3370 3369.999268
Z 3707 3707.000000
Z 4044 4044.000732
Z 4381 4380.999512
Z 4718 4718.000488
Z 5055 5054.999023
Z 5392 5391.999512
Z 5729 5729.000488
Z 6066 6065.999023
Z 6403 6403.000000
Z 6740 6740.000488
Z 7077 7076.999512
Z 7414 7414.000000
Z 7751 7751.000977
Z 8088 8087.999512
Z 8425 8425.000000
Z 8762 8761.999023
Z 9099 9099.000000
Z 9436 9436.000977
Z 9773 9772.999023
Z 10110 10110.000000
Z 10447 10447.000977
Z 10784 10783.999023
Z 11121 11121.000000
Z 11458 11458.000977
Z 11795 11795.000000
Z 12132 12132.000000
Z 12469 12468.999023
Z 12806 12806.000000
Z 13143 13143.000977
Z 13480 13479.999023
Z 13817 13817.000000
Z 14154 14154.000977
Z 14491 14491.000000
Z 14828 14828.000000
Z 15165 15164.999023
Z 15502 15502.000000
Z 15839 15839.000977
Z 16176 16175.999023
Z 16513 16513.000000
Z 16850 16850.000000
Z 17187 17187.000000
Z 17524 17524.000000
Z 17861 17861.000000
Z 18198 18198.000000
Z 18535 18535.000000
Z 18872 18872.000000
Z 19209 19209.000000
Z 19546 19546.000000
Z 19883 19883.000000
Z 20220 20220.000000
Z 20557 20557.000000
Z 20894 20894.000000
Z 21231 21231.000000
Z 21568 21568.000000
Z 21905 21905.000000
Z 22242 22242.000000
Z 22579 22579.000000
Z 22916 22916.000000
Z 23253 23253.000000
Z 23590 23590.000000
Z 23927 23927.000000
Z 24264 24264.000000
Z 24601 24601.000000
Z 24938 24938.000000
Z 25275 25275.000000
Z 25612 25612.000000
Z 25949 25949.000000
Z 26286 26286.000000
Z 26623 26623.000000
Z 26960 26960.000000
Z 27297 27297.000000
Z 27634 27634.000000
Z 27971 27971.000000
Z 28308 28308.000000
Z 28645 28645.000000
Z 28982 28982.000000
Z 29319 29319.000000
Z 29656 29656.000000
Z 29993 29993.000000
Z 30330 30330.000000
Z 30667 30667.000000
Z 31004 31004.000000
Z 31341 31341.000000
Z 31678 31678.000000
Z 32015 32015.000000
Z 32352 32352.000000
Z 32689 32689.000000
Z 33026 33026.000000
Z 33363 33363.000000
Z 33700 33700.000000
Z 34037 34037.000000
Z 34374 34374.000000
Z 34711 34711.000000
Z 35048 35048.000000
Z 35385 35385.000000
Z 35722 35722.000000
Z 36059 36059.000000
Z 36396 36396.000000
Z 36733 36733.000000
Z 37070 37070.000000
Z 37407 37407.000000
Z 37744 37744.000000
Z 38081 38081.000000
Z 38418 38418.000000
Z 38755 38755.000000
Z 39092 39092.000000
Z 39429 39429.000000
Z 39766 39766.000000
Z 40103 40103.000000
Z 40440 40440.000000
Z 40777 40777.000000
Z 41114 41114.000000
Z 41451 41451.000000
Z 41788 41788.000000
Z 42125 42125.000000
Z 42462 42462.000000
Z 42799 42799.000000
Z 43136 43136.000000
Z 43473 43473.000000
Z 43810 43810.000000
Z 44147 44147.000000
Z 44484 44484.000000
Z 44821 44821.000000
Z 45158 45158.000000
Z 45495 45495.000000
Z 45832 45832.000000
Z 46169 46169.000000
Z 46506 46506.000000
Z 46843 46843.000000
Z 47180 47180.000000
Z 47517 47517.000000
Z 47854 47854.000000
Z 48191 48191.000000
Z 48528 48528.000000
Z 48865 48865.000000
Z 49202 49202.000000
Z 49539 49539.000000
Z 49876 49876.000000
Z 50213 50213.000000
Z 50550 50550.000000
Z 50887 50887.000000
Z 51224 51224.000000
Z 51561 51561.000000
Z 51898 51898.000000
Z 52235 52235.000000
Z 52572 52572.000000
Z 52909 52909.000000
Z 53246 53246.000000
Z 53583 53583.000000
Z 53920 53920.000000
Z 54257 54257.000000
Z 54594 54594.000000
Z 54931 54931.000000
Z 55268 55268.000000
Z 55605 55605.000000
Z 55942 55942.000000
Z 56279 56279.000000
Z 56616 56616.000000
Z 56953 56953.000000
Z 57290 57290.000000
Z 57627 57627.000000
Z 57964 57964.000000
Z 58301 58301.000000
Z 58638 58638.000000
Z 58975 58975.000000
Z 59312 59312.000000
Z 59649 59649.000000
Z 59986 59986.000000
Z 60323 60323.000000
Z 60660 60660.000000
Z 60997 60997.000000
Z 61334 61334.000000
Z 61671 61671.000000
Z 62008 62008.000000
Z 62345 62345.000000
Z 62682 62682.000000
Z 63019 63019.000000
Z 63356 63356.000000
Z 63693 63693.000000
Z 64030 64030.000000
Z 64367 64367.000000
Z 64704 64704.000000
Z 65041 65041.000000
Z 65378 65378.000000
F 40.00300000000000011 40.00299453735351563 60 60.00000381469726563
F 40.01862500000000011 40.01862335205078125 60.02702702702702453 60.02703094482421875
F 40.03425000000000011 40.03424835205078125 60.05405405405405617 60.05405807495117188
F 40.04987500000000011 40.04987716674804688 60.0810810810810807 60.081085205078125
F 40.06550000000000011 40.06549835205078125 60.10810810810810523 60.10811233520507813
F 40.08112500000000011 40.08111953735351563 60.13513513513513686 60.13513946533203125
F 40.09675000000000011 40.09674835205078125 60.16216216216216139 60.16216659545898438
F 40.11237500000000011 40.11237335205078125 60.18918918918918592 60.1891937255859375
F 40.12800000000000011 40.12800216674804688 60.21621621621621756 60.21622085571289063
F 40.14362500000000011 40.14362335205078125 60.24324324324324209 60.24324798583984375
F 40.15925000000000011 40.15924453735351563 60.27027027027027373 60.27027511596679688
F 40.17487500000000011 40.17487335205078125 60.29729729729729826 60.29730224609375
F 40.19050000000000011 40.19049835205078125 60.32432432432432279 60.32432937622070313
F 40.20612500000000011 40.20612716674804688 60.35135135135135442 60.35135650634765625
F 40.22175000000000011 40.22174835205078125 60.37837837837837895 60.37838363647460938
F 40.23737500000000011 40.23736953735351563 60.40540540540540349 60.4054107666015625
F 40.25300000000000011 40.25299835205078125 60.43243243243243512 60.43243789672851563
F 40.26862500000000011 40.26862335205078125 60.45945945945945965 60.45946502685546875
F 40.28425000000000011 40.28425216674804688 60.48648648648648418 60.48649215698242188
F 40.29987500000000011 40.29987335205078125 60.51351351351351582 60.51351547241210938
F 40.31550000000000011 40.31549453735351563 60.54054054054054035 60.54053878784179688
F 40.33112500000000011 40.33112335205078125 60.56756756756756488 60.56756973266601563
F 40.34675000000000011 40.34674835205078125 60.59459459459459651 60.59459686279296875
F 40.36237500000000011 40.36237716674804688 60.62162162162162105 60.62162017822265625
F 40.37800000000000011 40.37799835205078125 60.64864864864864558 60.648651123046875
F 40.39362500000000011 40.39361953735351563 60.67567567567567721 60.67567825317382813
F 40.40925000000000011 40.40924835205078125 60.70270270270270174 60.70270156860351563
F 40.42487500000000011 40.42487335205078125 60.72972972972972627 60.72973251342773438
F 40.44050000000000011 40.44050216674804688 60.75675675675675791 60.7567596435546875
F 40.45612500000000011 40.45612335205078125 60.78378378378378244 60.783782958984375
F 40.47175000000000011 40.47174453735351563 60.81081081081081408 60.81081390380859375
F 40.48737500000000011 40.48737335205078125 60.83783783783783861 60.83784103393554688
F 40.50300000000000011 40.50299835205078125 60.86486486486486314 60.86486434936523438
F 40.51862500000000011 40.51862716674804688 60.89189189189189477 60.89189529418945313
F 40.53425000000000011 40.53424835205078125 60.9189189189189193 60.91892242431640625
F 40.54987500000000011 40.54986953735351563 60.94594594594594383 60.94594573974609375
F 40.56550000000000011 40.56549835205078125 60.97297297297297547 60.9729766845703125
F 40.58112500000000011 40.58112335205078125 61 61.00000381469726563
F 40.59675000000000011 40.59675216674804688 61.02702702702702453 61.02702713012695313
F 40.61237500000000011 40.61237335205078125 61.05405405405405617 61.05405807495117188
F 40.62800000000000011 40.62799453735351563 61.0810810810810807 61.081085205078125
F 40.64362500000000011 40.64362335205078125 61.10810810810810523 61.1081085205078125
F 40.65925000000000011 40.65924835205078125 61.13513513513513686 61.13513946533203125
F 40.67487500000000011 40.67487716674804688 61.16216216216216139 61.16216659545898438
F 40.69050000000000011 40.69049835205078125 61.18918918918918592 61.18918991088867188
F 40.70612500000000011 40.70611953735351563 61.21621621621621756 61.21622085571289063
F 40.72175000000000011 40.72174835205078125 61.24324324324324209 61.24324798583984375
F 40.73737500000000011 40.73737335205078125 61.27027027027027373 61.27027130126953125
F 40.75300000000000011 40.75300216674804688 61.29729729729729826 61.29730224609375
F 40.76862500000000011 40.76862335205078125 61.32432432432432279 61.32432937622070313
F 40.78425000000000011 40.78424453735351563 61.35135135135135442 61.35135269165039063
F 40.79987500000000011 40.79987335205078125 61.37837837837837895 61.37838363647460938
F 40.81550000000000011 40.81549835205078125 61.40540540540540349 61.4054107666015625
F 40.83112500000000011 40.83112716674804688 61.43243243243243512 61.43243408203125
F 40.84675000000000011 40.84674835205078125 61.45945945945945965 61.45946502685546875
F 40.86237500000000011 40.86236953735351563 61.48648648648648418 61.48649215698242188
F 40.87800000000000011 40.87799835205078125 61.51351351351351582 61.51351165771484375
F 40.89362500000000011 40.89362335205078125 61.54054054054054035 61.5405426025390625
F 40.90925000000000011 40.90925216674804688 61.56756756756756488 61.56756973266601563
F 40.92487500000000011 40.92487335205078125 61.59459459459459651 61.59459304809570313
F 40.94050000000000011 40.94049453735351563 61.62162162162162105 61.62162399291992188
F 40.95612500000000011 40.95612335205078125 61.64864864864864558 61.648651123046875
F 40.97175000000000011 40.97174835205078125 61.67567567567567721 61.6756744384765625
F 40.98737500000000011 40.98737716674804688 61.70270270270270174 61.70270538330078125
# viewport 0 0 320 240
C 0 0 0.000000000 0.000000000
C 0 1 1.000003815 0.999999046
C 0 2 1.999998093 1.999998093
C 0 3 3.000001907 2.999997139
C 0 4 3.999996185 4.000003338
C 0 5 5.000000000 5.000002384
C 0 6 6.000003815 6.000001431
C 0 7 6.999998093 7.000000477
C 0 8 8.000001907 7.999999523
C 0 9 8.999996185 8.999998093
C 0 10 10.000000000 9.999998093
C 0 11 11.000003815 11.000003815
C 0 12 11.999998093 12.000002861
C 0 13 13.000001907 13.000001907
C 0 14 13.999996185 14.000000954
C 0 15 15.000000000 15.000000000
C 0 16 16.000003815 15.999999046
C 0 17 16.999998093 16.999998093
C 0 18 18.000001907 18.000003815
C 0 19 18.999996185 19.000003815
C 0 20 20.000000000 20.000001907
C 0 21 21.000003815 21.000001907
C 0 22 21.999998093 22.000000000
C 0 23 23.000001907 23.000000000
C 0 24 23.999996185 23.999998093
C 0 25 25.000000000 25.000003815
C 0 26 26.000003815 26.000003815
C 0 27 26.999998093 27.000003815
C 0 28 28.000001907 28.000001907
C 0 29 28.999996185 29.000000000
C 0 30 30.000000000 30.000000000
C 0 31 31.000003815 31.000000000
C 0 32 31.999998093 31.999998093
C 0 33 33.000000000 33.000003815
C 0 34 33.999996185 34.000003815
C 0 35 35.000000000 35.000003815
C 0 36 36.000003815 36.000000000
C 0 37 37.000000000 37.000000000
C 0 38 38.000000000 38.000000000
C 0 39 38.999996185 39.000000000
C 0 40 40.000000000 40.000003815
C 0 41 41.000003815 41.000003815
C 0 42 42.000000000 42.000003815
C 0 43 43.000000000 43.000000000
C 0 44 43.999996185 44.000000000
C 0 45 45.000000000 45.000000000
C 0 46 46.000003815 46.000000000
C 0 47 47.000000000 47.000003815
C 0 48 48.000000000 48.000003815
C 0 49 48.999996185 49.000003815
C 0 50 50.000000000 50.000003815
C 0 51 51.000003815 51.000000000
C 0 52 52.000000000 52.000000000
C 0 53 53.000000000 53.000000000
C 0 54 53.999996185 54.000007629
C 0 55 55.000000000 55.000003815
C 0 56 56.000003815 56.000003815
C 0 57 57.000000000 57.000003815
C 0 58 58.000000000 58.000000000
C 0 59 58.999996185 59.000000000
C 0 60 60.000000000 60.000003815
C 0 61 61.000003815 61.000003815
C 0 62 62.000000000 62.000000000
C 0 63 63.000000000 63.000003815
C 0 64 63.999996185 64.000000000
C 0 65 65.000000000 65.000000000
C 0 66 66.000000000 66.000007629
C 0 67 67.000000000 67.000007629
C 0 68 68.000000000 68.000000000
C 0 69 69.000007629 69.000000000
C 0 70 70.000000000 70.000007629
C 0 71 71.000000000 71.000000000
C 0 72 72.000000000 72.000000000
C 0 73 73.000000000 73.000007629
C 0 74 74.000007629 74.000007629
C 0 75 75.000000000 75.000000000
C 0 76 76.000000000 76.000000000
C 0 77 77.000000000 77.000007629
C 0 78 78.000000000 78.000007629
C 0 79 79.000007629 79.000000000
C 0 80 80.000000000 80.000000000
C 0 81 81.000000000 81.000007629
C 0 82 82.000000000 82.000007629
C 0 83 83.000000000 83.000000000
C 0 84 84.000000000 84.000007629
C 0 85 85.000000000 85.000007629
C 0 86 86.000000000 86.000000000
C 0 87 87.000000000 87.000000000
C 0 88 88.000000000 88.000007629
C 0 89 89.000000000 89.000007629
C 0 90 90.000000000 90.000007629
C 0 91 91.000000000 91.000007629
C 0 92 92.000000000 92.000007629
C 0 93 93.000000000 93.000007629
C 0 94 94.000000000 94.000007629
C 0 95 95.000000000 95.000007629
C 0 96 96.000000000 96.000007629
C 0 97 97.000000000 97.000007629
C 0 98 98.000000000 98.000007629
C 0 99 99.000000000 99.000007629
C 0 100 100.000000000 100.000007629
C 0 101 101.000000000 101.000007629
C 0 102 102.000000000 102.000007629
C 0 103 103.000000000 103.000007629
C 0 104 104.000000000 104.000007629
C 0 105 105.000000000 105.000007629
C 0 106 106.000000000 106.000007629
C 0 107 107.000000000 107.000007629
C 0 108 108.000000000 108.000007629
C 0 109 109.000000000 109.000007629
C 0 110 110.000000000 110.000007629
C 0 111 111.000000000 111.000007629
C 0 112 112.000000000 112.000007629
C 0 113 113.000000000 113.000007629
C 0 114 114.000000000 114.000007629
C 0 115 115.000000000 115.000007629
C 0 116 116.000000000 116.000007629
C 0 117 117.000000000 117.000007629
C 0 118 118.000000000 118.000007629
C 0 119 119.000000000 119.000007629
C 0 120 120.000000000 120.000007629
C 0 121 121.000000000 121.000007629
C 0 122 122.000000000 122.000007629
C 0 123 123.000000000 123.000007629
C 0 124 124.000000000 124.000007629
C 0 125 125.000000000 125.000007629
C 0 126 126.000000000 126.000007629
C 0 127 127.000000000 127.000007629
C 0 128 128.000000000 128.000000000
C 0 129 129.000000000 129.000000000
C 0 130 130.000000000 130.000000000
C 0 131 131.000000000 131.000000000
C 0 132 132.000000000 132.000000000
C 0 133 133.000000000 133.000000000
C 0 134 134.000000000 134.000000000
C 0 135 135.000000000 135.000000000
C 0 136 136.000000000 136.000000000
C 0 137 137.000000000 137.000000000
C 0 138 138.000000000 138.000015259
C 0 139 139.000000000 139.000000000
C 0 140 140.000000000 140.000015259
C 0 141 141.000000000 141.000000000
C 0 142 142.000000000 142.000000000
C 0 143 143.000000000 143.000000000
C 0 144 144.000000000 144.000000000
C 0 145 145.000000000 145.000015259
C 0 146 146.000000000 146.000000000
C 0 147 147.000000000 147.000015259
C 0 148 148.000000000 148.000000000
C 0 149 149.000000000 149.000015259
C 0 150 150.000000000 150.000000000
C 0 151 151.000000000 151.000000000
C 0 152 152.000000000 152.000015259
C 0 153 153.000000000 153.000015259
C 0 154 154.000000000 154.000000000
C 0 155 155.000000000 155.000015259
C 0 156 156.000000000 156.000015259
C 0 157 157.000000000 157.000000000
C 0 158 158.000000000 158.000000000
C 0 159 159.000000000 159.000015259
C 0 160 160.000000000 160.000015259
C 0 161 161.000000000 161.000000000
C 0 162 162.000000000 162.000015259
C 0 163 163.000000000 163.000015259
C 0 164 164.000000000 164.000015259
C 0 165 165.000000000 165.000000000
C 0 166 166.000000000 166.000015259
C 0 167 167.000000000 167.000015259
C 0 168 168.000000000 168.000015259
C 0 169 169.000000000 169.000015259
C 0 170 170.000000000 170.000015259
C 0 171 171.000000000 171.000015259
C 0 172 172.000000000 172.000000000
C 0 173 173.000000000 173.000015259
C 0 174 174.000000000 174.000015259
C 0 175 175.000000000 175.000015259
C 0 176 176.000000000 176.000015259
C 0 177 177.000000000 177.000015259
C 0 178 178.000000000 178.000015259
C 0 179 179.000000000 179.000015259
C 0 180 180.000000000 180.000000000
C 0 181 181.000000000 181.000000000
C 0 182 182.000000000 182.000015259
C 0 183 183.000000000 183.000015259
C 0 184 184.000000000 184.000015259
C 0 185 185.000000000 185.000015259
C 0 186 186.000000000 186.000015259
C 0 187 187.000000000 187.000000000
C 0 188 188.000000000 188.000000000
C 0 189 189.000000000 189.000015259
C 0 190 190.000000000 190.000015259
C 0 191 191.000000000 191.000015259
C 0 192 192.000000000 192.000015259
C 0 193 193.000000000 193.000015259
C 0 194 194.000000000 194.000015259
C 0 195 195.000000000 195.000000000
C 0 196 196.000000000 196.000015259
C 0 197 197.000000000 197.000015259
C 0 198 198.000000000 198.000015259
C 0 199 199.000000000 199.000015259
C 0 200 200.000000000 200.000015259
C 0 201 201.000000000 201.000015259
C 0 202 202.000000000 202.000000000
C 0 203 203.000000000 203.000015259
C 0 204 204.000000000 204.000015259
C 0 205 205.000000000 205.000015259
C 0 206 206.000000000 206.000015259
C 0 207 207.000000000 207.000015259
C 0 208 208.000000000 208.000015259
C 0 209 209.000000000 209.000015259
C 0 210 210.000000000 210.000015259
C 0 211 211.000000000 211.000015259
C 0 212 212.000000000 212.000015259
C 0 213 213.000000000 213.000015259
C 0 214 214.000000000 214.000015259
C 0 215 215.000000000 215.000015259
C 0 216 216.000000000 216.000015259
C 0 217 217.000000000 217.000015259
C 0 218 218.000000000 218.000015259
C 0 219 219.000000000 219.000015259
C 0 220 220.000000000 220.000015259
C 0 221 221.000000000 221.000015259
C 0 222 222.000000000 222.000015259
C 0 223 223.000000000 223.000015259
C 0 224 224.000000000 224.000015259
C 0 225 225.000000000 225.000015259
C 0 226 226.000000000 226.000015259
C 0 227 227.000000000 227.000015259
C 0 228 228.000000000 228.000015259
C 0 229 229.000000000 229.000015259
C 0 230 230.000000000 230.000015259
C 0 231 231.000000000 231.000015259
C 0 232 232.000000000 232.000015259
C 0 233 233.000000000 233.000015259
C 0 234 234.000000000 234.000015259
C 0 235 235.000000000 235.000015259
C 0 236 236.000000000 236.000015259
C 0 237 237.000000000 237.000015259
C 0 238 238.000000000 238.000015259
C 0 239 239.000000000 239.000015259
C 0 240 240.000000000 0.000000000
C 0 241 241.000000000 0.000000000
C 0 242 242.000000000 0.000000000
C 0 243 243.000000000 0.000000000
C 0 244 244.000000000 0.000000000
C 0 245 245.000000000 0.000000000
C 0 246 246.000000000 0.000000000
C 0 247 247.000000000 0.000000000
C 0 248 248.000000000 0.000000000
C 0 249 249.000000000 0.000000000
C 0 250 250.000000000 0.000000000
C 0 251 251.000000000 0.000000000
C 0 252 252.000000000 0.000000000
C 0 253 253.000000000 0.000000000
C 0 254 254.000000000 0.000000000
C 0 255 255.000000000 0.000000000
C 0 256 256.000000000 0.000000000
C 0 257 257.000000000 0.000000000
C 0 258 258.000000000 0.000000000
C 0 259 259.000000000 0.000000000
C 0 260 260.000000000 0.000000000
C 0 261 261.000000000 0.000000000
C 0 262 262.000000000 0.000000000
C 0 263 263.000000000 0.000000000
C 0 264 264.000000000 0.000000000
C 0 265 265.000000000 0.000000000
C 0 266 266.000000000 0.000000000
C 0 267 267.000000000 0.000000000
C 0 268 268.000000000 0.000000000
C 0 269 269.000000000 0.000000000
C 0 270 270.000000000 0.000000000
C 0 271 271.000000000 0.000000000
C 0 272 272.000000000 0.000000000
C 0 273 273.000000000 0.000000000
C 0 274 274.000000000 0.000000000
C 0 275 275.000000000 0.000000000
C 0 276 276.000000000 0.000000000
C 0 277 277.000000000 0.000000000
C 0 278 278.000000000 0.000000000
C 0 279 279.000000000 0.000000000
C 0 280 280.000000000 0.000000000
C 0 281 281.000000000 0.000000000
C 0 282 282.000000000 0.000000000
C 0 283 283.000000000 0.000000000
C 0 284 284.000000000 0.000000000
C 0 285 285.000000000 0.000000000
C 0 286 286.000000000 0.000000000
C 0 287 287.000000000 0.000000000
C 0 288 288.000000000 0.000000000
C 0 289 289.000000000 0.000000000
C 0 290 290.000000000 0.000000000
C 0 291 291.000000000 0.000000000
C 0 292 292.000000000 0.000000000
C 0 293 293.000000000 0.000000000
C 0 294 294.000000000 0.000000000
C 0 295 295.000000000 0.000000000
C 0 296 296.000000000 0.000000000
C 0 297 297.000000000 0.000000000
C 0 298 298.000000000 0.000000000
C 0 299 299.000000000 0.000000000
C 0 300 300.000000000 0.000000000
C 0 301 301.000000000 0.000000000
C 0 302 302.000000000 0.000000000
C 0 303 303.000000000 0.000000000
C 0 304 304.000000000 0.000000000
C 0 305 305.000000000 0.000000000
C 0 306 306.000000000 0.000000000
C 0 307 307.000000000 0.000000000
C 0 308 308.000000000 0.000000000
C 0 309 309.000000000 0.000000000
C 0 310 310.000000000 0.000000000
C 0 311 311.000000000 0.000000000
C 0 312 312.000000000 0.000000000
C 0 313 313.000000000 0.000000000
C 0 314 314.000000000 0.000000000
C 0 315 315.000000000 0.000000000
C 0 316 316.000000000 0.000000000
C 0 317 317.000000000 0.000000000
C 0 318 318.000000000 0.000000000
C 0 319 319.000000000 0.000000000
# viewport 0 0 319 239
C 1 0 0.000000000 0.000000000
C 1 1 0.999997079 0.999999166
C 1 2 2.000003576 1.999998331
C 1 3 3.000000715 2.999997616
C 1 4 3.999997854 3.999996662
C 1 5 5.000004292 5.000002861
C 1 6 6.000001431 6.000002384
C 1 7 6.999998569 7.000001431
C 1 8 7.999995708 8.000000954
C 1 9 9.000001907 9.000000000
C 1 10 9.999999046 9.999999046
C 1 11 10.999996185 10.999998093
C 1 12 12.000002861 11.999997139
C 1 13 13.000000000 12.999996185
C 1 14 13.999997139 14.000002861
C 1 15 15.000003815 15.000001907
C 1 16 16.000000000 16.000001907
C 1 17 16.999998093 17.000000000
C 1 18 17.999994278 18.000000000
C 1 19 19.000001907 18.999998093
C 1 20 19.999998093 19.999998093
C 1 21 20.999996185 20.999998093
C 1 22 22.000001907 21.999996185
C 1 23 23.000000000 23.000003815
C 1 24 23.999996185 24.000001907
C 1 25 25.000003815 25.000001907
C 1 26 26.000000000 26.000000000
C 1 27 26.999998093 27.000000000
C 1 28 28.000003815 27.999998093
C 1 29 29.000000000 28.999998093
C 1 30 29.999998093 29.999998093
C 1 31 30.999994278 30.999996185
C 1 32 32.000000000 32.000003815
C 1 33 33.000000000 33.000003815
C 1 34 33.999996185 34.000000000
C 1 35 35.000003815 35.000000000
C 1 36 36.000000000 36.000000000
C 1 37 36.999996185 37.000000000
C 1 38 38.000003815 37.999996185
C 1 39 39.000000000 38.999996185
C 1 40 39.999996185 39.999996185
C 1 41 40.999996185 40.999996185
C 1 42 42.000000000 42.000000000
C 1 43 42.999996185 43.000000000
C 1 44 43.999996185 44.000000000
C 1 45 45.000000000 45.000000000
C 1 46 46.000000000 46.000000000
C 1 47 46.999996185 46.999996185
C 1 48 48.000003815 47.999996185
C 1 49 49.000000000 48.999996185
C 1 50 49.999996185 49.999996185
C 1 51 51.000003815 51.000000000
C 1 52 52.000000000 52.000000000
C 1 53 52.999996185 53.000000000
C 1 54 53.999996185 54.000000000
C 1 55 55.000000000 55.000000000
C 1 56 55.999996185 55.999996185
C 1 57 56.999996185 56.999996185
C 1 58 58.000000000 57.999996185
C 1 59 59.000000000 58.999996185
C 1 60 59.999996185 59.999996185
C 1 61 61.000003815 60.999996185
C 1 62 62.000000000 62.000000000
C 1 63 62.999996185 63.000000000
C 1 64 64.000000000 64.000000000
C 1 65 65.000000000 65.000000000
C 1 66 66.000000000 66.000000000
C 1 67 66.999992371 67.000000000
C 1 68 68.000000000 68.000000000
C 1 69 69.000000000 69.000000000
C 1 70 69.999992371 70.000000000
C 1 71 71.000000000 71.000000000
C 1 72 72.000000000 72.000000000
C 1 73 72.999992371 73.000000000
C 1 74 74.000000000 74.000000000
C 1 75 75.000000000 75.000000000
C 1 76 76.000000000 76.000000000
C 1 77 76.999992371 77.000000000
C 1 78 78.000000000 78.000000000
C 1 79 79.000000000 79.000000000
C 1 80 80.000000000 80.000000000
C 1 81 81.000000000 81.000000000
C 1 82 82.000000000 82.000000000
C 1 83 83.000000000 83.000000000
C 1 84 84.000000000 84.000000000
C 1 85 85.000000000 85.000000000
C 1 86 85.999992371 86.000000000
C 1 87 87.000000000 87.000000000
C 1 88 88.000000000 88.000000000
C 1 89 89.000000000 88.999992371
C 1 90 90.000000000 90.000000000
C 1 91 90.999992371 91.000000000
C 1 92 92.000000000 92.000000000
C 1 93 93.000000000 93.000000000
C 1 94 94.000000000 94.000000000
C 1 95 95.000000000 95.000000000
C 1 96 95.999992371 96.000000000
C 1 97 97.000000000 97.000000000
C 1 98 98.000000000 98.000000000
C 1 99 98.999992371 99.000000000
C 1 100 100.000000000 100.000000000
C 1 101 101.000000000 101.000000000
C 1 102 102.000000000 102.000000000
C 1 103 103.000000000 103.000000000
C 1 104 103.999992371 104.000000000
C 1 105 105.000000000 105.000000000
C 1 106 106.000000000 106.000000000
C 1 107 107.000000000 107.000000000
C 1 108 108.000000000 108.000000000
C 1 109 108.999992371 109.000000000
C 1 110 110.000000000 110.000000000
C 1 111 111.000000000 111.000000000
C 1 112 111.999992371 112.000000000
C 1 113 113.000000000 113.000000000
C 1 114 113.999992371 114.000000000
C 1 115 115.000000000 115.000000000
C 1 116 116.000000000 116.000000000
C 1 117 116.999992371 117.000000000
C 1 118 118.000000000 118.000000000
C 1 119 119.000000000 119.000000000
C 1 120 120.000000000 120.000000000
C 1 121 120.999992371 121.000000000
C 1 122 122.000000000 122.000000000
C 1 123 123.000000000 123.000000000
C 1 124 124.000000000 124.000000000
C 1 125 125.000000000 125.000000000
C 1 126 126.000000000 126.000000000
C 1 127 127.000000000 127.000000000
C 1 128 128.000000000 128.000000000
C 1 129 129.000000000 129.000000000
C 1 130 130.000000000 130.000000000
C 1 131 131.000000000 131.000000000
C 1 132 132.000000000 132.000000000
C 1 133 133.000000000 133.000000000
C 1 134 134.000000000 134.000000000
C 1 135 135.000000000 135.000000000
C 1 136 136.000000000 136.000000000
C 1 137 137.000000000 137.000000000
C 1 138 138.000000000 138.000000000
C 1 139 139.000000000 139.000000000
C 1 140 140.000000000 140.000000000
C 1 141 141.000000000 141.000000000
C 1 142 142.000000000 142.000000000
C 1 143 143.000000000 143.000000000
C 1 144 144.000000000 144.000000000
C 1 145 145.000000000 145.000000000
C 1 146 146.000000000 146.000000000
C 1 147 147.000000000 147.000000000
C 1 148 148.000000000 148.000000000
C 1 149 149.000000000 149.000000000
C 1 150 150.000000000 150.000000000
C 1 151 151.000000000 151.000000000
C 1 152 152.000000000 152.000000000
C 1 153 153.000000000 153.000000000
C 1 154 154.000000000 154.000000000
C 1 155 155.000000000 155.000000000
C 1 156 156.000000000 156.000000000
C 1 157 157.000000000 157.000000000
C 1 158 158.000000000 158.000000000
C 1 159 159.000000000 159.000000000
C 1 160 160.000000000 160.000000000
C 1 161 161.000000000 161.000000000
C 1 162 162.000000000 162.000000000
C 1 163 163.000000000 163.000000000
C 1 164 164.000000000 164.000000000
C 1 165 165.000000000 165.000000000
C 1 166 166.000000000 166.000000000
C 1 167 167.000000000 167.000000000
C 1 168 168.000000000 168.000000000
C 1 169 169.000000000 169.000000000
C 1 170 170.000000000 170.000000000
C 1 171 171.000000000 171.000000000
C 1 172 172.000000000 172.000000000
C 1 173 173.000000000 173.000000000
C 1 174 174.000000000 174.000000000
C 1 175 175.000000000 175.000000000
C 1 176 176.000000000 176.000000000
C 1 177 177.000000000 177.000000000
C 1 178 178.000000000 178.000000000
C 1 179 179.000000000 179.000000000
C 1 180 180.000000000 180.000000000
C 1 181 181.000000000 181.000000000
C 1 182 182.000000000 182.000000000
C 1 183 183.000000000 183.000000000
C 1 184 184.000000000 184.000000000
C 1 185 185.000000000 185.000000000
C 1 186 186.000000000 186.000000000
C 1 187 187.000000000 186.999984741
C 1 188 188.000000000 188.000000000
C 1 189 189.000000000 189.000000000
C 1 190 190.000000000 190.000000000
C 1 191 191.000000000 191.000000000
C 1 192 192.000000000 192.000000000
C 1 193 193.000000000 193.000000000
C 1 194 194.000000000 194.000000000
C 1 195 195.000000000 195.000000000
C 1 196 196.000000000 195.999984741
C 1 197 197.000000000 197.000000000
C 1 198 198.000000000 198.000000000
C 1 199 199.000000000 199.000000000
C 1 200 200.000000000 200.000000000
C 1 201 201.000000000 201.000000000
C 1 202 202.000000000 202.000000000
C 1 203 203.000000000 203.000000000
C 1 204 204.000000000 204.000000000
C 1 205 205.000000000 204.999984741
C 1 206 206.000000000 206.000000000
C 1 207 207.000000000 207.000000000
C 1 208 208.000000000 208.000000000
C 1 209 209.000000000 209.000000000
C 1 210 210.000000000 210.000000000
C 1 211 211.000000000 211.000000000
C 1 212 212.000000000 212.000000000
C 1 213 213.000000000 213.000000000
C 1 214 214.000000000 213.999984741
C 1 215 215.000000000 215.000000000
C 1 216 216.000000000 216.000000000
C 1 217 217.000000000 217.000000000
C 1 218 218.000000000 218.000000000
C 1 219 219.000000000 219.000000000
C 1 220 220.000000000 220.000000000
C 1 221 221.000000000 221.000000000
C 1 222 222.000000000 221.999984741
C 1 223 223.000000000 222.999984741
C 1 224 223.999984741 223.999984741
C 1 225 225.000000000 225.000000000
C 1 226 226.000000000 226.000000000
C 1 227 227.000000000 227.000000000
C 1 228 228.000000000 228.000000000
C 1 229 229.000000000 229.000000000
C 1 230 230.000000000 230.000000000
C 1 231 231.000000000 230.999984741
C 1 232 232.000000000 231.999984741
C 1 233 233.000000000 232.999984741
C 1 234 234.000000000 234.000000000
C 1 235 235.000000000 235.000000000
C 1 236 236.000000000 236.000000000
C 1 237 236.999984741 237.000000000
C 1 238 238.000000000 238.000000000
C 1 239 239.000000000 0.000000000
C 1 240 240.000000000 0.000000000
C 1 241 240.999984741 0.000000000
C 1 242 242.000000000 0.000000000
C 1 243 243.000000000 0.000000000
C 1 244 243.999984741 0.000000000
C 1 245 245.000000000 0.000000000
C 1 246 246.000000000 0.000000000
C 1 247 246.999984741 0.000000000
C 1 248 248.000000000 0.000000000
C 1 249 249.000000000 0.000000000
C 1 250 250.000000000 0.000000000
C 1 251 250.999984741 0.000000000
C 1 252 252.000000000 0.000000000
C 1 253 253.000000000 0.000000000
C 1 254 253.999984741 0.000000000
C 1 255 255.000000000 0.000000000
C 1 256 256.000000000 0.000000000
C 1 257 257.000000000 0.000000000
C 1 258 258.000000000 0.000000000
C 1 259 259.000000000 0.000000000
C 1 260 260.000000000 0.000000000
C 1 261 261.000000000 0.000000000
C 1 262 262.000000000 0.000000000
C 1 263 263.000000000 0.000000000
C 1 264 264.000000000 0.000000000
C 1 265 265.000000000 0.000000000
C 1 266 266.000000000 0.000000000
C 1 267 267.000000000 0.000000000
C 1 268 268.000000000 0.000000000
C 1 269 269.000000000 0.000000000
C 1 270 270.000000000 0.000000000
C 1 271 271.000000000 0.000000000
C 1 272 272.000000000 0.000000000
C 1 273 273.000000000 0.000000000
C 1 274 274.000000000 0.000000000
C 1 275 275.000000000 0.000000000
C 1 276 276.000000000 0.000000000
C 1 277 277.000000000 0.000000000
C 1 278 278.000000000 0.000000000
C 1 279 279.000000000 0.000000000
C 1 280 280.000000000 0.000000000
C 1 281 281.000000000 0.000000000
C 1 282 282.000000000 0.000000000
C 1 283 283.000000000 0.000000000
C 1 284 284.000000000 0.000000000
C 1 285 285.000000000 0.000000000
C 1 286 286.000000000 0.000000000
C 1 287 287.000000000 0.000000000
C 1 288 288.000000000 0.000000000
C 1 289 289.000000000 0.000000000
C 1 290 290.000000000 0.000000000
C 1 291 291.000000000 0.000000000
C 1 292 292.000000000 0.000000000
C 1 293 293.000000000 0.000000000
C 1 294 294.000000000 0.000000000
C 1 295 295.000000000 0.000000000
C 1 296 296.000000000 0.000000000
C 1 297 297.000000000 0.000000000
C 1 298 298.000000000 0.000000000
C 1 299 299.000000000 0.000000000
C 1 300 300.000000000 0.000000000
C 1 301 301.000000000 0.000000000
C 1 302 302.000000000 0.000000000
C 1 303 303.000000000 0.000000000
C 1 304 304.000000000 0.000000000
C 1 305 305.000000000 0.000000000
C 1 306 306.000000000 0.000000000
C 1 307 307.000000000 0.000000000
C 1 308 308.000000000 0.000000000
C 1 309 309.000000000 0.000000000
C 1 310 310.000000000 0.000000000
C 1 311 311.000000000 0.000000000
C 1 312 312.000000000 0.000000000
C 1 313 313.000000000 0.000000000
C 1 314 314.000000000 0.000000000
C 1 315 315.000000000 0.000000000
C 1 316 316.000000000 0.000000000
C 1 317 317.000000000 0.000000000
C 1 318 318.000000000 0.000000000
# viewport 17 11 200 150
C 2 0 17.000000000 11.000000000
C 2 1 18.000000000 11.999999046
C 2 2 18.999998093 12.999998093
C 2 3 19.999996185 14.000001907
C 2 4 21.000001907 15.000000954
C 2 5 22.000001907 16.000000000
C 2 6 23.000000000 16.999998093
C 2 7 24.000000000 18.000001907
C 2 8 24.999998093 19.000001907
C 2 9 25.999998093 20.000000000
C 2 10 27.000001907 21.000000000
C 2 11 28.000001907 21.999998093
C 2 12 29.000000000 23.000001907
C 2 13 30.000000000 24.000001907
C 2 14 30.999998093 25.000000000
C 2 15 31.999998093 26.000000000
C 2 16 32.999996185 27.000001907
C 2 17 34.000000000 28.000001907
C 2 18 35.000000000 29.000000000
C 2 19 36.000000000 30.000000000
C 2 20 37.000000000 30.999998093
C 2 21 37.999996185 32.000003815
C 2 22 38.999996185 33.000000000
C 2 23 40.000000000 34.000000000
C 2 24 41.000000000 35.000000000
C 2 25 42.000000000 36.000000000
C 2 26 43.000000000 37.000003815
C 2 27 44.000000000 38.000000000
C 2 28 44.999996185 39.000000000
C 2 29 46.000003815 40.000000000
C 2 30 47.000000000 41.000003815
C 2 31 48.000000000 42.000000000
C 2 32 49.000000000 43.000000000
C 2 33 50.000000000 44.000000000
C 2 34 50.999996185 45.000000000
C 2 35 51.999996185 46.000003815
C 2 36 53.000000000 47.000000000
C 2 37 54.000000000 48.000000000
C 2 38 55.000000000 49.000000000
C 2 39 56.000000000 50.000000000
C 2 40 56.999996185 51.000003815
C 2 41 57.999996185 52.000000000
C 2 42 59.000000000 53.000000000
C 2 43 60.000000000 54.000000000
C 2 44 61.000000000 55.000000000
C 2 45 62.000000000 56.000000000
C 2 46 62.999996185 57.000000000
C 2 47 63.999996185 58.000003815
C 2 48 65.000000000 59.000000000
C 2 49 66.000000000 60.000000000
C 2 50 67.000000000 61.000000000
C 2 51 68.000000000 62.000000000
C 2 52 69.000000000 63.000000000
C 2 53 70.000000000 64.000000000
C 2 54 71.000000000 65.000000000
C 2 55 72.000000000 66.000000000
C 2 56 73.000000000 67.000000000
C 2 57 74.000000000 68.000000000
C 2 58 75.000000000 69.000000000
C 2 59 76.000000000 70.000000000
C 2 60 77.000000000 71.000000000
C 2 61 78.000000000 72.000000000
C 2 62 79.000000000 73.000000000
C 2 63 80.000000000 74.000000000
C 2 64 81.000000000 75.000000000
C 2 65 82.000000000 76.000000000
C 2 66 83.000000000 77.000000000
C 2 67 84.000000000 78.000000000
C 2 68 85.000000000 79.000000000
C 2 69 86.000000000 80.000000000
C 2 70 87.000000000 81.000000000
C 2 71 88.000000000 82.000000000
C 2 72 89.000000000 83.000000000
C 2 73 90.000000000 84.000000000
C 2 74 91.000000000 85.000000000
C 2 75 92.000000000 86.000000000
C 2 76 93.000000000 87.000000000
C 2 77 94.000000000 88.000000000
C 2 78 95.000000000 89.000000000
C 2 79 96.000000000 90.000000000
C 2 80 97.000000000 91.000000000
C 2 81 98.000000000 92.000000000
C 2 82 99.000000000 93.000000000
C 2 83 100.000000000 94.000000000
C 2 84 101.000000000 95.000000000
C 2 85 102.000000000 96.000000000
C 2 86 103.000000000 97.000000000
C 2 87 104.000000000 98.000000000
C 2 88 105.000000000 99.000000000
C 2 89 106.000000000 100.000000000
C 2 90 107.000000000 101.000000000
C 2 91 108.000000000 102.000000000
C 2 92 109.000000000 103.000000000
C 2 93 110.000000000 104.000000000
C 2 94 111.000000000 105.000000000
C 2 95 112.000000000 106.000000000
C 2 96 113.000000000 107.000000000
C 2 97 114.000000000 108.000000000
C 2 98 115.000000000 109.000000000
C 2 99 116.000000000 110.000000000
C 2 100 117.000000000 111.000000000
C 2 101 118.000000000 112.000000000
C 2 102 119.000000000 113.000000000
C 2 103 120.000000000 114.000000000
C 2 104 121.000000000 115.000000000
C 2 105 122.000000000 116.000000000
C 2 106 123.000000000 117.000000000
C 2 107 124.000000000 118.000000000
C 2 108 125.000000000 119.000000000
C 2 109 126.000000000 120.000000000
C 2 110 127.000000000 121.000000000
C 2 111 128.000000000 122.000000000
C 2 112 129.000000000 123.000000000
C 2 113 130.000000000 124.000007629
C 2 114 131.000000000 125.000000000
C 2 115 132.000000000 126.000000000
C 2 116 133.000000000 127.000000000
C 2 117 134.000000000 128.000000000
C 2 118 135.000000000 129.000000000
C 2 119 136.000000000 130.000000000
C 2 120 137.000000000 131.000000000
C 2 121 138.000000000 132.000000000
C 2 122 139.000000000 133.000000000
C 2 123 140.000000000 134.000000000
C 2 124 141.000000000 135.000000000
C 2 125 142.000000000 136.000000000
C 2 126 143.000000000 137.000000000
C 2 127 144.000000000 138.000000000
C 2 128 145.000000000 139.000000000
C 2 129 146.000000000 140.000000000
C 2 130 147.000000000 141.000000000
C 2 131 148.000000000 142.000000000
C 2 132 149.000000000 143.000000000
C 2 133 150.000000000 144.000000000
C 2 134 151.000000000 145.000000000
C 2 135 152.000000000 146.000000000
C 2 136 153.000000000 147.000000000
C 2 137 154.000000000 148.000000000
C 2 138 155.000000000 149.000000000
C 2 139 156.000000000 150.000000000
C 2 140 157.000000000 151.000000000
C 2 141 158.000000000 152.000000000
C 2 142 159.000000000 153.000000000
C 2 143 160.000000000 154.000000000
C 2 144 161.000000000 155.000000000
C 2 145 162.000000000 156.000000000
C 2 146 163.000000000 157.000000000
C 2 147 164.000000000 158.000000000
C 2 148 165.000000000 159.000000000
C 2 149 166.000000000 160.000000000
C 2 150 167.000000000 11.000000000
C 2 151 168.000000000 11.000000000
C 2 152 169.000000000 11.000000000
C 2 153 170.000000000 11.000000000
C 2 154 171.000000000 11.000000000
C 2 155 172.000000000 11.000000000
C 2 156 173.000000000 11.000000000
C 2 157 174.000000000 11.000000000
C 2 158 175.000000000 11.000000000
C 2 159 176.000000000 11.000000000
C 2 160 177.000000000 11.000000000
C 2 161 178.000000000 11.000000000
C 2 162 179.000000000 11.000000000
C 2 163 180.000000000 11.000000000
C 2 164 181.000000000 11.000000000
C 2 165 182.000000000 11.000000000
C 2 166 183.000000000 11.000000000
C 2 167 184.000000000 11.000000000
C 2 168 185.000000000 11.000000000
C 2 169 186.000000000 11.000000000
C 2 170 187.000000000 11.000000000
C 2 171 188.000000000 11.000000000
C 2 172 189.000000000 11.000000000
C 2 173 190.000000000 11.000000000
C 2 174 191.000000000 11.000000000
C 2 175 192.000000000 11.000000000
C 2 176 193.000000000 11.000000000
C 2 177 194.000000000 11.000000000
C 2 178 195.000000000 11.000000000
C 2 179 196.000000000 11.000000000
C 2 180 197.000000000 11.000000000
C 2 181 198.000000000 11.000000000
C 2 182 199.000000000 11.000000000
C 2 183 200.000000000 11.000000000
C 2 184 201.000000000 11.000000000
C 2 185 202.000000000 11.000000000
C 2 186 203.000000000 11.000000000
C 2 187 204.000000000 11.000000000
C 2 188 205.000000000 11.000000000
C 2 189 206.000000000 11.000000000
C 2 190 207.000000000 11.000000000
C 2 191 208.000000000 11.000000000
C 2 192 209.000000000 11.000000000
C 2 193 210.000000000 11.000000000
C 2 194 211.000000000 11.000000000
C 2 195 212.000000000 11.000000000
C 2 196 213.000000000 11.000000000
C 2 197 214.000000000 11.000000000
C 2 198 215.000000000 11.000000000
C 2 199 216.000000000 11.000000000
# viewport 0 0 640 480
C 3 0 0.000000000 0.000000000
C 3 1 1.000003815 0.999999046
C 3 2 2.000007629 1.999998093
C 3 3 2.999992371 2.999997139
C 3 4 3.999996185 3.999996185
C 3 5 5.000000000 4.999995232
C 3 6 6.000003815 5.999994278
C 3 7 7.000007629 6.999993324
C 3 8 7.999992371 8.000006676
C 3 9 8.999996185 9.000005722
C 3 10 10.000000000 10.000004768
C 3 11 11.000003815 11.000003815
C 3 12 12.000007629 12.000002861
C 3 13 12.999992371 13.000001907
C 3 14 13.999996185 14.000000954
C 3 15 15.000000000 15.000000000
C 3 16 16.000003815 15.999999046
C 3 17 17.000007629 16.999998093
C 3 18 17.999992371 17.999996185
C 3 19 18.999996185 18.999996185
C 3 20 20.000000000 19.999996185
C 3 21 21.000003815 20.999994278
C 3 22 22.000007629 22.000007629
C 3 23 22.999992371 23.000007629
C 3 24 23.999996185 24.000005722
C 3 25 25.000000000 25.000003815
C 3 26 26.000003815 26.000003815
C 3 27 27.000007629 27.000003815
C 3 28 27.999992371 28.000001907
C 3 29 28.999996185 29.000000000
C 3 30 30.000000000 30.000000000
C 3 31 31.000003815 31.000000000
C 3 32 32.000007629 31.999998093
C 3 33 32.999992371 32.999996185
C 3 34 33.999996185 33.999996185
C 3 35 35.000000000 34.999996185
C 3 36 36.000003815 36.000007629
C 3 37 37.000007629 37.000007629
C 3 38 37.999992371 38.000007629
C 3 39 38.999996185 39.000007629
C 3 40 40.000000000 40.000003815
C 3 41 41.000003815 41.000003815
C 3 42 42.000007629 42.000003815
C 3 43 42.999992371 43.000000000
C 3 44 43.999996185 44.000000000
C 3 45 45.000000000 45.000000000
C 3 46 46.000003815 46.000000000
C 3 47 47.000007629 47.000000000
C 3 48 47.999992371 47.999996185
C 3 49 48.999996185 48.999996185
C 3 50 50.000000000 50.000007629
C 3 51 51.000003815 51.000007629
C 3 52 52.000007629 52.000007629
C 3 53 52.999992371 53.000007629
C 3 54 53.999996185 54.000007629
C 3 55 55.000000000 55.000003815
C 3 56 56.000003815 56.000003815
C 3 57 57.000007629 57.000003815
C 3 58 57.999992371 58.000000000
C 3 59 58.999996185 59.000000000
C 3 60 60.000000000 60.000000000
C 3 61 61.000003815 61.000000000
C 3 62 62.000007629 62.000000000
C 3 63 62.999992371 62.999996185
C 3 64 63.999996185 63.999996185
C 3 65 65.000000000 65.000007629
C 3 66 66.000000000 66.000007629
C 3 67 67.000007629 67.000007629
C 3 68 67.999992371 68.000007629
C 3 69 69.000000000 69.000007629
C 3 70 70.000000000 70.000007629
C 3 71 71.000000000 71.000000000
C 3 72 72.000007629 72.000000000
C 3 73 72.999992371 73.000000000
C 3 74 74.000000000 74.000000000
C 3 75 75.000000000 75.000000000
C 3 76 76.000000000 76.000000000
C 3 77 77.000007629 77.000000000
C 3 78 77.999992371 78.000000000
C 3 79 79.000000000 79.000007629
C 3 80 80.000000000 80.000007629
C 3 81 81.000000000 81.000007629
C 3 82 82.000007629 82.000007629
C 3 83 82.999992371 83.000007629
C 3 84 84.000000000 84.000007629
C 3 85 85.000000000 85.000007629
C 3 86 86.000000000 86.000000000
C 3 87 87.000007629 87.000000000
C 3 88 87.999992371 88.000000000
C 3 89 89.000000000 89.000000000
C 3 90 90.000000000 90.000000000
C 3 91 91.000000000 91.000000000
C 3 92 92.000007629 92.000000000
C 3 93 92.999992371 93.000015259
C 3 94 94.000000000 94.000007629
C 3 95 95.000000000 95.000007629
C 3 96 96.000000000 96.000007629
C 3 97 97.000007629 97.000007629
C 3 98 97.999992371 98.000007629
C 3 99 99.000000000 99.000007629
C 3 100 100.000000000 100.000007629
C 3 101 101.000000000 101.000000000
C 3 102 102.000007629 102.000000000
C 3 103 102.999992371 103.000000000
C 3 104 104.000000000 104.000000000
C 3 105 105.000000000 105.000000000
C 3 106 106.000000000 106.000000000
C 3 107 107.000007629 107.000015259
C 3 108 107.999992371 108.000015259
C 3 109 109.000000000 109.000007629
C 3 110 110.000000000 110.000007629
C 3 111 111.000000000 111.000007629
C 3 112 112.000007629 112.000007629
C 3 113 112.999992371 113.000007629
C 3 114 114.000000000 114.000007629
C 3 115 115.000000000 115.000007629
C 3 116 116.000000000 116.000000000
C 3 117 117.000007629 117.000000000
C 3 118 117.999992371 118.000000000
C 3 119 119.000000000 119.000000000
C 3 120 120.000000000 120.000007629
C 3 121 121.000000000 121.000007629
C 3 122 122.000007629 122.000007629
C 3 123 122.999992371 123.000007629
C 3 124 124.000000000 124.000000000
C 3 125 125.000000000 125.000007629
C 3 126 126.000000000 126.000007629
C 3 127 127.000007629 127.000007629
C 3 128 127.999992371 128.000000000
C 3 129 129.000000000 129.000000000
C 3 130 130.000000000 130.000000000
C 3 131 131.000000000 131.000000000
C 3 132 132.000000000 132.000015259
C 3 133 133.000015259 133.000015259
C 3 134 134.000000000 134.000015259
C 3 135 135.000000000 135.000000000
C 3 136 136.000000000 136.000000000
C 3 137 137.000000000 137.000000000
C 3 138 138.000015259 138.000000000
C 3 139 139.000000000 139.000015259
C 3 140 140.000000000 140.000015259
C 3 141 141.000000000 141.000015259
C 3 142 142.000000000 142.000000000
C 3 143 143.000015259 143.000000000
C 3 144 144.000000000 144.000000000
C 3 145 145.000000000 145.000000000
C 3 146 146.000000000 146.000015259
C 3 147 147.000000000 147.000015259
C 3 148 148.000015259 148.000015259
C 3 149 149.000000000 149.000015259
C 3 150 150.000000000 150.000000000
C 3 151 151.000000000 151.000000000
C 3 152 152.000000000 152.000000000
C 3 153 153.000015259 153.000015259
C 3 154 154.000000000 154.000015259
C 3 155 155.000000000 155.000015259
C 3 156 156.000000000 156.000015259
C 3 157 157.000000000 157.000000000
C 3 158 158.000015259 158.000000000
C 3 159 159.000000000 159.000000000
C 3 160 160.000000000 160.000000000
C 3 161 161.000000000 161.000015259
C 3 162 162.000000000 162.000015259
C 3 163 163.000000000 163.000015259
C 3 164 164.000000000 164.000015259
C 3 165 165.000000000 165.000000000
C 3 166 166.000000000 166.000000000
C 3 167 167.000000000 167.000000000
C 3 168 168.000000000 168.000015259
C 3 169 169.000000000 169.000015259
C 3 170 170.000000000 170.000015259
C 3 171 171.000000000 171.000015259
C 3 172 172.000000000 172.000000000
C 3 173 173.000000000 173.000000000
C 3 174 174.000000000 174.000000000
C 3 175 175.000000000 175.000015259
C 3 176 176.000000000 176.000015259
C 3 177 177.000000000 177.000015259
C 3 178 178.000000000 178.000015259
C 3 179 179.000000000 179.000015259
C 3 180 180.000000000 180.000015259
C 3 181 181.000000000 181.000015259
C 3 182 182.000000000 182.000015259
C 3 183 183.000000000 183.000015259
C 3 184 184.000000000 184.000015259
C 3 185 185.000000000 185.000015259
C 3 186 186.000000000 186.000015259
C 3 187 187.000000000 187.000015259
C 3 188 188.000000000 188.000015259
C 3 189 189.000000000 189.000015259
C 3 190 190.000000000 190.000015259
C 3 191 191.000000000 191.000015259
C 3 192 192.000000000 192.000015259
C 3 193 193.000000000 193.000015259
C 3 194 194.000000000 194.000015259
C 3 195 195.000000000 195.000015259
C 3 196 196.000000000 196.000015259
C 3 197 197.000000000 197.000015259
C 3 198 198.000000000 198.000015259
C 3 199 199.000000000 199.000015259
C 3 200 200.000000000 200.000015259
C 3 201 201.000000000 201.000015259
C 3 202 202.000000000 202.000015259
C 3 203 203.000000000 203.000015259
C 3 204 204.000000000 204.000015259
C 3 205 205.000000000 205.000015259
C 3 206 206.000000000 206.000015259
C 3 207 207.000000000 207.000015259
C 3 208 208.000000000 208.000015259
C 3 209 209.000000000 209.000015259
C 3 210 210.000000000 210.000015259
C 3 211 211.000000000 211.000015259
C 3 212 212.000000000 212.000015259
C 3 213 213.000000000 213.000015259
C 3 214 214.000000000 214.000015259
C 3 215 215.000000000 215.000015259
C 3 216 216.000000000 216.000015259
C 3 217 217.000000000 217.000015259
C 3 218 218.000000000 218.000015259
C 3 219 219.000000000 219.000015259
C 3 220 220.000000000 220.000015259
C 3 221 221.000000000 221.000015259
C 3 222 222.000000000 222.000015259
C 3 223 223.000000000 223.000015259
C 3 224 224.000000000 224.000015259
C 3 225 225.000000000 225.000015259
C 3 226 226.000000000 226.000015259
C 3 227 227.000000000 227.000015259
C 3 228 228.000000000 228.000015259
C 3 229 229.000000000 229.000015259
C 3 230 230.000000000 230.000015259
C 3 231 231.000000000 231.000015259
C 3 232 232.000000000 232.000015259
C 3 233 233.000000000 233.000015259
C 3 234 234.000000000 234.000015259
C 3 235 235.000000000 235.000015259
C 3 236 236.000000000 236.000015259
C 3 237 237.000000000 237.000015259
C 3 238 238.000000000 238.000015259
C 3 239 239.000000000 239.000015259
C 3 240 240.000000000 240.000015259
C 3 241 241.000000000 241.000015259
C 3 242 242.000000000 242.000015259
C 3 243 243.000000000 243.000015259
C 3 244 244.000000000 244.000015259
C 3 245 245.000000000 245.000015259
C 3 246 246.000000000 246.000015259
C 3 247 247.000000000 247.000015259
C 3 248 248.000000000 248.000015259
C 3 249 248.000000000 248.000015259
C 3 250 248.000000000 248.000015259
C 3 251 248.000000000 248.000015259
C 3 252 248.000000000 248.000015259
C 3 253 248.000000000 248.000015259
C 3 254 248.000000000 248.000015259
C 3 255 248.000000000 248.000015259
C 3 256 248.000000000 248.000015259
C 3 257 248.000000000 248.000015259
C 3 258 248.000000000 248.000015259
C 3 259 248.000000000 248.000015259
C 3 260 248.000000000 248.000015259
C 3 261 248.000000000 248.000015259
C 3 262 248.000000000 248.000015259
C 3 263 248.000000000 248.000015259
C 3 264 248.000000000 248.000015259
C 3 265 248.000000000 248.000015259
C 3 266 248.000000000 248.000015259
C 3 267 248.000000000 248.000015259
C 3 268 248.000000000 248.000015259
C 3 269 248.000000000 248.000015259
C 3 270 248.000000000 248.000015259
C 3 271 248.000000000 248.000015259
C 3 272 248.000000000 248.000015259
C 3 273 248.000000000 248.000015259
C 3 274 248.000000000 248.000015259
C 3 275 248.000000000 248.000015259
C 3 276 248.000000000 248.000015259
C 3 277 248.000000000 248.000015259
C 3 278 248.000000000 248.000015259
C 3 279 248.000000000 248.000015259
C 3 280 248.000000000 248.000015259
C 3 281 248.000000000 248.000015259
C 3 282 248.000000000 248.000015259
C 3 283 248.000000000 248.000015259
C 3 284 248.000000000 248.000015259
C 3 285 248.000000000 248.000015259
C 3 286 248.000000000 248.000015259
C 3 287 248.000000000 248.000015259
C 3 288 248.000000000 248.000015259
C 3 289 248.000000000 248.000015259
C 3 290 248.000000000 248.000015259
C 3 291 248.000000000 248.000015259
C 3 292 248.000000000 248.000015259
C 3 293 248.000000000 248.000015259
C 3 294 248.000000000 248.000015259
C 3 295 248.000000000 248.000015259
C 3 296 248.000000000 248.000015259
C 3 297 248.000000000 248.000015259
C 3 298 248.000000000 248.000015259
C 3 299 248.000000000 248.000015259
C 3 300 248.000000000 248.000015259
C 3 301 248.000000000 248.000015259
C 3 302 248.000000000 248.000015259
C 3 303 248.000000000 248.000015259
C 3 304 248.000000000 248.000015259
C 3 305 248.000000000 248.000015259
C 3 306 248.000000000 248.000015259
C 3 307 248.000000000 248.000015259
C 3 308 248.000000000 248.000015259
C 3 309 248.000000000 248.000015259
C 3 310 248.000000000 248.000015259
C 3 311 248.000000000 248.000015259
C 3 312 248.000000000 248.000015259
C 3 313 248.000000000 248.000015259
C 3 314 248.000000000 248.000015259
C 3 315 248.000000000 248.000015259
C 3 316 248.000000000 248.000015259
C 3 317 248.000000000 248.000015259
C 3 318 248.000000000 248.000015259
C 3 319 248.000000000 248.000015259
C 3 320 248.000000000 248.000015259
C 3 321 248.000000000 248.000015259
C 3 322 248.000000000 248.000015259
C 3 323 248.000000000 248.000015259
C 3 324 248.000000000 248.000015259
C 3 325 248.000000000 248.000015259
C 3 326 248.000000000 248.000015259
C 3 327 248.000000000 248.000015259
C 3 328 248.000000000 248.000015259
C 3 329 248.000000000 248.000015259
C 3 330 248.000000000 248.000015259
C 3 331 248.000000000 248.000015259
C 3 332 248.000000000 248.000015259
C 3 333 248.000000000 248.000015259
C 3 334 248.000000000 248.000015259
C 3 335 248.000000000 248.000015259
C 3 336 248.000000000 248.000015259
C 3 337 248.000000000 248.000015259
C 3 338 248.000000000 248.000015259
C 3 339 248.000000000 248.000015259
C 3 340 248.000000000 248.000015259
C 3 341 248.000000000 248.000015259
C 3 342 248.000000000 248.000015259
C 3 343 248.000000000 248.000015259
C 3 344 248.000000000 248.000015259
C 3 345 248.000000000 248.000015259
C 3 346 248.000000000 248.000015259
C 3 347 248.000000000 248.000015259
C 3 348 248.000000000 248.000015259
C 3 349 248.000000000 248.000015259
C 3 350 248.000000000 248.000015259
C 3 351 248.000000000 248.000015259
C 3 352 248.000000000 248.000015259
C 3 353 248.000000000 248.000015259
C 3 354 248.000000000 248.000015259
C 3 355 248.000000000 248.000015259
C 3 356 248.000000000 248.000015259
C 3 357 248.000000000 248.000015259
C 3 358 248.000000000 248.000015259
C 3 359 248.000000000 248.000015259
C 3 360 248.000000000 248.000015259
C 3 361 248.000000000 248.000015259
C 3 362 248.000000000 248.000015259
C 3 363 248.000000000 248.000015259
C 3 364 248.000000000 248.000015259
C 3 365 248.000000000 248.000015259
C 3 366 248.000000000 248.000015259
C 3 367 248.000000000 248.000015259
C 3 368 248.000000000 248.000015259
C 3 369 248.000000000 248.000015259
C 3 370 248.000000000 248.000015259
C 3 371 248.000000000 248.000015259
C 3 372 248.000000000 248.000015259
C 3 373 248.000000000 248.000015259
C 3 374 248.000000000 248.000015259
C 3 375 248.000000000 248.000015259
C 3 376 248.000000000 248.000015259
C 3 377 248.000000000 248.000015259
C 3 378 248.000000000 248.000015259
C 3 379 248.000000000 248.000015259
C 3 380 248.000000000 248.000015259
C 3 381 248.000000000 248.000015259
C 3 382 248.000000000 248.000015259
C 3 383 248.000000000 248.000015259
C 3 384 248.000000000 248.000015259
C 3 385 248.000000000 248.000015259
C 3 386 248.000000000 248.000015259
C 3 387 248.000000000 248.000015259
C 3 388 248.000000000 248.000015259
C 3 389 248.000000000 248.000015259
C 3 390 248.000000000 248.000015259
C 3 391 248.000000000 248.000015259
C 3 392 248.000000000 248.000015259
C 3 393 248.000000000 248.000015259
C 3 394 248.000000000 248.000015259
C 3 395 248.000000000 248.000015259
C 3 396 248.000000000 248.000015259
C 3 397 248.000000000 248.000015259
C 3 398 248.000000000 248.000015259
C 3 399 248.000000000 248.000015259
C 3 400 248.000000000 248.000015259
C 3 401 248.000000000 248.000015259
C 3 402 248.000000000 248.000015259
C 3 403 248.000000000 248.000015259
C 3 404 248.000000000 248.000015259
C 3 405 248.000000000 248.000015259
C 3 406 248.000000000 248.000015259
C 3 407 248.000000000 248.000015259
C 3 408 248.000000000 248.000015259
C 3 409 248.000000000 248.000015259
C 3 410 248.000000000 248.000015259
C 3 411 248.000000000 248.000015259
C 3 412 248.000000000 248.000015259
C 3 413 248.000000000 248.000015259
C 3 414 248.000000000 248.000015259
C 3 415 248.000000000 248.000015259
C 3 416 248.000000000 248.000015259
C 3 417 248.000000000 248.000015259
C 3 418 248.000000000 248.000015259
C 3 419 248.000000000 248.000015259
C 3 420 248.000000000 248.000015259
C 3 421 248.000000000 248.000015259
C 3 422 248.000000000 248.000015259
C 3 423 248.000000000 248.000015259
C 3 424 248.000000000 248.000015259
C 3 425 248.000000000 248.000015259
C 3 426 248.000000000 248.000015259
C 3 427 248.000000000 248.000015259
C 3 428 248.000000000 248.000015259
C 3 429 248.000000000 248.000015259
C 3 430 248.000000000 248.000015259
C 3 431 248.000000000 248.000015259
C 3 432 248.000000000 248.000015259
C 3 433 248.000000000 248.000015259
C 3 434 248.000000000 248.000015259
C 3 435 248.000000000 248.000015259
C 3 436 248.000000000 248.000015259
C 3 437 248.000000000 248.000015259
C 3 438 248.000000000 248.000015259
C 3 439 248.000000000 248.000015259
C 3 440 248.000000000 248.000015259
C 3 441 248.000000000 248.000015259
C 3 442 248.000000000 248.000015259
C 3 443 248.000000000 248.000015259
C 3 444 248.000000000 248.000015259
C 3 445 248.000000000 248.000015259
C 3 446 248.000000000 248.000015259
C 3 447 248.000000000 248.000015259
C 3 448 248.000000000 248.000015259
C 3 449 248.000000000 248.000015259
C 3 450 248.000000000 248.000015259
C 3 451 248.000000000 248.000015259
C 3 452 248.000000000 248.000015259
C 3 453 248.000000000 248.000015259
C 3 454 248.000000000 248.000015259
C 3 455 248.000000000 248.000015259
C 3 456 248.000000000 248.000015259
C 3 457 248.000000000 248.000015259
C 3 458 248.000000000 248.000015259
C 3 459 248.000000000 248.000015259
C 3 460 248.000000000 248.000015259
C 3 461 248.000000000 248.000015259
C 3 462 248.000000000 248.000015259
C 3 463 248.000000000 248.000015259
C 3 464 248.000000000 248.000015259
C 3 465 248.000000000 248.000015259
C 3 466 248.000000000 248.000015259
C 3 467 248.000000000 248.000015259
C 3 468 248.000000000 248.000015259
C 3 469 248.000000000 248.000015259
C 3 470 248.000000000 248.000015259
C 3 471 248.000000000 248.000015259
C 3 472 248.000000000 248.000015259
C 3 473 248.000000000 248.000015259
C 3 474 248.000000000 248.000015259
C 3 475 248.000000000 248.000015259
C 3 476 248.000000000 248.000015259
C 3 477 248.000000000 248.000015259
C 3 478 248.000000000 248.000015259
C 3 479 248.000000000 248.000015259
C 3 480 248.000000000 248.000015259
C 3 481 248.000000000 248.000015259
C 3 482 248.000000000 248.000015259
C 3 483 248.000000000 248.000015259
C 3 484 248.000000000 248.000015259
C 3 485 248.000000000 248.000015259
C 3 486 248.000000000 248.000015259
C 3 487 248.000000000 248.000015259
C 3 488 248.000000000 248.000015259
C 3 489 248.000000000 248.000015259
C 3 490 248.000000000 248.000015259
C 3 491 248.000000000 248.000015259
C 3 492 248.000000000 248.000015259
C 3 493 248.000000000 248.000015259
C 3 494 248.000000000 248.000015259
C 3 495 248.000000000 248.000015259
C 3 496 248.000000000 248.000015259
C 3 497 248.000000000 248.000015259
C 3 498 248.000000000 248.000015259
C 3 499 248.000000000 248.000015259
C 3 500 248.000000000 248.000015259
C 3 501 248.000000000 248.000015259
C 3 502 248.000000000 248.000015259
C 3 503 248.000000000 248.000015259
C 3 504 248.000000000 248.000015259
C 3 505 248.000000000 248.000015259
C 3 506 248.000000000 248.000015259
C 3 507 248.000000000 248.000015259
C 3 508 248.000000000 248.000015259
C 3 509 248.000000000 248.000015259
C 3 510 248.000000000 248.000015259
C 3 511 248.000000000 248.000015259
C 3 512 248.000000000 248.000015259
C 3 513 248.000000000 248.000015259
C 3 514 248.000000000 248.000015259
C 3 515 248.000000000 248.000015259
C 3 516 248.000000000 248.000015259
C 3 517 248.000000000 248.000015259
C 3 518 248.000000000 248.000015259
C 3 519 248.000000000 248.000015259
C 3 520 248.000000000 248.000015259
C 3 521 248.000000000 248.000015259
C 3 522 248.000000000 248.000015259
C 3 523 248.000000000 248.000015259
C 3 524 248.000000000 248.000015259
C 3 525 248.000000000 248.000015259
C 3 526 248.000000000 248.000015259
C 3 527 248.000000000 248.000015259
C 3 528 248.000000000 248.000015259
C 3 529 248.000000000 248.000015259
C 3 530 248.000000000 248.000015259
C 3 531 248.000000000 248.000015259
C 3 532 248.000000000 248.000015259
C 3 533 248.000000000 248.000015259
C 3 534 248.000000000 248.000015259
C 3 535 248.000000000 248.000015259
C 3 536 248.000000000 248.000015259
C 3 537 248.000000000 248.000015259
C 3 538 248.000000000 248.000015259
C 3 539 248.000000000 248.000015259
C 3 540 248.000000000 248.000015259
C 3 541 248.000000000 248.000015259
C 3 542 248.000000000 248.000015259
C 3 543 248.000000000 248.000015259
C 3 544 248.000000000 248.000015259
C 3 545 248.000000000 248.000015259
C 3 546 248.000000000 248.000015259
C 3 547 248.000000000 248.000015259
C 3 548 248.000000000 248.000015259
C 3 549 248.000000000 248.000015259
C 3 550 248.000000000 248.000015259
C 3 551 248.000000000 248.000015259
C 3 552 248.000000000 248.000015259
C 3 553 248.000000000 248.000015259
C 3 554 248.000000000 248.000015259
C 3 555 248.000000000 248.000015259
C 3 556 248.000000000 248.000015259
C 3 557 248.000000000 248.000015259
C 3 558 248.000000000 248.000015259
C 3 559 248.000000000 248.000015259
C 3 560 248.000000000 248.000015259
C 3 561 248.000000000 248.000015259
C 3 562 248.000000000 248.000015259
C 3 563 248.000000000 248.000015259
C 3 564 248.000000000 248.000015259
C 3 565 248.000000000 248.000015259
C 3 566 248.000000000 248.000015259
C 3 567 248.000000000 248.000015259
C 3 568 248.000000000 248.000015259
C 3 569 248.000000000 248.000015259
C 3 570 248.000000000 248.000015259
C 3 571 248.000000000 248.000015259
C 3 572 248.000000000 248.000015259
C 3 573 248.000000000 248.000015259
C 3 574 248.000000000 248.000015259
C 3 575 248.000000000 248.000015259
C 3 576 248.000000000 248.000015259
C 3 577 248.000000000 248.000015259
C 3 578 248.000000000 248.000015259
C 3 579 248.000000000 248.000015259
C 3 580 248.000000000 248.000015259
C 3 581 248.000000000 248.000015259
C 3 582 248.000000000 248.000015259
C 3 583 248.000000000 248.000015259
C 3 584 248.000000000 248.000015259
C 3 585 248.000000000 248.000015259
C 3 586 248.000000000 248.000015259
C 3 587 248.000000000 248.000015259
C 3 588 248.000000000 248.000015259
C 3 589 248.000000000 248.000015259
C 3 590 248.000000000 248.000015259
C 3 591 248.000000000 248.000015259
C 3 592 248.000000000 248.000015259
C 3 593 248.000000000 248.000015259
C 3 594 248.000000000 248.000015259
C 3 595 248.000000000 248.000015259
C 3 596 248.000000000 248.000015259
C 3 597 248.000000000 248.000015259
C 3 598 248.000000000 248.000015259
C 3 599 248.000000000 248.000015259
C 3 600 248.000000000 248.000015259
C 3 601 248.000000000 248.000015259
C 3 602 248.000000000 248.000015259
C 3 603 248.000000000 248.000015259
C 3 604 248.000000000 248.000015259
C 3 605 248.000000000 248.000015259
C 3 606 248.000000000 248.000015259
C 3 607 248.000000000 248.000015259
C 3 608 248.000000000 248.000015259
C 3 609 248.000000000 248.000015259
C 3 610 248.000000000 248.000015259
C 3 611 248.000000000 248.000015259
C 3 612 248.000000000 248.000015259
C 3 613 248.000000000 248.000015259
C 3 614 248.000000000 248.000015259
C 3 615 248.000000000 248.000015259
C 3 616 248.000000000 248.000015259
C 3 617 248.000000000 248.000015259
C 3 618 248.000000000 248.000015259
C 3 619 248.000000000 248.000015259
C 3 620 248.000000000 248.000015259
C 3 621 248.000000000 248.000015259
C 3 622 248.000000000 248.000015259
C 3 623 248.000000000 248.000015259
C 3 624 248.000000000 248.000015259
C 3 625 248.000000000 248.000015259
C 3 626 248.000000000 248.000015259
C 3 627 248.000000000 248.000015259
C 3 628 248.000000000 248.000015259
C 3 629 248.000000000 248.000015259
C 3 630 248.000000000 248.000015259
C 3 631 248.000000000 248.000015259
C 3 632 248.000000000 248.000015259
C 3 633 248.000000000 248.000015259
C 3 634 248.000000000 248.000015259
C 3 635 248.000000000 248.000015259
C 3 636 248.000000000 248.000015259
C 3 637 248.000000000 248.000015259
C 3 638 248.000000000 248.000015259
C 3 639 248.000000000 248.000015259
# x: 516 of 1479 positions lost by the cast
# y: 308 of 1109 positions lost by the cast
