# depth buffer 320x240, 2 bytes per value, shared origin 4505600
# shape 2  background -1
# vertex 0  108 86  objz -0.7500000000  wantcode 57343.1250
# vertex 1  89 105  objz 0.5500000000  wantcode 14745.3750
# vertex 2  47 220  objz 0.1000000000  wantcode 29490.7500
# counters drawn=1 software=0 unsupported=0 declined=0
# depth starts clamped: 0
# mode hardware
P 107 86 56222 1
P 106 87 53980 1
P 105 88 51738 1
P 106 88 55472 1
P 104 89 49496 1
P 105 89 53230 1
P 103 90 47254 1
P 104 90 50988 1
P 105 90 54722 1
P 102 91 45012 1
P 103 91 48746 1
P 104 91 52480 1
P 101 92 42770 1
P 102 92 46504 1
P 103 92 50238 1
P 104 92 53972 1
P 100 93 40528 1
P 101 93 44262 1
P 102 93 47996 1
P 103 93 51730 1
P 104 93 55464 1
P 99 94 38286 1
P 100 94 42020 1
P 101 94 45754 1
P 102 94 49488 1
P 103 94 53222 1
P 98 95 36044 1
P 99 95 39778 1
P 100 95 43512 1
P 101 95 47246 1
P 102 95 50980 1
P 103 95 54714 1
P 97 96 33802 1
P 98 96 37536 1
P 99 96 41270 1
P 100 96 45004 1
P 101 96 48738 1
P 102 96 52472 1
P 96 97 31560 1
P 97 97 35294 1
P 98 97 39028 1
P 99 97 42762 1
P 100 97 46496 1
P 101 97 50230 1
P 102 97 53964 1
P 95 98 29318 1
P 96 98 33052 1
P 97 98 36786 1
P 98 98 40520 1
P 99 98 44254 1
P 100 98 47988 1
P 101 98 51722 1
P 94 99 27076 1
P 95 99 30810 1
P 96 99 34544 1
P 97 99 38278 1
P 98 99 42012 1
P 99 99 45746 1
P 100 99 49480 1
P 101 99 53214 1
P 93 100 24834 1
P 94 100 28568 1
P 95 100 32302 1
P 96 100 36036 1
P 97 100 39770 1
P 98 100 43504 1
P 99 100 47238 1
P 100 100 50972 1
P 92 101 22592 1
P 93 101 26326 1
P 94 101 30060 1
P 95 101 33794 1
P 96 101 37528 1
P 97 101 41262 1
P 98 101 44996 1
P 99 101 48730 1
P 100 101 52463 1
P 91 102 20350 1
P 92 102 24084 1
P 93 102 27818 1
P 94 102 31552 1
P 95 102 35286 1
P 96 102 39020 1
P 97 102 42754 1
P 98 102 46488 1
P 99 102 50221 1
P 90 103 18108 1
P 91 103 21842 1
P 92 103 25576 1
P 93 103 29310 1
P 94 103 33044 1
P 95 103 36778 1
P 96 103 40512 1
P 97 103 44246 1
P 98 103 47979 1
P 99 103 51713 1
P 89 104 15866 1
P 90 104 19600 1
P 91 104 23334 1
P 92 104 27068 1
P 93 104 30802 1
P 94 104 34536 1
P 95 104 38270 1
P 96 104 42004 1
P 97 104 45737 1
P 98 104 49471 1
P 99 104 53205 1
P 89 105 17358 1
P 90 105 21092 1
P 91 105 24826 1
P 92 105 28560 1
P 93 105 32294 1
P 94 105 36028 1
P 95 105 39762 1
P 96 105 43495 1
P 97 105 47229 1
P 98 105 50963 1
P 88 106 15116 1
P 89 106 18850 1
P 90 106 22584 1
P 91 106 26318 1
P 92 106 30052 1
P 93 106 33786 1
P 94 106 37520 1
P 95 106 41254 1
P 96 106 44987 1
P 97 106 48721 1
P 98 106 52455 1
P 88 107 16608 1
P 89 107 20342 1
P 90 107 24076 1
P 91 107 27810 1
P 92 107 31544 1
P 93 107 35278 1
P 94 107 39012 1
P 95 107 42745 1
P 96 107 46479 1
P 97 107 50213 1
P 88 108 18100 1
P 89 108 21834 1
P 90 108 25568 1
P 91 108 29302 1
P 92 108 33036 1
P 93 108 36770 1
P 94 108 40503 1
P 95 108 44237 1
P 96 108 47971 1
P 97 108 51705 1
P 87 109 15858 1
P 88 109 19592 1
P 89 109 23326 1
P 90 109 27060 1
P 91 109 30794 1
P 92 109 34528 1
P 93 109 38261 1
P 94 109 41995 1
P 95 109 45729 1
P 96 109 49463 1
P 87 110 17350 1
P 88 110 21084 1
P 89 110 24818 1
P 90 110 28552 1
P 91 110 32286 1
P 92 110 36019 1
P 93 110 39753 1
P 94 110 43487 1
P 95 110 47221 1
P 96 110 50955 1
P 87 111 18842 1
P 88 111 22576 1
P 89 111 26310 1
P 90 111 30044 1
P 91 111 33777 1
P 92 111 37511 1
P 93 111 41245 1
P 94 111 44979 1
P 95 111 48713 1
P 86 112 16600 1
P 87 112 20334 1
P 88 112 24068 1
P 89 112 27802 1
P 90 112 31535 1
P 91 112 35269 1
P 92 112 39003 1
P 93 112 42737 1
P 94 112 46471 1
P 95 112 50205 1
P 86 113 18092 1
P 87 113 21826 1
P 88 113 25560 1
P 89 113 29293 1
P 90 113 33027 1
P 91 113 36761 1
P 92 113 40495 1
P 93 113 44229 1
P 94 113 47963 1
P 86 114 19584 1
P 87 114 23318 1
P 88 114 27051 1
P 89 114 30785 1
P 90 114 34519 1
P 91 114 38253 1
P 92 114 41987 1
P 93 114 45721 1
P 94 114 49455 1
P 85 115 17342 1
P 86 115 21076 1
P 87 115 24810 1
P 88 115 28543 1
P 89 115 32277 1
P 90 115 36011 1
P 91 115 39745 1
P 92 115 43479 1
P 93 115 47213 1
P 94 115 50947 1
P 85 116 18834 1
P 86 116 22568 1
P 87 116 26301 1
P 88 116 30035 1
P 89 116 33769 1
P 90 116 37503 1
P 91 116 41237 1
P 92 116 44971 1
P 93 116 48705 1
P 84 117 16592 1
P 85 117 20326 1
P 86 117 24059 1
P 87 117 27793 1
P 88 117 31527 1
P 89 117 35261 1
P 90 117 38995 1
P 91 117 42729 1
P 92 117 46463 1
P 93 117 50197 1
P 84 118 18084 1
P 85 118 21817 1
P 86 118 25551 1
P 87 118 29285 1
P 88 118 33019 1
P 89 118 36753 1
P 90 118 40487 1
P 91 118 44221 1
P 92 118 47955 1
P 84 119 19575 1
P 85 119 23309 1
P 86 119 27043 1
P 87 119 30777 1
P 88 119 34511 1
P 89 119 38245 1
P 90 119 41979 1
P 91 119 45713 1
P 92 119 49447 1
P 83 120 17333 1
P 84 120 21067 1
P 85 120 24801 1
P 86 120 28535 1
P 87 120 32269 1
P 88 120 36003 1
P 89 120 39737 1
P 90 120 43471 1
P 91 120 47205 1
P 83 121 18825 1
P 84 121 22559 1
P 85 121 26293 1
P 86 121 30027 1
P 87 121 33761 1
P 88 121 37495 1
P 89 121 41229 1
P 90 121 44963 1
P 91 121 48696 1
P 83 122 20317 1
P 84 122 24051 1
P 85 122 27785 1
P 86 122 31519 1
P 87 122 35253 1
P 88 122 38987 1
P 89 122 42721 1
P 90 122 46454 1
P 82 123 18075 1
P 83 123 21809 1
P 84 123 25543 1
P 85 123 29277 1
P 86 123 33011 1
P 87 123 36745 1
P 88 123 40479 1
P 89 123 44213 1
P 90 123 47946 1
P 82 124 19567 1
P 83 124 23301 1
P 84 124 27035 1
P 85 124 30769 1
P 86 124 34503 1
P 87 124 38237 1
P 88 124 41971 1
P 89 124 45704 1
P 82 125 21059 1
P 83 125 24793 1
P 84 125 28527 1
P 85 125 32261 1
P 86 125 35995 1
P 87 125 39729 1
P 88 125 43462 1
P 89 125 47196 1
P 81 126 18817 1
P 82 126 22551 1
P 83 126 26285 1
P 84 126 30019 1
P 85 126 33753 1
P 86 126 37487 1
P 87 126 41220 1
P 88 126 44954 1
P 89 126 48688 1
P 81 127 20309 1
P 82 127 24043 1
P 83 127 27777 1
P 84 127 31511 1
P 85 127 35245 1
P 86 127 38978 1
P 87 127 42712 1
P 88 127 46446 1
P 80 128 18067 1
P 81 128 21801 1
P 82 128 25535 1
P 83 128 29269 1
P 84 128 33003 1
P 85 128 36736 1
P 86 128 40470 1
P 87 128 44204 1
P 88 128 47938 1
P 80 129 19559 1
P 81 129 23293 1
P 82 129 27027 1
P 83 129 30761 1
P 84 129 34494 1
P 85 129 38228 1
P 86 129 41962 1
P 87 129 45696 1
P 80 130 21051 1
P 81 130 24785 1
P 82 130 28519 1
P 83 130 32252 1
P 84 130 35986 1
P 85 130 39720 1
P 86 130 43454 1
P 87 130 47188 1
P 79 131 18809 1
P 80 131 22543 1
P 81 131 26277 1
P 82 131 30010 1
P 83 131 33744 1
P 84 131 37478 1
P 85 131 41212 1
P 86 131 44946 1
P 79 132 20301 1
P 80 132 24035 1
P 81 132 27769 1
P 82 132 31502 1
P 83 132 35236 1
P 84 132 38970 1
P 85 132 42704 1
P 86 132 46438 1
P 79 133 21793 1
P 80 133 25527 1
P 81 133 29260 1
P 82 133 32994 1
P 83 133 36728 1
P 84 133 40462 1
P 85 133 44196 1
P 78 134 19551 1
P 79 134 23285 1
P 80 134 27018 1
P 81 134 30752 1
P 82 134 34486 1
P 83 134 38220 1
P 84 134 41954 1
P 85 134 45688 1
P 78 135 21043 1
P 79 135 24776 1
P 80 135 28510 1
P 81 135 32244 1
P 82 135 35978 1
P 83 135 39712 1
P 84 135 43446 1
P 77 136 18801 1
P 78 136 22534 1
P 79 136 26268 1
P 80 136 30002 1
P 81 136 33736 1
P 82 136 37470 1
P 83 136 41204 1
P 84 136 44938 1
P 77 137 20292 1
P 78 137 24026 1
P 79 137 27760 1
P 80 137 31494 1
P 81 137 35228 1
P 82 137 38962 1
P 83 137 42696 1
P 84 137 46430 1
P 77 138 21784 1
P 78 138 25518 1
P 79 138 29252 1
P 80 138 32986 1
P 81 138 36720 1
P 82 138 40454 1
P 83 138 44188 1
P 76 139 19542 1
P 77 139 23276 1
P 78 139 27010 1
P 79 139 30744 1
P 80 139 34478 1
P 81 139 38212 1
P 82 139 41946 1
P 83 139 45680 1
P 76 140 21034 1
P 77 140 24768 1
P 78 140 28502 1
P 79 140 32236 1
P 80 140 35970 1
P 81 140 39704 1
P 82 140 43438 1
P 76 141 22526 1
P 77 141 26260 1
P 78 141 29994 1
P 79 141 33728 1
P 80 141 37462 1
P 81 141 41196 1
P 82 141 44930 1
P 75 142 20284 1
P 76 142 24018 1
P 77 142 27752 1
P 78 142 31486 1
P 79 142 35220 1
P 80 142 38954 1
P 81 142 42688 1
P 75 143 21776 1
P 76 143 25510 1
P 77 143 29244 1
P 78 143 32978 1
P 79 143 36712 1
P 80 143 40446 1
P 81 143 44179 1
P 75 144 23268 1
P 76 144 27002 1
P 77 144 30736 1
P 78 144 34470 1
P 79 144 38204 1
P 80 144 41937 1
P 74 145 21026 1
P 75 145 24760 1
P 76 145 28494 1
P 77 145 32228 1
P 78 145 35962 1
P 79 145 39695 1
P 80 145 43429 1
P 74 146 22518 1
P 75 146 26252 1
P 76 146 29986 1
P 77 146 33720 1
P 78 146 37453 1
P 79 146 41187 1
P 73 147 20276 1
P 74 147 24010 1
P 75 147 27744 1
P 76 147 31478 1
P 77 147 35211 1
P 78 147 38945 1
P 79 147 42679 1
P 73 148 21768 1
P 74 148 25502 1
P 75 148 29236 1
P 76 148 32969 1
P 77 148 36703 1
P 78 148 40437 1
P 79 148 44171 1
P 73 149 23260 1
P 74 149 26994 1
P 75 149 30728 1
P 76 149 34461 1
P 77 149 38195 1
P 78 149 41929 1
P 72 150 21018 1
P 73 150 24752 1
P 74 150 28486 1
P 75 150 32219 1
P 76 150 35953 1
P 77 150 39687 1
P 78 150 43421 1
P 72 151 22510 1
P 73 151 26244 1
P 74 151 29977 1
P 75 151 33711 1
P 76 151 37445 1
P 77 151 41179 1
P 72 152 24002 1
P 73 152 27735 1
P 74 152 31469 1
P 75 152 35203 1
P 76 152 38937 1
P 77 152 42671 1
P 71 153 21760 1
P 72 153 25493 1
P 73 153 29227 1
P 74 153 32961 1
P 75 153 36695 1
P 76 153 40429 1
P 71 154 23251 1
P 72 154 26985 1
P 73 154 30719 1
P 74 154 34453 1
P 75 154 38187 1
P 76 154 41921 1
P 71 155 24743 1
P 72 155 28477 1
P 73 155 32211 1
P 74 155 35945 1
P 75 155 39679 1
P 70 156 22501 1
P 71 156 26235 1
P 72 156 29969 1
P 73 156 33703 1
P 74 156 37437 1
P 75 156 41171 1
P 70 157 23993 1
P 71 157 27727 1
P 72 157 31461 1
P 73 157 35195 1
P 74 157 38929 1
P 69 158 21751 1
P 70 158 25485 1
P 71 158 29219 1
P 72 158 32953 1
P 73 158 36687 1
P 74 158 40421 1
P 69 159 23243 1
P 70 159 26977 1
P 71 159 30711 1
P 72 159 34445 1
P 73 159 38179 1
P 74 159 41913 1
P 69 160 24735 1
P 70 160 28469 1
P 71 160 32203 1
P 72 160 35937 1
P 73 160 39671 1
P 68 161 22493 1
P 69 161 26227 1
P 70 161 29961 1
P 71 161 33695 1
P 72 161 37429 1
P 73 161 41163 1
P 68 162 23985 1
P 69 162 27719 1
P 70 162 31453 1
P 71 162 35187 1
P 72 162 38921 1
P 68 163 25477 1
P 69 163 29211 1
P 70 163 32945 1
P 71 163 36679 1
P 72 163 40412 1
P 67 164 23235 1
P 68 164 26969 1
P 69 164 30703 1
P 70 164 34437 1
P 71 164 38170 1
P 67 165 24727 1
P 68 165 28461 1
P 69 165 32195 1
P 70 165 35928 1
P 71 165 39662 1
P 67 166 26219 1
P 68 166 29953 1
P 69 166 33687 1
P 70 166 37420 1
P 66 167 23977 1
P 67 167 27711 1
P 68 167 31445 1
P 69 167 35178 1
P 70 167 38912 1
P 66 168 25469 1
P 67 168 29203 1
P 68 168 32936 1
P 69 168 36670 1
P 65 169 23227 1
P 66 169 26961 1
P 67 169 30694 1
P 68 169 34428 1
P 69 169 38162 1
P 65 170 24719 1
P 66 170 28452 1
P 67 170 32186 1
P 68 170 35920 1
P 69 170 39654 1
P 65 171 26210 1
P 66 171 29944 1
P 67 171 33678 1
P 68 171 37412 1
P 64 172 23968 1
P 65 172 27702 1
P 66 172 31436 1
P 67 172 35170 1
P 68 172 38904 1
P 64 173 25460 1
P 65 173 29194 1
P 66 173 32928 1
P 67 173 36662 1
P 64 174 26952 1
P 65 174 30686 1
P 66 174 34420 1
P 67 174 38154 1
P 63 175 24710 1
P 64 175 28444 1
P 65 175 32178 1
P 66 175 35912 1
P 63 176 26202 1
P 64 176 29936 1
P 65 176 33670 1
P 66 176 37404 1
P 63 177 27694 1
P 64 177 31428 1
P 65 177 35162 1
P 62 178 25452 1
P 63 178 29186 1
P 64 178 32920 1
P 65 178 36654 1
P 62 179 26944 1
P 63 179 30678 1
P 64 179 34412 1
P 61 180 24702 1
P 62 180 28436 1
P 63 180 32170 1
P 64 180 35904 1
P 61 181 26194 1
P 62 181 29928 1
P 63 181 33662 1
P 64 181 37396 1
P 61 182 27686 1
P 62 182 31420 1
P 63 182 35154 1
P 60 183 25444 1
P 61 183 29178 1
P 62 183 32912 1
P 63 183 36645 1
P 60 184 26936 1
P 61 184 30670 1
P 62 184 34404 1
P 60 185 28428 1
P 61 185 32162 1
P 62 185 35895 1
P 59 186 26186 1
P 60 186 29920 1
P 61 186 33653 1
P 59 187 27678 1
P 60 187 31411 1
P 61 187 35145 1
P 59 188 29169 1
P 60 188 32903 1
P 58 189 26927 1
P 59 189 30661 1
P 60 189 34395 1
P 58 190 28419 1
P 59 190 32153 1
P 57 191 26177 1
P 58 191 29911 1
P 59 191 33645 1
P 57 192 27669 1
P 58 192 31403 1
P 59 192 35137 1
P 57 193 29161 1
P 58 193 32895 1
P 56 194 26919 1
P 57 194 30653 1
P 58 194 34387 1
P 56 195 28411 1
P 57 195 32145 1
P 56 196 29903 1
P 57 196 33637 1
P 55 197 27661 1
P 56 197 31395 1
P 55 198 29153 1
P 56 198 32887 1
P 54 199 26911 1
P 55 199 30645 1
P 54 200 28403 1
P 55 200 32137 1
P 54 201 29895 1
P 53 202 27653 1
P 54 202 31387 1
P 53 203 29145 1
P 54 203 32879 1
P 53 204 30637 1
P 52 205 28395 1
P 53 205 32128 1
P 52 206 29886 1
P 52 207 31378 1
P 51 208 29136 1
P 51 209 30628 1
P 50 210 28386 1
P 50 211 29878 1
P 49 213 29128 1
P 49 214 30620 1
P 48 216 29870 1
