# depth buffer 320x240, 2 bytes per value, shared origin 4505600
# shape 3  background -1
# vertex 0  160 40  objz -0.9989318685  wantcode 65500.0000
# vertex 1  168 48  objz 0.9938963912  wantcode 200.0000
# vertex 2  150 200  objz 0.0844586862  wantcode 30000.0000
# counters drawn=1 software=0 unsupported=0 declined=0
# mode hardware
P 160 41 65535 1
P 160 42 65535 1
P 161 42 65535 1
P 160 43 65535 1
P 161 43 65535 1
P 162 43 65535 1
P 160 44 65535 1
P 161 44 65535 1
P 162 44 65535 1
P 163 44 65535 1
P 160 45 65535 1
P 161 45 65535 1
P 162 45 65535 1
P 163 45 65535 1
P 164 45 65535 1
P 160 46 65535 1
P 161 46 65535 1
P 162 46 65535 1
P 163 46 65535 1
P 164 46 65535 1
P 165 46 65535 1
P 160 47 65535 1
P 161 47 65535 1
P 162 47 65535 1
P 163 47 65535 1
P 164 47 65535 1
P 165 47 65535 1
P 166 47 65535 1
P 159 48 65535 1
P 160 48 65535 1
P 161 48 65535 1
P 162 48 65535 1
P 163 48 65535 1
P 164 48 65535 1
P 165 48 65535 1
P 166 48 65535 1
P 167 48 65535 1
P 159 49 65535 1
P 160 49 65535 1
P 161 49 65535 1
P 162 49 65535 1
P 163 49 65535 1
P 164 49 65535 1
P 165 49 65535 1
P 166 49 65535 1
P 167 49 65535 1
P 159 50 65535 1
P 160 50 65535 1
P 161 50 65535 1
P 162 50 65535 1
P 163 50 65535 1
P 164 50 65535 1
P 165 50 65535 1
P 166 50 65535 1
P 167 50 65535 1
P 159 51 65535 1
P 160 51 65535 1
P 161 51 65535 1
P 162 51 65535 1
P 163 51 65535 1
P 164 51 65535 1
P 165 51 65535 1
P 166 51 65535 1
P 167 51 65535 1
P 159 52 65535 1
P 160 52 65535 1
P 161 52 65535 1
P 162 52 65535 1
P 163 52 65535 1
P 164 52 65535 1
P 165 52 65535 1
P 166 52 65535 1
P 159 53 65535 1
P 160 53 65535 1
P 161 53 65535 1
P 162 53 65535 1
P 163 53 65535 1
P 164 53 65535 1
P 165 53 65535 1
P 166 53 65535 1
P 159 54 65535 1
P 160 54 65535 1
P 161 54 65535 1
P 162 54 65535 1
P 163 54 65535 1
P 164 54 65535 1
P 165 54 65535 1
P 166 54 65535 1
P 159 55 65535 1
P 160 55 65535 1
P 161 55 65535 1
P 162 55 65535 1
P 163 55 65535 1
P 164 55 65535 1
P 165 55 65535 1
P 166 55 65535 1
P 159 56 65535 1
P 160 56 65535 1
P 161 56 65535 1
P 162 56 65535 1
P 163 56 65535 1
P 164 56 65535 1
P 165 56 65535 1
P 166 56 65535 1
P 159 57 65535 1
P 160 57 65535 1
P 161 57 65535 1
P 162 57 65535 1
P 163 57 65535 1
P 164 57 65535 1
P 165 57 65535 1
P 166 57 65535 1
P 159 58 65535 1
P 160 58 65535 1
P 161 58 65535 1
P 162 58 65535 1
P 163 58 65535 1
P 164 58 65535 1
P 165 58 65535 1
P 166 58 65535 1
P 159 59 65535 1
P 160 59 65535 1
P 161 59 65535 1
P 162 59 65535 1
P 163 59 65535 1
P 164 59 65535 1
P 165 59 65535 1
P 166 59 65535 1
P 159 60 65535 1
P 160 60 65535 1
P 161 60 65535 1
P 162 60 65535 1
P 163 60 65535 1
P 164 60 65535 1
P 165 60 65535 1
P 166 60 65535 1
P 159 61 65535 1
P 160 61 65535 1
P 161 61 65535 1
P 162 61 65535 1
P 163 61 65535 1
P 164 61 65535 1
P 165 61 65535 1
P 159 62 65535 1
P 160 62 65535 1
P 161 62 65535 1
P 162 62 65535 1
P 163 62 65535 1
P 164 62 65535 1
P 165 62 65535 1
P 159 63 65535 1
P 160 63 65535 1
P 161 63 65535 1
P 162 63 65535 1
P 163 63 65535 1
P 164 63 65535 1
P 165 63 65535 1
P 158 64 65535 1
P 159 64 65535 1
P 160 64 65535 1
P 161 64 65535 1
P 162 64 65535 1
P 163 64 65535 1
P 164 64 65535 1
P 165 64 65535 1
P 158 65 65535 1
P 159 65 65535 1
P 160 65 65535 1
P 161 65 65535 1
P 162 65 65535 1
P 163 65 65535 1
P 164 65 65535 1
P 165 65 65535 1
P 158 66 65535 1
P 159 66 65535 1
P 160 66 65535 1
P 161 66 65535 1
P 162 66 65535 1
P 163 66 65535 1
P 164 66 65535 1
P 165 66 65535 1
P 158 67 65535 1
P 159 67 65535 1
P 160 67 65535 1
P 161 67 65535 1
P 162 67 65535 1
P 163 67 65535 1
P 164 67 65535 1
P 165 67 65535 1
P 158 68 65535 1
P 159 68 65535 1
P 160 68 65535 1
P 161 68 65535 1
P 162 68 65535 1
P 163 68 65535 1
P 164 68 65535 1
P 165 68 65535 1
P 158 69 65535 1
P 159 69 65535 1
P 160 69 65535 1
P 161 69 65535 1
P 162 69 65535 1
P 163 69 65535 1
P 164 69 65535 1
P 158 70 65535 1
P 159 70 65535 1
P 160 70 65535 1
P 161 70 65535 1
P 162 70 65535 1
P 163 70 65535 1
P 164 70 65535 1
P 158 71 65535 1
P 159 71 65535 1
P 160 71 65535 1
P 161 71 65535 1
P 162 71 65535 1
P 163 71 65535 1
P 164 71 65535 1
P 158 72 65535 1
P 159 72 65535 1
P 160 72 65535 1
P 161 72 65535 1
P 162 72 65535 1
P 163 72 65535 1
P 164 72 65535 1
P 158 73 65535 1
P 159 73 65535 1
P 160 73 65535 1
P 161 73 65535 1
P 162 73 65535 1
P 163 73 65535 1
P 164 73 65535 1
P 158 74 65535 1
P 159 74 65535 1
P 160 74 65535 1
P 161 74 65535 1
P 162 74 65535 1
P 163 74 65535 1
P 164 74 65535 1
P 158 75 65535 1
P 159 75 65535 1
P 160 75 65535 1
P 161 75 65535 1
P 162 75 65535 1
P 163 75 65535 1
P 164 75 65535 1
P 158 76 65535 1
P 159 76 65535 1
P 160 76 65535 1
P 161 76 65535 1
P 162 76 65535 1
P 163 76 65535 1
P 164 76 65535 1
P 158 77 65535 1
P 159 77 65535 1
P 160 77 65535 1
P 161 77 65535 1
P 162 77 65535 1
P 163 77 65535 1
P 164 77 65535 1
P 158 78 65535 1
P 159 78 65535 1
P 160 78 65535 1
P 161 78 65535 1
P 162 78 65535 1
P 163 78 65535 1
P 158 79 65535 1
P 159 79 65535 1
P 160 79 65535 1
P 161 79 65535 1
P 162 79 65535 1
P 163 79 65535 1
P 157 80 65535 1
P 158 80 65535 1
P 159 80 65535 1
P 160 80 65535 1
P 161 80 65535 1
P 162 80 65535 1
P 163 80 65535 1
P 157 81 65535 1
P 158 81 65535 1
P 159 81 65535 1
P 160 81 65535 1
P 161 81 65535 1
P 162 81 65535 1
P 163 81 65535 1
P 157 82 65535 1
P 158 82 65535 1
P 159 82 65535 1
P 160 82 65535 1
P 161 82 65535 1
P 162 82 65535 1
P 163 82 65535 1
P 157 83 65535 1
P 158 83 65535 1
P 159 83 65535 1
P 160 83 65535 1
P 161 83 65535 1
P 162 83 65535 1
P 163 83 65535 1
P 157 84 65535 1
P 158 84 65535 1
P 159 84 65535 1
P 160 84 65535 1
P 161 84 65535 1
P 162 84 65535 1
P 163 84 65535 1
P 157 85 65535 1
P 158 85 65535 1
P 159 85 65535 1
P 160 85 65535 1
P 161 85 65535 1
P 162 85 65535 1
P 163 85 65535 1
P 157 86 65535 1
P 158 86 65535 1
P 159 86 65535 1
P 160 86 65535 1
P 161 86 65535 1
P 162 86 65535 1
P 157 87 65535 1
P 158 87 65535 1
P 159 87 65535 1
P 160 87 65535 1
P 161 87 65535 1
P 162 87 65535 1
P 157 88 65535 1
P 158 88 65535 1
P 159 88 65535 1
P 160 88 65535 1
P 161 88 65535 1
P 162 88 65535 1
P 157 89 65535 1
P 158 89 65535 1
P 159 89 65535 1
P 160 89 65535 1
P 161 89 65535 1
P 162 89 65535 1
P 157 90 65535 1
P 158 90 65535 1
P 159 90 65535 1
P 160 90 65535 1
P 161 90 65535 1
P 162 90 65535 1
P 157 91 65535 1
P 158 91 65535 1
P 159 91 65535 1
P 160 91 65535 1
P 161 91 65535 1
P 162 91 65535 1
P 157 92 65535 1
P 158 92 65535 1
P 159 92 65535 1
P 160 92 65535 1
P 161 92 65535 1
P 162 92 65535 1
P 157 93 65535 1
P 158 93 65535 1
P 159 93 65535 1
P 160 93 65535 1
P 161 93 65535 1
P 162 93 65535 1
P 157 94 65535 1
P 158 94 65535 1
P 159 94 65535 1
P 160 94 65535 1
P 161 94 65535 1
P 157 95 65535 1
P 158 95 65535 1
P 159 95 65535 1
P 160 95 65535 1
P 161 95 65535 1
P 156 96 65535 1
P 157 96 65535 1
P 158 96 65535 1
P 159 96 65535 1
P 160 96 65535 1
P 161 96 65535 1
P 156 97 65535 1
P 157 97 65535 1
P 158 97 65535 1
P 159 97 65535 1
P 160 97 65535 1
P 161 97 65535 1
P 156 98 65535 1
P 157 98 65535 1
P 158 98 65535 1
P 159 98 65535 1
P 160 98 65535 1
P 161 98 65535 1
P 156 99 65535 1
P 157 99 65535 1
P 158 99 65535 1
P 159 99 65535 1
P 160 99 65535 1
P 161 99 65535 1
P 156 100 65535 1
P 157 100 65535 1
P 158 100 65535 1
P 159 100 65535 1
P 160 100 65535 1
P 161 100 65535 1
P 156 101 65535 1
P 157 101 65535 1
P 158 101 65535 1
P 159 101 65535 1
P 160 101 65535 1
P 161 101 65535 1
P 156 102 65535 1
P 157 102 65535 1
P 158 102 65535 1
P 159 102 65535 1
P 160 102 65535 1
P 161 102 65535 1
P 156 103 65535 1
P 157 103 65535 1
P 158 103 65535 1
P 159 103 65535 1
P 160 103 65535 1
P 156 104 65535 1
P 157 104 65535 1
P 158 104 65535 1
P 159 104 65535 1
P 160 104 65535 1
P 156 105 65535 1
P 157 105 65535 1
P 158 105 65535 1
P 159 105 65535 1
P 160 105 65535 1
P 156 106 65535 1
P 157 106 65535 1
P 158 106 65535 1
P 159 106 65535 1
P 160 106 65535 1
P 156 107 65535 1
P 157 107 65535 1
P 158 107 65535 1
P 159 107 65535 1
P 160 107 65535 1
P 156 108 65535 1
P 157 108 65535 1
P 158 108 65535 1
P 159 108 65535 1
P 160 108 65535 1
P 156 109 65535 1
P 157 109 65535 1
P 158 109 65535 1
P 159 109 65535 1
P 160 109 65535 1
P 156 110 65535 1
P 157 110 65535 1
P 158 110 65535 1
P 159 110 65535 1
P 160 110 65535 1
P 156 111 65535 1
P 157 111 65535 1
P 158 111 65535 1
P 159 111 65535 1
P 155 112 65535 1
P 156 112 65535 1
P 157 112 65535 1
P 158 112 65535 1
P 159 112 65535 1
P 155 113 65535 1
P 156 113 65535 1
P 157 113 65535 1
P 158 113 65535 1
P 159 113 65535 1
P 155 114 65535 1
P 156 114 65535 1
P 157 114 65535 1
P 158 114 65535 1
P 159 114 65535 1
P 155 115 65535 1
P 156 115 65535 1
P 157 115 65535 1
P 158 115 65535 1
P 159 115 65535 1
P 155 116 65535 1
P 156 116 65535 1
P 157 116 65535 1
P 158 116 65535 1
P 159 116 65535 1
P 155 117 65535 1
P 156 117 65535 1
P 157 117 65535 1
P 158 117 65535 1
P 159 117 65535 1
P 155 118 65535 1
P 156 118 65535 1
P 157 118 65535 1
P 158 118 65535 1
P 159 118 65535 1
P 155 119 65535 1
P 156 119 65535 1
P 157 119 65535 1
P 158 119 65535 1
P 159 119 65535 1
P 155 120 65535 1
P 156 120 65535 1
P 157 120 65535 1
P 158 120 65535 1
P 155 121 65535 1
P 156 121 65535 1
P 157 121 65535 1
P 158 121 65535 1
P 155 122 65535 1
P 156 122 65535 1
P 157 122 65535 1
P 158 122 65535 1
P 155 123 65535 1
P 156 123 65535 1
P 157 123 65535 1
P 158 123 65535 1
P 155 124 65535 1
P 156 124 65535 1
P 157 124 65535 1
P 158 124 65535 1
P 155 125 65535 1
P 156 125 65535 1
P 157 125 65535 1
P 158 125 65535 1
P 155 126 65535 1
P 156 126 65535 1
P 157 126 65535 1
P 158 126 65535 1
P 155 127 65535 1
P 156 127 65535 1
P 157 127 65535 1
P 158 127 65535 1
P 154 128 65535 1
P 155 128 65535 1
P 156 128 65535 1
P 157 128 65535 1
P 154 129 65535 1
P 155 129 65535 1
P 156 129 65535 1
P 157 129 65535 1
P 154 130 65535 1
P 155 130 65535 1
P 156 130 65535 1
P 157 130 65535 1
P 154 131 65535 1
P 155 131 65535 1
P 156 131 65535 1
P 157 131 65535 1
P 154 132 65535 1
P 155 132 65535 1
P 156 132 65535 1
P 157 132 65535 1
P 154 133 65535 1
P 155 133 65535 1
P 156 133 65535 1
P 157 133 65535 1
P 154 134 65535 1
P 155 134 65535 1
P 156 134 65535 1
P 157 134 65535 1
P 154 135 65535 1
P 155 135 65535 1
P 156 135 65535 1
P 157 135 65535 1
P 154 136 65535 1
P 155 136 65535 1
P 156 136 65535 1
P 157 136 65535 1
P 154 137 65535 1
P 155 137 65535 1
P 156 137 65535 1
P 154 138 65535 1
P 155 138 65535 1
P 156 138 65535 1
P 154 139 65535 1
P 155 139 65535 1
P 156 139 65535 1
P 154 140 65535 1
P 155 140 65535 1
P 156 140 65535 1
P 154 141 65535 1
P 155 141 65535 1
P 156 141 65535 1
P 154 142 65535 1
P 155 142 65535 1
P 156 142 65535 1
P 154 143 65535 1
P 155 143 65535 1
P 156 143 65535 1
P 153 144 65535 1
P 154 144 65535 1
P 155 144 65535 1
P 156 144 65535 1
P 153 145 65535 1
P 154 145 65535 1
P 155 145 65535 1
P 153 146 65535 1
P 154 146 65535 1
P 155 146 65535 1
P 153 147 65535 1
P 154 147 65535 1
P 155 147 65535 1
P 153 148 65535 1
P 154 148 65535 1
P 155 148 65535 1
P 153 149 65535 1
P 154 149 65535 1
P 155 149 65535 1
P 153 150 65535 1
P 154 150 65535 1
P 155 150 65535 1
P 153 151 65535 1
P 154 151 65535 1
P 155 151 65535 1
P 153 152 65535 1
P 154 152 65535 1
P 155 152 65535 1
P 153 153 65535 1
P 154 153 65535 1
P 155 153 65535 1
P 153 154 65535 1
P 154 154 65535 1
P 153 155 65535 1
P 154 155 65535 1
P 153 156 65535 1
P 154 156 65535 1
P 153 157 65535 1
P 154 157 65535 1
P 153 158 65535 1
P 154 158 65535 1
P 153 159 65535 1
P 154 159 65535 1
P 152 160 65535 1
P 153 160 65535 1
P 154 160 65535 1
P 152 161 65535 1
P 153 161 65535 1
P 154 161 65535 1
P 152 162 65535 1
P 153 162 65535 1
P 152 163 65535 1
P 153 163 65535 1
P 152 164 65535 1
P 153 164 65535 1
P 152 165 65535 1
P 153 165 65535 1
P 152 166 65535 1
P 153 166 65535 1
P 152 167 65535 1
P 153 167 65535 1
P 152 168 65535 1
P 153 168 65535 1
P 152 169 65535 1
P 153 169 65535 1
P 152 170 65535 1
P 152 171 65535 1
P 152 172 65535 1
P 152 173 65535 1
P 152 174 65535 1
P 152 175 65535 1
P 151 176 65535 1
P 152 176 65535 1
P 151 177 65535 1
P 152 177 65535 1
P 151 178 65535 1
P 152 178 65535 1
P 151 179 65535 1
P 151 180 65535 1
P 151 181 65535 1
P 151 182 65535 1
P 151 183 65535 1
P 151 184 65535 1
P 151 185 65535 1
P 151 186 65535 1
P 150 192 65535 1
P 150 193 65535 1
P 150 194 65535 1
P 150 195 65535 1
