# pass 1: 1 trapezoid(s), submit 0, verdict 0
R 1 11 264 265
R 1 12 263 265
R 1 13 262 265
R 1 14 261 266
R 1 15 260 266
R 1 16 259 266
R 1 17 258 267
R 1 18 257 267
R 1 19 256 267
R 1 20 255 268
R 1 21 254 268
R 1 22 253 268
R 1 23 253 269
R 1 24 252 269
R 1 25 251 269
R 1 26 250 270
R 1 27 249 270
R 1 28 248 270
R 1 29 247 271
R 1 30 246 271
R 1 31 245 271
R 1 32 244 272
R 1 33 243 272
R 1 34 242 272
R 1 35 241 273
R 1 36 241 273
R 1 37 240 273
R 1 38 239 274
R 1 39 238 274
R 1 40 237 274
R 1 41 236 275
R 1 42 235 275
R 1 43 234 275
R 1 44 233 276
R 1 45 232 276
R 1 46 231 276
R 1 47 230 277
R 1 48 229 277
R 1 49 229 277
R 1 50 228 278
R 1 51 227 278
R 1 52 226 278
R 1 53 225 279
R 1 54 224 279
R 1 55 223 279
R 1 56 222 280
R 1 57 221 280
R 1 58 220 280
R 1 59 219 281
R 1 60 218 281
R 1 61 217 281
R 1 62 217 282
R 1 63 216 282
R 1 64 215 282
R 1 65 214 283
R 1 66 213 283
R 1 67 212 283
R 1 68 211 284
R 1 69 210 284
R 1 70 209 284
R 1 71 208 285
R 1 72 207 285
R 1 73 206 285
R 1 74 205 286
R 1 75 205 286
R 1 76 204 286
R 1 77 203 287
R 1 78 202 287
R 1 79 201 287
R 1 80 200 288
R 1 81 199 288
R 1 82 198 289
R 1 83 197 289
R 1 84 196 289
R 1 85 195 290
R 1 86 194 290
R 1 87 194 290
R 1 88 193 291
R 1 89 192 291
R 1 90 191 291
R 1 91 190 292
R 1 92 189 292
R 1 93 188 292
R 1 94 187 293
R 1 95 186 293
R 1 96 185 293
R 1 97 184 294
R 1 98 183 294
R 1 99 182 294
R 1 100 182 295
R 1 101 181 295
R 1 102 180 295
R 1 103 179 296
R 1 104 178 296
R 1 105 177 296
R 1 106 176 297
R 1 107 175 297
R 1 108 174 297
R 1 109 173 298
R 1 110 172 298
R 1 111 171 298
R 1 112 170 299
R 1 113 170 299
R 1 114 169 299
R 1 115 168 300
R 1 116 167 300
R 1 117 166 300
R 1 118 165 301
R 1 119 164 301
R 1 120 163 301
R 1 121 162 302
R 1 122 161 302
R 1 123 160 302
R 1 124 159 303
R 1 125 158 303
R 1 126 158 303
R 1 127 157 304
R 1 128 156 304
R 1 129 155 304
R 1 130 154 305
R 1 131 153 305
R 1 132 152 305
R 1 133 151 306
R 1 134 150 306
R 1 135 149 306
R 1 136 148 307
R 1 137 147 307
R 1 138 146 307
# pass 2: 2 trapezoid(s), submit 0, verdict 0
R 2 11 264 265
R 2 12 263 265
R 2 13 262 265
R 2 14 261 266
R 2 15 260 266
R 2 16 259 266
R 2 17 258 267
R 2 18 257 267
R 2 19 256 267
R 2 20 255 268
R 2 21 254 268
R 2 22 253 268
R 2 23 253 269
R 2 24 252 269
R 2 25 251 269
R 2 26 250 270
R 2 27 249 270
R 2 28 248 270
R 2 29 247 271
R 2 30 246 271
R 2 31 245 271
R 2 32 244 272
R 2 33 243 272
R 2 34 242 272
R 2 35 241 273
R 2 36 241 273
R 2 37 240 273
R 2 38 239 274
R 2 39 238 274
R 2 40 237 274
R 2 41 236 275
R 2 42 235 275
R 2 43 234 275
R 2 44 233 276
R 2 45 232 276
R 2 46 231 276
R 2 47 230 277
R 2 48 229 277
R 2 49 229 277
R 2 50 228 278
R 2 51 227 278
R 2 52 226 278
R 2 53 225 279
R 2 54 224 279
R 2 55 223 279
R 2 56 222 280
R 2 57 221 280
R 2 58 220 280
R 2 59 219 281
R 2 60 218 281
R 2 61 217 281
R 2 62 217 282
R 2 63 216 282
R 2 64 215 282
R 2 65 214 283
R 2 66 213 283
R 2 67 212 283
R 2 68 211 284
R 2 69 210 284
R 2 70 209 284
R 2 71 208 285
R 2 72 207 285
R 2 73 206 285
R 2 74 205 286
R 2 75 205 286
R 2 76 204 286
R 2 77 203 287
R 2 78 202 287
R 2 79 201 287
R 2 80 200 288
R 2 81 199 288
R 2 82 198 289
R 2 83 197 289
R 2 84 196 289
R 2 85 195 290
R 2 86 194 290
R 2 87 194 290
R 2 88 193 291
R 2 89 192 291
R 2 90 191 291
R 2 91 190 292
R 2 92 189 292
R 2 93 188 292
R 2 94 187 293
R 2 95 186 293
R 2 96 185 293
R 2 97 184 294
R 2 98 183 294
R 2 99 182 294
R 2 100 182 295
R 2 101 181 295
R 2 102 180 295
R 2 103 179 296
R 2 104 178 296
R 2 105 177 296
R 2 106 176 297
R 2 107 175 297
R 2 108 174 297
R 2 109 173 298
R 2 110 172 298
R 2 111 171 298
R 2 112 170 299
R 2 113 170 299
R 2 114 169 299
R 2 115 168 300
R 2 116 167 300
R 2 117 166 300
R 2 118 165 301
R 2 119 164 301
R 2 120 163 301
R 2 121 162 302
R 2 122 161 302
R 2 123 160 302
R 2 124 159 303
R 2 125 158 303
R 2 126 158 303
R 2 127 157 304
R 2 128 156 304
R 2 129 155 304
R 2 130 154 305
R 2 131 153 305
R 2 132 152 305
R 2 133 151 306
R 2 134 150 306
R 2 135 149 306
R 2 136 148 307
R 2 137 147 307
R 2 138 146 307
R 2 139 152 308
R 2 140 165 308
R 2 141 178 308
R 2 142 191 309
R 2 143 204 309
R 2 144 217 309
R 2 145 229 310
R 2 146 242 310
R 2 147 255 310
R 2 148 268 311
R 2 149 281 311
R 2 150 294 311
R 2 151 307 312
