# depth buffer 320x240, 2 bytes per value, shared origin 0
# shape 3  background -1
# vertex 0  160 40  objz -0.9989318685  wantcode 65500.0000
# vertex 1  168 48  objz 0.9938963912  wantcode 200.0000
# vertex 2  150 200  objz 0.0844586862  wantcode 30000.0000
# counters drawn=0 software=0 unsupported=0 declined=0
# depth starts clamped: 0
# mode software
P 160 41 60730 1
P 160 42 60041 1
P 161 42 52567 1
P 160 43 59352 1
P 161 43 51878 1
P 162 43 44405 1
P 160 44 58663 1
P 161 44 51189 1
P 162 44 43716 1
P 163 44 36242 1
P 160 45 57974 1
P 161 45 50500 1
P 162 45 43027 1
P 163 45 35553 1
P 164 45 28080 1
P 160 46 57285 1
P 161 46 49811 1
P 162 46 42338 1
P 163 46 34864 1
P 164 46 27391 1
P 165 46 19917 1
P 160 47 56596 1
P 161 47 49122 1
P 162 47 41649 1
P 163 47 34175 1
P 164 47 26702 1
P 165 47 19228 1
P 166 47 11755 1
P 159 48 63381 1
P 160 48 55907 1
P 161 48 48433 1
P 162 48 40960 1
P 163 48 33486 1
P 164 48 26013 1
P 165 48 18539 1
P 166 48 11066 1
P 167 48 3592 1
P 159 49 62692 1
P 160 49 55218 1
P 161 49 47744 1
P 162 49 40271 1
P 163 49 32797 1
P 164 49 25324 1
P 165 49 17850 1
P 166 49 10377 1
P 167 49 2903 1
P 159 50 62003 1
P 160 50 54529 1
P 161 50 47056 1
P 162 50 39582 1
P 163 50 32108 1
P 164 50 24635 1
P 165 50 17161 1
P 166 50 9688 1
P 167 50 2214 1
P 159 51 61314 1
P 160 51 53840 1
P 161 51 46367 1
P 162 51 38893 1
P 163 51 31419 1
P 164 51 23946 1
P 165 51 16472 1
P 166 51 8999 1
P 167 51 1525 1
P 159 52 60625 1
P 160 52 53151 1
P 161 52 45678 1
P 162 52 38204 1
P 163 52 30731 1
P 164 52 23257 1
P 165 52 15783 1
P 166 52 8310 1
P 159 53 59936 1
P 160 53 52462 1
P 161 53 44989 1
P 162 53 37515 1
P 163 53 30042 1
P 164 53 22568 1
P 165 53 15094 1
P 166 53 7621 1
P 159 54 59247 1
P 160 54 51773 1
P 161 54 44300 1
P 162 54 36826 1
P 163 54 29353 1
P 164 54 21879 1
P 165 54 14406 1
P 166 54 6932 1
P 159 55 58558 1
P 160 55 51084 1
P 161 55 43611 1
P 162 55 36137 1
P 163 55 28664 1
P 164 55 21190 1
P 165 55 13717 1
P 166 55 6243 1
P 159 56 57869 1
P 160 56 50395 1
P 161 56 42922 1
P 162 56 35448 1
P 163 56 27975 1
P 164 56 20501 1
P 165 56 13028 1
P 166 56 5554 1
P 159 57 57180 1
P 160 57 49706 1
P 161 57 42233 1
P 162 57 34759 1
P 163 57 27286 1
P 164 57 19812 1
P 165 57 12339 1
P 166 57 4865 1
P 159 58 56491 1
P 160 58 49017 1
P 161 58 41544 1
P 162 58 34070 1
P 163 58 26597 1
P 164 58 19123 1
P 165 58 11650 1
P 166 58 4176 1
P 159 59 55802 1
P 160 59 48328 1
P 161 59 40855 1
P 162 59 33381 1
P 163 59 25908 1
P 164 59 18434 1
P 165 59 10961 1
P 166 59 3487 1
P 159 60 55113 1
P 160 60 47639 1
P 161 60 40166 1
P 162 60 32692 1
P 163 60 25219 1
P 164 60 17745 1
P 165 60 10272 1
P 166 60 2798 1
P 159 61 54424 1
P 160 61 46950 1
P 161 61 39477 1
P 162 61 32003 1
P 163 61 24530 1
P 164 61 17056 1
P 165 61 9583 1
P 159 62 53735 1
P 160 62 46261 1
P 161 62 38788 1
P 162 62 31314 1
P 163 62 23841 1
P 164 62 16367 1
P 165 62 8894 1
P 159 63 53046 1
P 160 63 45572 1
P 161 63 38099 1
P 162 63 30625 1
P 163 63 23152 1
P 164 63 15678 1
P 165 63 8205 1
P 158 64 59831 1
P 159 64 52357 1
P 160 64 44883 1
P 161 64 37410 1
P 162 64 29936 1
P 163 64 22463 1
P 164 64 14989 1
P 165 64 7516 1
P 158 65 59142 1
P 159 65 51668 1
P 160 65 44194 1
P 161 65 36721 1
P 162 65 29247 1
P 163 65 21774 1
P 164 65 14300 1
P 165 65 6827 1
P 158 66 58453 1
P 159 66 50979 1
P 160 66 43506 1
P 161 66 36032 1
P 162 66 28558 1
P 163 66 21085 1
P 164 66 13611 1
P 165 66 6138 1
P 158 67 57764 1
P 159 67 50290 1
P 160 67 42817 1
P 161 67 35343 1
P 162 67 27869 1
P 163 67 20396 1
P 164 67 12922 1
P 165 67 5449 1
P 158 68 57075 1
P 159 68 49601 1
P 160 68 42128 1
P 161 68 34654 1
P 162 68 27181 1
P 163 68 19707 1
P 164 68 12233 1
P 165 68 4760 1
P 158 69 56386 1
P 159 69 48912 1
P 160 69 41439 1
P 161 69 33965 1
P 162 69 26492 1
P 163 69 19018 1
P 164 69 11544 1
P 158 70 55697 1
P 159 70 48223 1
P 160 70 40750 1
P 161 70 33276 1
P 162 70 25803 1
P 163 70 18329 1
P 164 70 10856 1
P 158 71 55008 1
P 159 71 47534 1
P 160 71 40061 1
P 161 71 32587 1
P 162 71 25114 1
P 163 71 17640 1
P 164 71 10167 1
P 158 72 54319 1
P 159 72 46845 1
P 160 72 39372 1
P 161 72 31898 1
P 162 72 24425 1
P 163 72 16951 1
P 164 72 9478 1
P 158 73 53630 1
P 159 73 46156 1
P 160 73 38683 1
P 161 73 31209 1
P 162 73 23736 1
P 163 73 16262 1
P 164 73 8789 1
P 158 74 52941 1
P 159 74 45467 1
P 160 74 37994 1
P 161 74 30520 1
P 162 74 23047 1
P 163 74 15573 1
P 164 74 8100 1
P 158 75 52252 1
P 159 75 44778 1
P 160 75 37305 1
P 161 75 29831 1
P 162 75 22358 1
P 163 75 14884 1
P 164 75 7411 1
P 158 76 51563 1
P 159 76 44089 1
P 160 76 36616 1
P 161 76 29142 1
P 162 76 21669 1
P 163 76 14195 1
P 164 76 6722 1
P 158 77 50874 1
P 159 77 43400 1
P 160 77 35927 1
P 161 77 28453 1
P 162 77 20980 1
P 163 77 13506 1
P 164 77 6033 1
P 158 78 50185 1
P 159 78 42711 1
P 160 78 35238 1
P 161 78 27764 1
P 162 78 20291 1
P 163 78 12817 1
P 158 79 49496 1
P 159 79 42022 1
P 160 79 34549 1
P 161 79 27075 1
P 162 79 19602 1
P 163 79 12128 1
P 157 80 56281 1
P 158 80 48807 1
P 159 80 41333 1
P 160 80 33860 1
P 161 80 26386 1
P 162 80 18913 1
P 163 80 11439 1
P 157 81 55592 1
P 158 81 48118 1
P 159 81 40644 1
P 160 81 33171 1
P 161 81 25697 1
P 162 81 18224 1
P 163 81 10750 1
P 157 82 54903 1
P 158 82 47429 1
P 159 82 39956 1
P 160 82 32482 1
P 161 82 25008 1
P 162 82 17535 1
P 163 82 10061 1
P 157 83 54214 1
P 158 83 46740 1
P 159 83 39267 1
P 160 83 31793 1
P 161 83 24319 1
P 162 83 16846 1
P 163 83 9372 1
P 157 84 53525 1
P 158 84 46051 1
P 159 84 38578 1
P 160 84 31104 1
P 161 84 23631 1
P 162 84 16157 1
P 163 84 8683 1
P 157 85 52836 1
P 158 85 45362 1
P 159 85 37889 1
P 160 85 30415 1
P 161 85 22942 1
P 162 85 15468 1
P 163 85 7994 1
P 157 86 52147 1
P 158 86 44673 1
P 159 86 37200 1
P 160 86 29726 1
P 161 86 22253 1
P 162 86 14779 1
P 157 87 51458 1
P 158 87 43984 1
P 159 87 36511 1
P 160 87 29037 1
P 161 87 21564 1
P 162 87 14090 1
P 157 88 50769 1
P 158 88 43295 1
P 159 88 35822 1
P 160 88 28348 1
P 161 88 20875 1
P 162 88 13401 1
P 157 89 50080 1
P 158 89 42606 1
P 159 89 35133 1
P 160 89 27659 1
P 161 89 20186 1
P 162 89 12712 1
P 157 90 49391 1
P 158 90 41917 1
P 159 90 34444 1
P 160 90 26970 1
P 161 90 19497 1
P 162 90 12023 1
P 157 91 48702 1
P 158 91 41228 1
P 159 91 33755 1
P 160 91 26281 1
P 161 91 18808 1
P 162 91 11334 1
P 157 92 48013 1
P 158 92 40539 1
P 159 92 33066 1
P 160 92 25592 1
P 161 92 18119 1
P 162 92 10645 1
P 157 93 47324 1
P 158 93 39850 1
P 159 93 32377 1
P 160 93 24903 1
P 161 93 17430 1
P 162 93 9956 1
P 157 94 46635 1
P 158 94 39161 1
P 159 94 31688 1
P 160 94 24214 1
P 161 94 16741 1
P 162 94 9267 1
P 157 95 45946 1
P 158 95 38472 1
P 159 95 30999 1
P 160 95 23525 1
P 161 95 16052 1
P 156 96 52731 1
P 157 96 45257 1
P 158 96 37783 1
P 159 96 30310 1
P 160 96 22836 1
P 161 96 15363 1
P 156 97 52042 1
P 157 97 44568 1
P 158 97 37094 1
P 159 97 29621 1
P 160 97 22147 1
P 161 97 14674 1
P 156 98 51353 1
P 157 98 43879 1
P 158 98 36406 1
P 159 98 28932 1
P 160 98 21458 1
P 161 98 13985 1
P 156 99 50664 1
P 157 99 43190 1
P 158 99 35717 1
P 159 99 28243 1
P 160 99 20769 1
P 161 99 13296 1
P 156 100 49975 1
P 157 100 42501 1
P 158 100 35028 1
P 159 100 27554 1
P 160 100 20081 1
P 161 100 12607 1
P 156 101 49286 1
P 157 101 41812 1
P 158 101 34339 1
P 159 101 26865 1
P 160 101 19392 1
P 161 101 11918 1
P 156 102 48597 1
P 157 102 41123 1
P 158 102 33650 1
P 159 102 26176 1
P 160 102 18703 1
P 161 102 11229 1
P 156 103 47908 1
P 157 103 40434 1
P 158 103 32961 1
P 159 103 25487 1
P 160 103 18014 1
P 156 104 47219 1
P 157 104 39745 1
P 158 104 32272 1
P 159 104 24798 1
P 160 104 17325 1
P 156 105 46530 1
P 157 105 39056 1
P 158 105 31583 1
P 159 105 24109 1
P 160 105 16636 1
P 156 106 45841 1
P 157 106 38367 1
P 158 106 30894 1
P 159 106 23420 1
P 160 106 15947 1
P 156 107 45152 1
P 157 107 37678 1
P 158 107 30205 1
P 159 107 22731 1
P 160 107 15258 1
P 156 108 44463 1
P 157 108 36989 1
P 158 108 29516 1
P 159 108 22042 1
P 160 108 14569 1
P 156 109 43774 1
P 157 109 36300 1
P 158 109 28827 1
P 159 109 21353 1
P 160 109 13880 1
P 156 110 43085 1
P 157 110 35611 1
P 158 110 28138 1
P 159 110 20664 1
P 160 110 13191 1
P 156 111 42396 1
P 157 111 34922 1
P 158 111 27449 1
P 159 111 19975 1
P 156 112 41707 1
P 157 112 34233 1
P 158 112 26760 1
P 159 112 19286 1
P 155 113 48492 1
P 156 113 41018 1
P 157 113 33544 1
P 158 113 26071 1
P 159 113 18597 1
P 155 114 47803 1
P 156 114 40329 1
P 157 114 32856 1
P 158 114 25382 1
P 159 114 17908 1
P 155 115 47114 1
P 156 115 39640 1
P 157 115 32167 1
P 158 115 24693 1
P 159 115 17219 1
P 155 116 46425 1
P 156 116 38951 1
P 157 116 31478 1
P 158 116 24004 1
P 159 116 16531 1
P 155 117 45736 1
P 156 117 38262 1
P 157 117 30789 1
P 158 117 23315 1
P 159 117 15842 1
P 155 118 45047 1
P 156 118 37573 1
P 157 118 30100 1
P 158 118 22626 1
P 159 118 15153 1
P 155 119 44358 1
P 156 119 36884 1
P 157 119 29411 1
P 158 119 21937 1
P 159 119 14464 1
P 155 120 43669 1
P 156 120 36195 1
P 157 120 28722 1
P 158 120 21248 1
P 155 121 42980 1
P 156 121 35506 1
P 157 121 28033 1
P 158 121 20559 1
P 155 122 42291 1
P 156 122 34817 1
P 157 122 27344 1
P 158 122 19870 1
P 155 123 41602 1
P 156 123 34128 1
P 157 123 26655 1
P 158 123 19181 1
P 155 124 40913 1
P 156 124 33439 1
P 157 124 25966 1
P 158 124 18492 1
P 155 125 40224 1
P 156 125 32750 1
P 157 125 25277 1
P 158 125 17803 1
P 155 126 39535 1
P 156 126 32061 1
P 157 126 24588 1
P 158 126 17114 1
P 155 127 38846 1
P 156 127 31372 1
P 157 127 23899 1
P 158 127 16425 1
P 155 128 38157 1
P 156 128 30683 1
P 157 128 23210 1
P 154 129 44942 1
P 155 129 37468 1
P 156 129 29994 1
P 157 129 22521 1
P 154 130 44253 1
P 155 130 36779 1
P 156 130 29306 1
P 157 130 21832 1
P 154 131 43564 1
P 155 131 36090 1
P 156 131 28617 1
P 157 131 21143 1
P 154 132 42875 1
P 155 132 35401 1
P 156 132 27928 1
P 157 132 20454 1
P 154 133 42186 1
P 155 133 34712 1
P 156 133 27239 1
P 157 133 19765 1
P 154 134 41497 1
P 155 134 34023 1
P 156 134 26550 1
P 157 134 19076 1
P 154 135 40808 1
P 155 135 33334 1
P 156 135 25861 1
P 157 135 18387 1
P 154 136 40119 1
P 155 136 32645 1
P 156 136 25172 1
P 157 136 17698 1
P 154 137 39430 1
P 155 137 31956 1
P 156 137 24483 1
P 154 138 38741 1
P 155 138 31267 1
P 156 138 23794 1
P 154 139 38052 1
P 155 139 30578 1
P 156 139 23105 1
P 154 140 37363 1
P 155 140 29889 1
P 156 140 22416 1
P 154 141 36674 1
P 155 141 29200 1
P 156 141 21727 1
P 154 142 35985 1
P 155 142 28511 1
P 156 142 21038 1
P 154 143 35296 1
P 155 143 27822 1
P 156 143 20349 1
P 154 144 34607 1
P 155 144 27133 1
P 156 144 19660 1
P 153 145 41392 1
P 154 145 33918 1
P 155 145 26444 1
P 153 146 40703 1
P 154 146 33229 1
P 155 146 25756 1
P 153 147 40014 1
P 154 147 32540 1
P 155 147 25067 1
P 153 148 39325 1
P 154 148 31851 1
P 155 148 24378 1
P 153 149 38636 1
P 154 149 31162 1
P 155 149 23689 1
P 153 150 37947 1
P 154 150 30473 1
P 155 150 23000 1
P 153 151 37258 1
P 154 151 29784 1
P 155 151 22311 1
P 153 152 36569 1
P 154 152 29095 1
P 155 152 21622 1
P 153 153 35880 1
P 154 153 28406 1
P 155 153 20933 1
P 153 154 35191 1
P 154 154 27717 1
P 153 155 34502 1
P 154 155 27028 1
P 153 156 33813 1
P 154 156 26339 1
P 153 157 33124 1
P 154 157 25650 1
P 153 158 32435 1
P 154 158 24961 1
P 153 159 31746 1
P 154 159 24272 1
P 153 160 31057 1
P 154 160 23583 1
P 152 161 37842 1
P 153 161 30368 1
P 154 161 22894 1
P 152 162 37153 1
P 153 162 29679 1
P 152 163 36464 1
P 153 163 28990 1
P 152 164 35775 1
P 153 164 28301 1
P 152 165 35086 1
P 153 165 27612 1
P 152 166 34397 1
P 153 166 26923 1
P 152 167 33708 1
P 153 167 26234 1
P 152 168 33019 1
P 153 168 25545 1
P 152 169 32330 1
P 153 169 24856 1
P 152 170 31641 1
P 153 170 24167 1
P 152 171 30952 1
P 152 172 30263 1
P 152 173 29574 1
P 152 174 28885 1
P 152 175 28196 1
P 152 176 27507 1
P 151 177 34292 1
P 152 177 26818 1
P 151 178 33603 1
P 152 178 26129 1
P 151 179 32914 1
P 151 180 32225 1
P 151 181 31536 1
P 151 182 30847 1
P 151 183 30158 1
P 151 184 29469 1
P 151 185 28780 1
P 151 186 28091 1
P 151 187 27402 1
P 150 193 30742 1
P 150 194 30053 1
P 150 195 29364 1
