# shape D mode ssolo1 ntri 4
# select hard 0 soft 1
# v0 160.0000000 120.0000000
# v1 60.0000000 40.0000000
# v2 176.0000000 24.0000000
# v3 188.0000000 28.0000000
# v4 304.0000000 160.0000000
# v5 64.0000000 216.0000000
# t0 0 1 2
# t1 0 2 3
# t2 0 3 4
# t3 0 4 5
# counters drawn=0 software=0 declined=0
# mode hardware
P 172 24 255 0 0
P 173 24 255 0 0
P 174 24 255 0 0
P 175 24 255 0 0
P 165 25 255 0 0
P 166 25 255 0 0
P 167 25 255 0 0
P 168 25 255 0 0
P 169 25 255 0 0
P 170 25 255 0 0
P 171 25 255 0 0
P 172 25 255 0 0
P 173 25 255 0 0
P 174 25 255 0 0
P 175 25 255 0 0
P 158 26 255 0 0
P 159 26 255 0 0
P 160 26 255 0 0
P 161 26 255 0 0
P 162 26 255 0 0
P 163 26 255 0 0
P 164 26 255 0 0
P 165 26 255 0 0
P 166 26 255 0 0
P 167 26 255 0 0
P 168 26 255 0 0
P 169 26 255 0 0
P 170 26 255 0 0
P 171 26 255 0 0
P 172 26 255 0 0
P 173 26 255 0 0
P 174 26 255 0 0
P 175 26 255 0 0
P 151 27 255 0 0
P 152 27 255 0 0
P 153 27 255 0 0
P 154 27 255 0 0
P 155 27 255 0 0
P 156 27 255 0 0
P 157 27 255 0 0
P 158 27 255 0 0
P 159 27 255 0 0
P 160 27 255 0 0
P 161 27 255 0 0
P 162 27 255 0 0
P 163 27 255 0 0
P 164 27 255 0 0
P 165 27 255 0 0
P 166 27 255 0 0
P 167 27 255 0 0
P 168 27 255 0 0
P 169 27 255 0 0
P 170 27 255 0 0
P 171 27 255 0 0
P 172 27 255 0 0
P 173 27 255 0 0
P 174 27 255 0 0
P 143 28 255 0 0
P 144 28 255 0 0
P 145 28 255 0 0
P 146 28 255 0 0
P 147 28 255 0 0
P 148 28 255 0 0
P 149 28 255 0 0
P 150 28 255 0 0
P 151 28 255 0 0
P 152 28 255 0 0
P 153 28 255 0 0
P 154 28 255 0 0
P 155 28 255 0 0
P 156 28 255 0 0
P 157 28 255 0 0
P 158 28 255 0 0
P 159 28 255 0 0
P 160 28 255 0 0
P 161 28 255 0 0
P 162 28 255 0 0
P 163 28 255 0 0
P 164 28 255 0 0
P 165 28 255 0 0
P 166 28 255 0 0
P 167 28 255 0 0
P 168 28 255 0 0
P 169 28 255 0 0
P 170 28 255 0 0
P 171 28 255 0 0
P 172 28 255 0 0
P 173 28 255 0 0
P 174 28 255 0 0
P 136 29 255 0 0
P 137 29 255 0 0
P 138 29 255 0 0
P 139 29 255 0 0
P 140 29 255 0 0
P 141 29 255 0 0
P 142 29 255 0 0
P 143 29 255 0 0
P 144 29 255 0 0
P 145 29 255 0 0
P 146 29 255 0 0
P 147 29 255 0 0
P 148 29 255 0 0
P 149 29 255 0 0
P 150 29 255 0 0
P 151 29 255 0 0
P 152 29 255 0 0
P 153 29 255 0 0
P 154 29 255 0 0
P 155 29 255 0 0
P 156 29 255 0 0
P 157 29 255 0 0
P 158 29 255 0 0
P 159 29 255 0 0
P 160 29 255 0 0
P 161 29 255 0 0
P 162 29 255 0 0
P 163 29 255 0 0
P 164 29 255 0 0
P 165 29 255 0 0
P 166 29 255 0 0
P 167 29 255 0 0
P 168 29 255 0 0
P 169 29 255 0 0
P 170 29 255 0 0
P 171 29 255 0 0
P 172 29 255 0 0
P 173 29 255 0 0
P 174 29 255 0 0
P 129 30 255 0 0
P 130 30 255 0 0
P 131 30 255 0 0
P 132 30 255 0 0
P 133 30 255 0 0
P 134 30 255 0 0
P 135 30 255 0 0
P 136 30 255 0 0
P 137 30 255 0 0
P 138 30 255 0 0
P 139 30 255 0 0
P 140 30 255 0 0
P 141 30 255 0 0
P 142 30 255 0 0
P 143 30 255 0 0
P 144 30 255 0 0
P 145 30 255 0 0
P 146 30 255 0 0
P 147 30 255 0 0
P 148 30 255 0 0
P 149 30 255 0 0
P 150 30 255 0 0
P 151 30 255 0 0
P 152 30 255 0 0
P 153 30 255 0 0
P 154 30 255 0 0
P 155 30 255 0 0
P 156 30 255 0 0
P 157 30 255 0 0
P 158 30 255 0 0
P 159 30 255 0 0
P 160 30 255 0 0
P 161 30 255 0 0
P 162 30 255 0 0
P 163 30 255 0 0
P 164 30 255 0 0
P 165 30 255 0 0
P 166 30 255 0 0
P 167 30 255 0 0
P 168 30 255 0 0
P 169 30 255 0 0
P 170 30 255 0 0
P 171 30 255 0 0
P 172 30 255 0 0
P 173 30 255 0 0
P 174 30 255 0 0
P 122 31 255 0 0
P 123 31 255 0 0
P 124 31 255 0 0
P 125 31 255 0 0
P 126 31 255 0 0
P 127 31 255 0 0
P 128 31 255 0 0
P 129 31 255 0 0
P 130 31 255 0 0
P 131 31 255 0 0
P 132 31 255 0 0
P 133 31 255 0 0
P 134 31 255 0 0
P 135 31 255 0 0
P 136 31 255 0 0
P 137 31 255 0 0
P 138 31 255 0 0
P 139 31 255 0 0
P 140 31 255 0 0
P 141 31 255 0 0
P 142 31 255 0 0
P 143 31 255 0 0
P 144 31 255 0 0
P 145 31 255 0 0
P 146 31 255 0 0
P 147 31 255 0 0
P 148 31 255 0 0
P 149 31 255 0 0
P 150 31 255 0 0
P 151 31 255 0 0
P 152 31 255 0 0
P 153 31 255 0 0
P 154 31 255 0 0
P 155 31 255 0 0
P 156 31 255 0 0
P 157 31 255 0 0
P 158 31 255 0 0
P 159 31 255 0 0
P 160 31 255 0 0
P 161 31 255 0 0
P 162 31 255 0 0
P 163 31 255 0 0
P 164 31 255 0 0
P 165 31 255 0 0
P 166 31 255 0 0
P 167 31 255 0 0
P 168 31 255 0 0
P 169 31 255 0 0
P 170 31 255 0 0
P 171 31 255 0 0
P 172 31 255 0 0
P 173 31 255 0 0
P 174 31 255 0 0
P 114 32 255 0 0
P 115 32 255 0 0
P 116 32 255 0 0
P 117 32 255 0 0
P 118 32 255 0 0
P 119 32 255 0 0
P 120 32 255 0 0
P 121 32 255 0 0
P 122 32 255 0 0
P 123 32 255 0 0
P 124 32 255 0 0
P 125 32 255 0 0
P 126 32 255 0 0
P 127 32 255 0 0
P 128 32 255 0 0
P 129 32 255 0 0
P 130 32 255 0 0
P 131 32 255 0 0
P 132 32 255 0 0
P 133 32 255 0 0
P 134 32 255 0 0
P 135 32 255 0 0
P 136 32 255 0 0
P 137 32 255 0 0
P 138 32 255 0 0
P 139 32 255 0 0
P 140 32 255 0 0
P 141 32 255 0 0
P 142 32 255 0 0
P 143 32 255 0 0
P 144 32 255 0 0
P 145 32 255 0 0
P 146 32 255 0 0
P 147 32 255 0 0
P 148 32 255 0 0
P 149 32 255 0 0
P 150 32 255 0 0
P 151 32 255 0 0
P 152 32 255 0 0
P 153 32 255 0 0
P 154 32 255 0 0
P 155 32 255 0 0
P 156 32 255 0 0
P 157 32 255 0 0
P 158 32 255 0 0
P 159 32 255 0 0
P 160 32 255 0 0
P 161 32 255 0 0
P 162 32 255 0 0
P 163 32 255 0 0
P 164 32 255 0 0
P 165 32 255 0 0
P 166 32 255 0 0
P 167 32 255 0 0
P 168 32 255 0 0
P 169 32 255 0 0
P 170 32 255 0 0
P 171 32 255 0 0
P 172 32 255 0 0
P 173 32 255 0 0
P 174 32 255 0 0
P 107 33 255 0 0
P 108 33 255 0 0
P 109 33 255 0 0
P 110 33 255 0 0
P 111 33 255 0 0
P 112 33 255 0 0
P 113 33 255 0 0
P 114 33 255 0 0
P 115 33 255 0 0
P 116 33 255 0 0
P 117 33 255 0 0
P 118 33 255 0 0
P 119 33 255 0 0
P 120 33 255 0 0
P 121 33 255 0 0
P 122 33 255 0 0
P 123 33 255 0 0
P 124 33 255 0 0
P 125 33 255 0 0
P 126 33 255 0 0
P 127 33 255 0 0
P 128 33 255 0 0
P 129 33 255 0 0
P 130 33 255 0 0
P 131 33 255 0 0
P 132 33 255 0 0
P 133 33 255 0 0
P 134 33 255 0 0
P 135 33 255 0 0
P 136 33 255 0 0
P 137 33 255 0 0
P 138 33 255 0 0
P 139 33 255 0 0
P 140 33 255 0 0
P 141 33 255 0 0
P 142 33 255 0 0
P 143 33 255 0 0
P 144 33 255 0 0
P 145 33 255 0 0
P 146 33 255 0 0
P 147 33 255 0 0
P 148 33 255 0 0
P 149 33 255 0 0
P 150 33 255 0 0
P 151 33 255 0 0
P 152 33 255 0 0
P 153 33 255 0 0
P 154 33 255 0 0
P 155 33 255 0 0
P 156 33 255 0 0
P 157 33 255 0 0
P 158 33 255 0 0
P 159 33 255 0 0
P 160 33 255 0 0
P 161 33 255 0 0
P 162 33 255 0 0
P 163 33 255 0 0
P 164 33 255 0 0
P 165 33 255 0 0
P 166 33 255 0 0
P 167 33 255 0 0
P 168 33 255 0 0
P 169 33 255 0 0
P 170 33 255 0 0
P 171 33 255 0 0
P 172 33 255 0 0
P 173 33 255 0 0
P 100 34 255 0 0
P 101 34 255 0 0
P 102 34 255 0 0
P 103 34 255 0 0
P 104 34 255 0 0
P 105 34 255 0 0
P 106 34 255 0 0
P 107 34 255 0 0
P 108 34 255 0 0
P 109 34 255 0 0
P 110 34 255 0 0
P 111 34 255 0 0
P 112 34 255 0 0
P 113 34 255 0 0
P 114 34 255 0 0
P 115 34 255 0 0
P 116 34 255 0 0
P 117 34 255 0 0
P 118 34 255 0 0
P 119 34 255 0 0
P 120 34 255 0 0
P 121 34 255 0 0
P 122 34 255 0 0
P 123 34 255 0 0
P 124 34 255 0 0
P 125 34 255 0 0
P 126 34 255 0 0
P 127 34 255 0 0
P 128 34 255 0 0
P 129 34 255 0 0
P 130 34 255 0 0
P 131 34 255 0 0
P 132 34 255 0 0
P 133 34 255 0 0
P 134 34 255 0 0
P 135 34 255 0 0
P 136 34 255 0 0
P 137 34 255 0 0
P 138 34 255 0 0
P 139 34 255 0 0
P 140 34 255 0 0
P 141 34 255 0 0
P 142 34 255 0 0
P 143 34 255 0 0
P 144 34 255 0 0
P 145 34 255 0 0
P 146 34 255 0 0
P 147 34 255 0 0
P 148 34 255 0 0
P 149 34 255 0 0
P 150 34 255 0 0
P 151 34 255 0 0
P 152 34 255 0 0
P 153 34 255 0 0
P 154 34 255 0 0
P 155 34 255 0 0
P 156 34 255 0 0
P 157 34 255 0 0
P 158 34 255 0 0
P 159 34 255 0 0
P 160 34 255 0 0
P 161 34 255 0 0
P 162 34 255 0 0
P 163 34 255 0 0
P 164 34 255 0 0
P 165 34 255 0 0
P 166 34 255 0 0
P 167 34 255 0 0
P 168 34 255 0 0
P 169 34 255 0 0
P 170 34 255 0 0
P 171 34 255 0 0
P 172 34 255 0 0
P 173 34 255 0 0
P 93 35 255 0 0
P 94 35 255 0 0
P 95 35 255 0 0
P 96 35 255 0 0
P 97 35 255 0 0
P 98 35 255 0 0
P 99 35 255 0 0
P 100 35 255 0 0
P 101 35 255 0 0
P 102 35 255 0 0
P 103 35 255 0 0
P 104 35 255 0 0
P 105 35 255 0 0
P 106 35 255 0 0
P 107 35 255 0 0
P 108 35 255 0 0
P 109 35 255 0 0
P 110 35 255 0 0
P 111 35 255 0 0
P 112 35 255 0 0
P 113 35 255 0 0
P 114 35 255 0 0
P 115 35 255 0 0
P 116 35 255 0 0
P 117 35 255 0 0
P 118 35 255 0 0
P 119 35 255 0 0
P 120 35 255 0 0
P 121 35 255 0 0
P 122 35 255 0 0
P 123 35 255 0 0
P 124 35 255 0 0
P 125 35 255 0 0
P 126 35 255 0 0
P 127 35 255 0 0
P 128 35 255 0 0
P 129 35 255 0 0
P 130 35 255 0 0
P 131 35 255 0 0
P 132 35 255 0 0
P 133 35 255 0 0
P 134 35 255 0 0
P 135 35 255 0 0
P 136 35 255 0 0
P 137 35 255 0 0
P 138 35 255 0 0
P 139 35 255 0 0
P 140 35 255 0 0
P 141 35 255 0 0
P 142 35 255 0 0
P 143 35 255 0 0
P 144 35 255 0 0
P 145 35 255 0 0
P 146 35 255 0 0
P 147 35 255 0 0
P 148 35 255 0 0
P 149 35 255 0 0
P 150 35 255 0 0
P 151 35 255 0 0
P 152 35 255 0 0
P 153 35 255 0 0
P 154 35 255 0 0
P 155 35 255 0 0
P 156 35 255 0 0
P 157 35 255 0 0
P 158 35 255 0 0
P 159 35 255 0 0
P 160 35 255 0 0
P 161 35 255 0 0
P 162 35 255 0 0
P 163 35 255 0 0
P 164 35 255 0 0
P 165 35 255 0 0
P 166 35 255 0 0
P 167 35 255 0 0
P 168 35 255 0 0
P 169 35 255 0 0
P 170 35 255 0 0
P 171 35 255 0 0
P 172 35 255 0 0
P 173 35 255 0 0
P 85 36 255 0 0
P 86 36 255 0 0
P 87 36 255 0 0
P 88 36 255 0 0
P 89 36 255 0 0
P 90 36 255 0 0
P 91 36 255 0 0
P 92 36 255 0 0
P 93 36 255 0 0
P 94 36 255 0 0
P 95 36 255 0 0
P 96 36 255 0 0
P 97 36 255 0 0
P 98 36 255 0 0
P 99 36 255 0 0
P 100 36 255 0 0
P 101 36 255 0 0
P 102 36 255 0 0
P 103 36 255 0 0
P 104 36 255 0 0
P 105 36 255 0 0
P 106 36 255 0 0
P 107 36 255 0 0
P 108 36 255 0 0
P 109 36 255 0 0
P 110 36 255 0 0
P 111 36 255 0 0
P 112 36 255 0 0
P 113 36 255 0 0
P 114 36 255 0 0
P 115 36 255 0 0
P 116 36 255 0 0
P 117 36 255 0 0
P 118 36 255 0 0
P 119 36 255 0 0
P 120 36 255 0 0
P 121 36 255 0 0
P 122 36 255 0 0
P 123 36 255 0 0
P 124 36 255 0 0
P 125 36 255 0 0
P 126 36 255 0 0
P 127 36 255 0 0
P 128 36 255 0 0
P 129 36 255 0 0
P 130 36 255 0 0
P 131 36 255 0 0
P 132 36 255 0 0
P 133 36 255 0 0
P 134 36 255 0 0
P 135 36 255 0 0
P 136 36 255 0 0
P 137 36 255 0 0
P 138 36 255 0 0
P 139 36 255 0 0
P 140 36 255 0 0
P 141 36 255 0 0
P 142 36 255 0 0
P 143 36 255 0 0
P 144 36 255 0 0
P 145 36 255 0 0
P 146 36 255 0 0
P 147 36 255 0 0
P 148 36 255 0 0
P 149 36 255 0 0
P 150 36 255 0 0
P 151 36 255 0 0
P 152 36 255 0 0
P 153 36 255 0 0
P 154 36 255 0 0
P 155 36 255 0 0
P 156 36 255 0 0
P 157 36 255 0 0
P 158 36 255 0 0
P 159 36 255 0 0
P 160 36 255 0 0
P 161 36 255 0 0
P 162 36 255 0 0
P 163 36 255 0 0
P 164 36 255 0 0
P 165 36 255 0 0
P 166 36 255 0 0
P 167 36 255 0 0
P 168 36 255 0 0
P 169 36 255 0 0
P 170 36 255 0 0
P 171 36 255 0 0
P 172 36 255 0 0
P 173 36 255 0 0
P 78 37 255 0 0
P 79 37 255 0 0
P 80 37 255 0 0
P 81 37 255 0 0
P 82 37 255 0 0
P 83 37 255 0 0
P 84 37 255 0 0
P 85 37 255 0 0
P 86 37 255 0 0
P 87 37 255 0 0
P 88 37 255 0 0
P 89 37 255 0 0
P 90 37 255 0 0
P 91 37 255 0 0
P 92 37 255 0 0
P 93 37 255 0 0
P 94 37 255 0 0
P 95 37 255 0 0
P 96 37 255 0 0
P 97 37 255 0 0
P 98 37 255 0 0
P 99 37 255 0 0
P 100 37 255 0 0
P 101 37 255 0 0
P 102 37 255 0 0
P 103 37 255 0 0
P 104 37 255 0 0
P 105 37 255 0 0
P 106 37 255 0 0
P 107 37 255 0 0
P 108 37 255 0 0
P 109 37 255 0 0
P 110 37 255 0 0
P 111 37 255 0 0
P 112 37 255 0 0
P 113 37 255 0 0
P 114 37 255 0 0
P 115 37 255 0 0
P 116 37 255 0 0
P 117 37 255 0 0
P 118 37 255 0 0
P 119 37 255 0 0
P 120 37 255 0 0
P 121 37 255 0 0
P 122 37 255 0 0
P 123 37 255 0 0
P 124 37 255 0 0
P 125 37 255 0 0
P 126 37 255 0 0
P 127 37 255 0 0
P 128 37 255 0 0
P 129 37 255 0 0
P 130 37 255 0 0
P 131 37 255 0 0
P 132 37 255 0 0
P 133 37 255 0 0
P 134 37 255 0 0
P 135 37 255 0 0
P 136 37 255 0 0
P 137 37 255 0 0
P 138 37 255 0 0
P 139 37 255 0 0
P 140 37 255 0 0
P 141 37 255 0 0
P 142 37 255 0 0
P 143 37 255 0 0
P 144 37 255 0 0
P 145 37 255 0 0
P 146 37 255 0 0
P 147 37 255 0 0
P 148 37 255 0 0
P 149 37 255 0 0
P 150 37 255 0 0
P 151 37 255 0 0
P 152 37 255 0 0
P 153 37 255 0 0
P 154 37 255 0 0
P 155 37 255 0 0
P 156 37 255 0 0
P 157 37 255 0 0
P 158 37 255 0 0
P 159 37 255 0 0
P 160 37 255 0 0
P 161 37 255 0 0
P 162 37 255 0 0
P 163 37 255 0 0
P 164 37 255 0 0
P 165 37 255 0 0
P 166 37 255 0 0
P 167 37 255 0 0
P 168 37 255 0 0
P 169 37 255 0 0
P 170 37 255 0 0
P 171 37 255 0 0
P 172 37 255 0 0
P 173 37 255 0 0
P 71 38 255 0 0
P 72 38 255 0 0
P 73 38 255 0 0
P 74 38 255 0 0
P 75 38 255 0 0
P 76 38 255 0 0
P 77 38 255 0 0
P 78 38 255 0 0
P 79 38 255 0 0
P 80 38 255 0 0
P 81 38 255 0 0
P 82 38 255 0 0
P 83 38 255 0 0
P 84 38 255 0 0
P 85 38 255 0 0
P 86 38 255 0 0
P 87 38 255 0 0
P 88 38 255 0 0
P 89 38 255 0 0
P 90 38 255 0 0
P 91 38 255 0 0
P 92 38 255 0 0
P 93 38 255 0 0
P 94 38 255 0 0
P 95 38 255 0 0
P 96 38 255 0 0
P 97 38 255 0 0
P 98 38 255 0 0
P 99 38 255 0 0
P 100 38 255 0 0
P 101 38 255 0 0
P 102 38 255 0 0
P 103 38 255 0 0
P 104 38 255 0 0
P 105 38 255 0 0
P 106 38 255 0 0
P 107 38 255 0 0
P 108 38 255 0 0
P 109 38 255 0 0
P 110 38 255 0 0
P 111 38 255 0 0
P 112 38 255 0 0
P 113 38 255 0 0
P 114 38 255 0 0
P 115 38 255 0 0
P 116 38 255 0 0
P 117 38 255 0 0
P 118 38 255 0 0
P 119 38 255 0 0
P 120 38 255 0 0
P 121 38 255 0 0
P 122 38 255 0 0
P 123 38 255 0 0
P 124 38 255 0 0
P 125 38 255 0 0
P 126 38 255 0 0
P 127 38 255 0 0
P 128 38 255 0 0
P 129 38 255 0 0
P 130 38 255 0 0
P 131 38 255 0 0
P 132 38 255 0 0
P 133 38 255 0 0
P 134 38 255 0 0
P 135 38 255 0 0
P 136 38 255 0 0
P 137 38 255 0 0
P 138 38 255 0 0
P 139 38 255 0 0
P 140 38 255 0 0
P 141 38 255 0 0
P 142 38 255 0 0
P 143 38 255 0 0
P 144 38 255 0 0
P 145 38 255 0 0
P 146 38 255 0 0
P 147 38 255 0 0
P 148 38 255 0 0
P 149 38 255 0 0
P 150 38 255 0 0
P 151 38 255 0 0
P 152 38 255 0 0
P 153 38 255 0 0
P 154 38 255 0 0
P 155 38 255 0 0
P 156 38 255 0 0
P 157 38 255 0 0
P 158 38 255 0 0
P 159 38 255 0 0
P 160 38 255 0 0
P 161 38 255 0 0
P 162 38 255 0 0
P 163 38 255 0 0
P 164 38 255 0 0
P 165 38 255 0 0
P 166 38 255 0 0
P 167 38 255 0 0
P 168 38 255 0 0
P 169 38 255 0 0
P 170 38 255 0 0
P 171 38 255 0 0
P 172 38 255 0 0
P 173 38 255 0 0
P 64 39 255 0 0
P 65 39 255 0 0
P 66 39 255 0 0
P 67 39 255 0 0
P 68 39 255 0 0
P 69 39 255 0 0
P 70 39 255 0 0
P 71 39 255 0 0
P 72 39 255 0 0
P 73 39 255 0 0
P 74 39 255 0 0
P 75 39 255 0 0
P 76 39 255 0 0
P 77 39 255 0 0
P 78 39 255 0 0
P 79 39 255 0 0
P 80 39 255 0 0
P 81 39 255 0 0
P 82 39 255 0 0
P 83 39 255 0 0
P 84 39 255 0 0
P 85 39 255 0 0
P 86 39 255 0 0
P 87 39 255 0 0
P 88 39 255 0 0
P 89 39 255 0 0
P 90 39 255 0 0
P 91 39 255 0 0
P 92 39 255 0 0
P 93 39 255 0 0
P 94 39 255 0 0
P 95 39 255 0 0
P 96 39 255 0 0
P 97 39 255 0 0
P 98 39 255 0 0
P 99 39 255 0 0
P 100 39 255 0 0
P 101 39 255 0 0
P 102 39 255 0 0
P 103 39 255 0 0
P 104 39 255 0 0
P 105 39 255 0 0
P 106 39 255 0 0
P 107 39 255 0 0
P 108 39 255 0 0
P 109 39 255 0 0
P 110 39 255 0 0
P 111 39 255 0 0
P 112 39 255 0 0
P 113 39 255 0 0
P 114 39 255 0 0
P 115 39 255 0 0
P 116 39 255 0 0
P 117 39 255 0 0
P 118 39 255 0 0
P 119 39 255 0 0
P 120 39 255 0 0
P 121 39 255 0 0
P 122 39 255 0 0
P 123 39 255 0 0
P 124 39 255 0 0
P 125 39 255 0 0
P 126 39 255 0 0
P 127 39 255 0 0
P 128 39 255 0 0
P 129 39 255 0 0
P 130 39 255 0 0
P 131 39 255 0 0
P 132 39 255 0 0
P 133 39 255 0 0
P 134 39 255 0 0
P 135 39 255 0 0
P 136 39 255 0 0
P 137 39 255 0 0
P 138 39 255 0 0
P 139 39 255 0 0
P 140 39 255 0 0
P 141 39 255 0 0
P 142 39 255 0 0
P 143 39 255 0 0
P 144 39 255 0 0
P 145 39 255 0 0
P 146 39 255 0 0
P 147 39 255 0 0
P 148 39 255 0 0
P 149 39 255 0 0
P 150 39 255 0 0
P 151 39 255 0 0
P 152 39 255 0 0
P 153 39 255 0 0
P 154 39 255 0 0
P 155 39 255 0 0
P 156 39 255 0 0
P 157 39 255 0 0
P 158 39 255 0 0
P 159 39 255 0 0
P 160 39 255 0 0
P 161 39 255 0 0
P 162 39 255 0 0
P 163 39 255 0 0
P 164 39 255 0 0
P 165 39 255 0 0
P 166 39 255 0 0
P 167 39 255 0 0
P 168 39 255 0 0
P 169 39 255 0 0
P 170 39 255 0 0
P 171 39 255 0 0
P 172 39 255 0 0
P 61 40 255 0 0
P 62 40 255 0 0
P 63 40 255 0 0
P 64 40 255 0 0
P 65 40 255 0 0
P 66 40 255 0 0
P 67 40 255 0 0
P 68 40 255 0 0
P 69 40 255 0 0
P 70 40 255 0 0
P 71 40 255 0 0
P 72 40 255 0 0
P 73 40 255 0 0
P 74 40 255 0 0
P 75 40 255 0 0
P 76 40 255 0 0
P 77 40 255 0 0
P 78 40 255 0 0
P 79 40 255 0 0
P 80 40 255 0 0
P 81 40 255 0 0
P 82 40 255 0 0
P 83 40 255 0 0
P 84 40 255 0 0
P 85 40 255 0 0
P 86 40 255 0 0
P 87 40 255 0 0
P 88 40 255 0 0
P 89 40 255 0 0
P 90 40 255 0 0
P 91 40 255 0 0
P 92 40 255 0 0
P 93 40 255 0 0
P 94 40 255 0 0
P 95 40 255 0 0
P 96 40 255 0 0
P 97 40 255 0 0
P 98 40 255 0 0
P 99 40 255 0 0
P 100 40 255 0 0
P 101 40 255 0 0
P 102 40 255 0 0
P 103 40 255 0 0
P 104 40 255 0 0
P 105 40 255 0 0
P 106 40 255 0 0
P 107 40 255 0 0
P 108 40 255 0 0
P 109 40 255 0 0
P 110 40 255 0 0
P 111 40 255 0 0
P 112 40 255 0 0
P 113 40 255 0 0
P 114 40 255 0 0
P 115 40 255 0 0
P 116 40 255 0 0
P 117 40 255 0 0
P 118 40 255 0 0
P 119 40 255 0 0
P 120 40 255 0 0
P 121 40 255 0 0
P 122 40 255 0 0
P 123 40 255 0 0
P 124 40 255 0 0
P 125 40 255 0 0
P 126 40 255 0 0
P 127 40 255 0 0
P 128 40 255 0 0
P 129 40 255 0 0
P 130 40 255 0 0
P 131 40 255 0 0
P 132 40 255 0 0
P 133 40 255 0 0
P 134 40 255 0 0
P 135 40 255 0 0
P 136 40 255 0 0
P 137 40 255 0 0
P 138 40 255 0 0
P 139 40 255 0 0
P 140 40 255 0 0
P 141 40 255 0 0
P 142 40 255 0 0
P 143 40 255 0 0
P 144 40 255 0 0
P 145 40 255 0 0
P 146 40 255 0 0
P 147 40 255 0 0
P 148 40 255 0 0
P 149 40 255 0 0
P 150 40 255 0 0
P 151 40 255 0 0
P 152 40 255 0 0
P 153 40 255 0 0
P 154 40 255 0 0
P 155 40 255 0 0
P 156 40 255 0 0
P 157 40 255 0 0
P 158 40 255 0 0
P 159 40 255 0 0
P 160 40 255 0 0
P 161 40 255 0 0
P 162 40 255 0 0
P 163 40 255 0 0
P 164 40 255 0 0
P 165 40 255 0 0
P 166 40 255 0 0
P 167 40 255 0 0
P 168 40 255 0 0
P 169 40 255 0 0
P 170 40 255 0 0
P 171 40 255 0 0
P 172 40 255 0 0
P 62 41 255 0 0
P 63 41 255 0 0
P 64 41 255 0 0
P 65 41 255 0 0
P 66 41 255 0 0
P 67 41 255 0 0
P 68 41 255 0 0
P 69 41 255 0 0
P 70 41 255 0 0
P 71 41 255 0 0
P 72 41 255 0 0
P 73 41 255 0 0
P 74 41 255 0 0
P 75 41 255 0 0
P 76 41 255 0 0
P 77 41 255 0 0
P 78 41 255 0 0
P 79 41 255 0 0
P 80 41 255 0 0
P 81 41 255 0 0
P 82 41 255 0 0
P 83 41 255 0 0
P 84 41 255 0 0
P 85 41 255 0 0
P 86 41 255 0 0
P 87 41 255 0 0
P 88 41 255 0 0
P 89 41 255 0 0
P 90 41 255 0 0
P 91 41 255 0 0
P 92 41 255 0 0
P 93 41 255 0 0
P 94 41 255 0 0
P 95 41 255 0 0
P 96 41 255 0 0
P 97 41 255 0 0
P 98 41 255 0 0
P 99 41 255 0 0
P 100 41 255 0 0
P 101 41 255 0 0
P 102 41 255 0 0
P 103 41 255 0 0
P 104 41 255 0 0
P 105 41 255 0 0
P 106 41 255 0 0
P 107 41 255 0 0
P 108 41 255 0 0
P 109 41 255 0 0
P 110 41 255 0 0
P 111 41 255 0 0
P 112 41 255 0 0
P 113 41 255 0 0
P 114 41 255 0 0
P 115 41 255 0 0
P 116 41 255 0 0
P 117 41 255 0 0
P 118 41 255 0 0
P 119 41 255 0 0
P 120 41 255 0 0
P 121 41 255 0 0
P 122 41 255 0 0
P 123 41 255 0 0
P 124 41 255 0 0
P 125 41 255 0 0
P 126 41 255 0 0
P 127 41 255 0 0
P 128 41 255 0 0
P 129 41 255 0 0
P 130 41 255 0 0
P 131 41 255 0 0
P 132 41 255 0 0
P 133 41 255 0 0
P 134 41 255 0 0
P 135 41 255 0 0
P 136 41 255 0 0
P 137 41 255 0 0
P 138 41 255 0 0
P 139 41 255 0 0
P 140 41 255 0 0
P 141 41 255 0 0
P 142 41 255 0 0
P 143 41 255 0 0
P 144 41 255 0 0
P 145 41 255 0 0
P 146 41 255 0 0
P 147 41 255 0 0
P 148 41 255 0 0
P 149 41 255 0 0
P 150 41 255 0 0
P 151 41 255 0 0
P 152 41 255 0 0
P 153 41 255 0 0
P 154 41 255 0 0
P 155 41 255 0 0
P 156 41 255 0 0
P 157 41 255 0 0
P 158 41 255 0 0
P 159 41 255 0 0
P 160 41 255 0 0
P 161 41 255 0 0
P 162 41 255 0 0
P 163 41 255 0 0
P 164 41 255 0 0
P 165 41 255 0 0
P 166 41 255 0 0
P 167 41 255 0 0
P 168 41 255 0 0
P 169 41 255 0 0
P 170 41 255 0 0
P 171 41 255 0 0
P 172 41 255 0 0
P 63 42 255 0 0
P 64 42 255 0 0
P 65 42 255 0 0
P 66 42 255 0 0
P 67 42 255 0 0
P 68 42 255 0 0
P 69 42 255 0 0
P 70 42 255 0 0
P 71 42 255 0 0
P 72 42 255 0 0
P 73 42 255 0 0
P 74 42 255 0 0
P 75 42 255 0 0
P 76 42 255 0 0
P 77 42 255 0 0
P 78 42 255 0 0
P 79 42 255 0 0
P 80 42 255 0 0
P 81 42 255 0 0
P 82 42 255 0 0
P 83 42 255 0 0
P 84 42 255 0 0
P 85 42 255 0 0
P 86 42 255 0 0
P 87 42 255 0 0
P 88 42 255 0 0
P 89 42 255 0 0
P 90 42 255 0 0
P 91 42 255 0 0
P 92 42 255 0 0
P 93 42 255 0 0
P 94 42 255 0 0
P 95 42 255 0 0
P 96 42 255 0 0
P 97 42 255 0 0
P 98 42 255 0 0
P 99 42 255 0 0
P 100 42 255 0 0
P 101 42 255 0 0
P 102 42 255 0 0
P 103 42 255 0 0
P 104 42 255 0 0
P 105 42 255 0 0
P 106 42 255 0 0
P 107 42 255 0 0
P 108 42 255 0 0
P 109 42 255 0 0
P 110 42 255 0 0
P 111 42 255 0 0
P 112 42 255 0 0
P 113 42 255 0 0
P 114 42 255 0 0
P 115 42 255 0 0
P 116 42 255 0 0
P 117 42 255 0 0
P 118 42 255 0 0
P 119 42 255 0 0
P 120 42 255 0 0
P 121 42 255 0 0
P 122 42 255 0 0
P 123 42 255 0 0
P 124 42 255 0 0
P 125 42 255 0 0
P 126 42 255 0 0
P 127 42 255 0 0
P 128 42 255 0 0
P 129 42 255 0 0
P 130 42 255 0 0
P 131 42 255 0 0
P 132 42 255 0 0
P 133 42 255 0 0
P 134 42 255 0 0
P 135 42 255 0 0
P 136 42 255 0 0
P 137 42 255 0 0
P 138 42 255 0 0
P 139 42 255 0 0
P 140 42 255 0 0
P 141 42 255 0 0
P 142 42 255 0 0
P 143 42 255 0 0
P 144 42 255 0 0
P 145 42 255 0 0
P 146 42 255 0 0
P 147 42 255 0 0
P 148 42 255 0 0
P 149 42 255 0 0
P 150 42 255 0 0
P 151 42 255 0 0
P 152 42 255 0 0
P 153 42 255 0 0
P 154 42 255 0 0
P 155 42 255 0 0
P 156 42 255 0 0
P 157 42 255 0 0
P 158 42 255 0 0
P 159 42 255 0 0
P 160 42 255 0 0
P 161 42 255 0 0
P 162 42 255 0 0
P 163 42 255 0 0
P 164 42 255 0 0
P 165 42 255 0 0
P 166 42 255 0 0
P 167 42 255 0 0
P 168 42 255 0 0
P 169 42 255 0 0
P 170 42 255 0 0
P 171 42 255 0 0
P 172 42 255 0 0
P 64 43 255 0 0
P 65 43 255 0 0
P 66 43 255 0 0
P 67 43 255 0 0
P 68 43 255 0 0
P 69 43 255 0 0
P 70 43 255 0 0
P 71 43 255 0 0
P 72 43 255 0 0
P 73 43 255 0 0
P 74 43 255 0 0
P 75 43 255 0 0
P 76 43 255 0 0
P 77 43 255 0 0
P 78 43 255 0 0
P 79 43 255 0 0
P 80 43 255 0 0
P 81 43 255 0 0
P 82 43 255 0 0
P 83 43 255 0 0
P 84 43 255 0 0
P 85 43 255 0 0
P 86 43 255 0 0
P 87 43 255 0 0
P 88 43 255 0 0
P 89 43 255 0 0
P 90 43 255 0 0
P 91 43 255 0 0
P 92 43 255 0 0
P 93 43 255 0 0
P 94 43 255 0 0
P 95 43 255 0 0
P 96 43 255 0 0
P 97 43 255 0 0
P 98 43 255 0 0
P 99 43 255 0 0
P 100 43 255 0 0
P 101 43 255 0 0
P 102 43 255 0 0
P 103 43 255 0 0
P 104 43 255 0 0
P 105 43 255 0 0
P 106 43 255 0 0
P 107 43 255 0 0
P 108 43 255 0 0
P 109 43 255 0 0
P 110 43 255 0 0
P 111 43 255 0 0
P 112 43 255 0 0
P 113 43 255 0 0
P 114 43 255 0 0
P 115 43 255 0 0
P 116 43 255 0 0
P 117 43 255 0 0
P 118 43 255 0 0
P 119 43 255 0 0
P 120 43 255 0 0
P 121 43 255 0 0
P 122 43 255 0 0
P 123 43 255 0 0
P 124 43 255 0 0
P 125 43 255 0 0
P 126 43 255 0 0
P 127 43 255 0 0
P 128 43 255 0 0
P 129 43 255 0 0
P 130 43 255 0 0
P 131 43 255 0 0
P 132 43 255 0 0
P 133 43 255 0 0
P 134 43 255 0 0
P 135 43 255 0 0
P 136 43 255 0 0
P 137 43 255 0 0
P 138 43 255 0 0
P 139 43 255 0 0
P 140 43 255 0 0
P 141 43 255 0 0
P 142 43 255 0 0
P 143 43 255 0 0
P 144 43 255 0 0
P 145 43 255 0 0
P 146 43 255 0 0
P 147 43 255 0 0
P 148 43 255 0 0
P 149 43 255 0 0
P 150 43 255 0 0
P 151 43 255 0 0
P 152 43 255 0 0
P 153 43 255 0 0
P 154 43 255 0 0
P 155 43 255 0 0
P 156 43 255 0 0
P 157 43 255 0 0
P 158 43 255 0 0
P 159 43 255 0 0
P 160 43 255 0 0
P 161 43 255 0 0
P 162 43 255 0 0
P 163 43 255 0 0
P 164 43 255 0 0
P 165 43 255 0 0
P 166 43 255 0 0
P 167 43 255 0 0
P 168 43 255 0 0
P 169 43 255 0 0
P 170 43 255 0 0
P 171 43 255 0 0
P 172 43 255 0 0
P 66 44 255 0 0
P 67 44 255 0 0
P 68 44 255 0 0
P 69 44 255 0 0
P 70 44 255 0 0
P 71 44 255 0 0
P 72 44 255 0 0
P 73 44 255 0 0
P 74 44 255 0 0
P 75 44 255 0 0
P 76 44 255 0 0
P 77 44 255 0 0
P 78 44 255 0 0
P 79 44 255 0 0
P 80 44 255 0 0
P 81 44 255 0 0
P 82 44 255 0 0
P 83 44 255 0 0
P 84 44 255 0 0
P 85 44 255 0 0
P 86 44 255 0 0
P 87 44 255 0 0
P 88 44 255 0 0
P 89 44 255 0 0
P 90 44 255 0 0
P 91 44 255 0 0
P 92 44 255 0 0
P 93 44 255 0 0
P 94 44 255 0 0
P 95 44 255 0 0
P 96 44 255 0 0
P 97 44 255 0 0
P 98 44 255 0 0
P 99 44 255 0 0
P 100 44 255 0 0
P 101 44 255 0 0
P 102 44 255 0 0
P 103 44 255 0 0
P 104 44 255 0 0
P 105 44 255 0 0
P 106 44 255 0 0
P 107 44 255 0 0
P 108 44 255 0 0
P 109 44 255 0 0
P 110 44 255 0 0
P 111 44 255 0 0
P 112 44 255 0 0
P 113 44 255 0 0
P 114 44 255 0 0
P 115 44 255 0 0
P 116 44 255 0 0
P 117 44 255 0 0
P 118 44 255 0 0
P 119 44 255 0 0
P 120 44 255 0 0
P 121 44 255 0 0
P 122 44 255 0 0
P 123 44 255 0 0
P 124 44 255 0 0
P 125 44 255 0 0
P 126 44 255 0 0
P 127 44 255 0 0
P 128 44 255 0 0
P 129 44 255 0 0
P 130 44 255 0 0
P 131 44 255 0 0
P 132 44 255 0 0
P 133 44 255 0 0
P 134 44 255 0 0
P 135 44 255 0 0
P 136 44 255 0 0
P 137 44 255 0 0
P 138 44 255 0 0
P 139 44 255 0 0
P 140 44 255 0 0
P 141 44 255 0 0
P 142 44 255 0 0
P 143 44 255 0 0
P 144 44 255 0 0
P 145 44 255 0 0
P 146 44 255 0 0
P 147 44 255 0 0
P 148 44 255 0 0
P 149 44 255 0 0
P 150 44 255 0 0
P 151 44 255 0 0
P 152 44 255 0 0
P 153 44 255 0 0
P 154 44 255 0 0
P 155 44 255 0 0
P 156 44 255 0 0
P 157 44 255 0 0
P 158 44 255 0 0
P 159 44 255 0 0
P 160 44 255 0 0
P 161 44 255 0 0
P 162 44 255 0 0
P 163 44 255 0 0
P 164 44 255 0 0
P 165 44 255 0 0
P 166 44 255 0 0
P 167 44 255 0 0
P 168 44 255 0 0
P 169 44 255 0 0
P 170 44 255 0 0
P 171 44 255 0 0
P 172 44 255 0 0
P 67 45 255 0 0
P 68 45 255 0 0
P 69 45 255 0 0
P 70 45 255 0 0
P 71 45 255 0 0
P 72 45 255 0 0
P 73 45 255 0 0
P 74 45 255 0 0
P 75 45 255 0 0
P 76 45 255 0 0
P 77 45 255 0 0
P 78 45 255 0 0
P 79 45 255 0 0
P 80 45 255 0 0
P 81 45 255 0 0
P 82 45 255 0 0
P 83 45 255 0 0
P 84 45 255 0 0
P 85 45 255 0 0
P 86 45 255 0 0
P 87 45 255 0 0
P 88 45 255 0 0
P 89 45 255 0 0
P 90 45 255 0 0
P 91 45 255 0 0
P 92 45 255 0 0
P 93 45 255 0 0
P 94 45 255 0 0
P 95 45 255 0 0
P 96 45 255 0 0
P 97 45 255 0 0
P 98 45 255 0 0
P 99 45 255 0 0
P 100 45 255 0 0
P 101 45 255 0 0
P 102 45 255 0 0
P 103 45 255 0 0
P 104 45 255 0 0
P 105 45 255 0 0
P 106 45 255 0 0
P 107 45 255 0 0
P 108 45 255 0 0
P 109 45 255 0 0
P 110 45 255 0 0
P 111 45 255 0 0
P 112 45 255 0 0
P 113 45 255 0 0
P 114 45 255 0 0
P 115 45 255 0 0
P 116 45 255 0 0
P 117 45 255 0 0
P 118 45 255 0 0
P 119 45 255 0 0
P 120 45 255 0 0
P 121 45 255 0 0
P 122 45 255 0 0
P 123 45 255 0 0
P 124 45 255 0 0
P 125 45 255 0 0
P 126 45 255 0 0
P 127 45 255 0 0
P 128 45 255 0 0
P 129 45 255 0 0
P 130 45 255 0 0
P 131 45 255 0 0
P 132 45 255 0 0
P 133 45 255 0 0
P 134 45 255 0 0
P 135 45 255 0 0
P 136 45 255 0 0
P 137 45 255 0 0
P 138 45 255 0 0
P 139 45 255 0 0
P 140 45 255 0 0
P 141 45 255 0 0
P 142 45 255 0 0
P 143 45 255 0 0
P 144 45 255 0 0
P 145 45 255 0 0
P 146 45 255 0 0
P 147 45 255 0 0
P 148 45 255 0 0
P 149 45 255 0 0
P 150 45 255 0 0
P 151 45 255 0 0
P 152 45 255 0 0
P 153 45 255 0 0
P 154 45 255 0 0
P 155 45 255 0 0
P 156 45 255 0 0
P 157 45 255 0 0
P 158 45 255 0 0
P 159 45 255 0 0
P 160 45 255 0 0
P 161 45 255 0 0
P 162 45 255 0 0
P 163 45 255 0 0
P 164 45 255 0 0
P 165 45 255 0 0
P 166 45 255 0 0
P 167 45 255 0 0
P 168 45 255 0 0
P 169 45 255 0 0
P 170 45 255 0 0
P 171 45 255 0 0
P 68 46 255 0 0
P 69 46 255 0 0
P 70 46 255 0 0
P 71 46 255 0 0
P 72 46 255 0 0
P 73 46 255 0 0
P 74 46 255 0 0
P 75 46 255 0 0
P 76 46 255 0 0
P 77 46 255 0 0
P 78 46 255 0 0
P 79 46 255 0 0
P 80 46 255 0 0
P 81 46 255 0 0
P 82 46 255 0 0
P 83 46 255 0 0
P 84 46 255 0 0
P 85 46 255 0 0
P 86 46 255 0 0
P 87 46 255 0 0
P 88 46 255 0 0
P 89 46 255 0 0
P 90 46 255 0 0
P 91 46 255 0 0
P 92 46 255 0 0
P 93 46 255 0 0
P 94 46 255 0 0
P 95 46 255 0 0
P 96 46 255 0 0
P 97 46 255 0 0
P 98 46 255 0 0
P 99 46 255 0 0
P 100 46 255 0 0
P 101 46 255 0 0
P 102 46 255 0 0
P 103 46 255 0 0
P 104 46 255 0 0
P 105 46 255 0 0
P 106 46 255 0 0
P 107 46 255 0 0
P 108 46 255 0 0
P 109 46 255 0 0
P 110 46 255 0 0
P 111 46 255 0 0
P 112 46 255 0 0
P 113 46 255 0 0
P 114 46 255 0 0
P 115 46 255 0 0
P 116 46 255 0 0
P 117 46 255 0 0
P 118 46 255 0 0
P 119 46 255 0 0
P 120 46 255 0 0
P 121 46 255 0 0
P 122 46 255 0 0
P 123 46 255 0 0
P 124 46 255 0 0
P 125 46 255 0 0
P 126 46 255 0 0
P 127 46 255 0 0
P 128 46 255 0 0
P 129 46 255 0 0
P 130 46 255 0 0
P 131 46 255 0 0
P 132 46 255 0 0
P 133 46 255 0 0
P 134 46 255 0 0
P 135 46 255 0 0
P 136 46 255 0 0
P 137 46 255 0 0
P 138 46 255 0 0
P 139 46 255 0 0
P 140 46 255 0 0
P 141 46 255 0 0
P 142 46 255 0 0
P 143 46 255 0 0
P 144 46 255 0 0
P 145 46 255 0 0
P 146 46 255 0 0
P 147 46 255 0 0
P 148 46 255 0 0
P 149 46 255 0 0
P 150 46 255 0 0
P 151 46 255 0 0
P 152 46 255 0 0
P 153 46 255 0 0
P 154 46 255 0 0
P 155 46 255 0 0
P 156 46 255 0 0
P 157 46 255 0 0
P 158 46 255 0 0
P 159 46 255 0 0
P 160 46 255 0 0
P 161 46 255 0 0
P 162 46 255 0 0
P 163 46 255 0 0
P 164 46 255 0 0
P 165 46 255 0 0
P 166 46 255 0 0
P 167 46 255 0 0
P 168 46 255 0 0
P 169 46 255 0 0
P 170 46 255 0 0
P 171 46 255 0 0
P 69 47 255 0 0
P 70 47 255 0 0
P 71 47 255 0 0
P 72 47 255 0 0
P 73 47 255 0 0
P 74 47 255 0 0
P 75 47 255 0 0
P 76 47 255 0 0
P 77 47 255 0 0
P 78 47 255 0 0
P 79 47 255 0 0
P 80 47 255 0 0
P 81 47 255 0 0
P 82 47 255 0 0
P 83 47 255 0 0
P 84 47 255 0 0
P 85 47 255 0 0
P 86 47 255 0 0
P 87 47 255 0 0
P 88 47 255 0 0
P 89 47 255 0 0
P 90 47 255 0 0
P 91 47 255 0 0
P 92 47 255 0 0
P 93 47 255 0 0
P 94 47 255 0 0
P 95 47 255 0 0
P 96 47 255 0 0
P 97 47 255 0 0
P 98 47 255 0 0
P 99 47 255 0 0
P 100 47 255 0 0
P 101 47 255 0 0
P 102 47 255 0 0
P 103 47 255 0 0
P 104 47 255 0 0
P 105 47 255 0 0
P 106 47 255 0 0
P 107 47 255 0 0
P 108 47 255 0 0
P 109 47 255 0 0
P 110 47 255 0 0
P 111 47 255 0 0
P 112 47 255 0 0
P 113 47 255 0 0
P 114 47 255 0 0
P 115 47 255 0 0
P 116 47 255 0 0
P 117 47 255 0 0
P 118 47 255 0 0
P 119 47 255 0 0
P 120 47 255 0 0
P 121 47 255 0 0
P 122 47 255 0 0
P 123 47 255 0 0
P 124 47 255 0 0
P 125 47 255 0 0
P 126 47 255 0 0
P 127 47 255 0 0
P 128 47 255 0 0
P 129 47 255 0 0
P 130 47 255 0 0
P 131 47 255 0 0
P 132 47 255 0 0
P 133 47 255 0 0
P 134 47 255 0 0
P 135 47 255 0 0
P 136 47 255 0 0
P 137 47 255 0 0
P 138 47 255 0 0
P 139 47 255 0 0
P 140 47 255 0 0
P 141 47 255 0 0
P 142 47 255 0 0
P 143 47 255 0 0
P 144 47 255 0 0
P 145 47 255 0 0
P 146 47 255 0 0
P 147 47 255 0 0
P 148 47 255 0 0
P 149 47 255 0 0
P 150 47 255 0 0
P 151 47 255 0 0
P 152 47 255 0 0
P 153 47 255 0 0
P 154 47 255 0 0
P 155 47 255 0 0
P 156 47 255 0 0
P 157 47 255 0 0
P 158 47 255 0 0
P 159 47 255 0 0
P 160 47 255 0 0
P 161 47 255 0 0
P 162 47 255 0 0
P 163 47 255 0 0
P 164 47 255 0 0
P 165 47 255 0 0
P 166 47 255 0 0
P 167 47 255 0 0
P 168 47 255 0 0
P 169 47 255 0 0
P 170 47 255 0 0
P 171 47 255 0 0
P 71 48 255 0 0
P 72 48 255 0 0
P 73 48 255 0 0
P 74 48 255 0 0
P 75 48 255 0 0
P 76 48 255 0 0
P 77 48 255 0 0
P 78 48 255 0 0
P 79 48 255 0 0
P 80 48 255 0 0
P 81 48 255 0 0
P 82 48 255 0 0
P 83 48 255 0 0
P 84 48 255 0 0
P 85 48 255 0 0
P 86 48 255 0 0
P 87 48 255 0 0
P 88 48 255 0 0
P 89 48 255 0 0
P 90 48 255 0 0
P 91 48 255 0 0
P 92 48 255 0 0
P 93 48 255 0 0
P 94 48 255 0 0
P 95 48 255 0 0
P 96 48 255 0 0
P 97 48 255 0 0
P 98 48 255 0 0
P 99 48 255 0 0
P 100 48 255 0 0
P 101 48 255 0 0
P 102 48 255 0 0
P 103 48 255 0 0
P 104 48 255 0 0
P 105 48 255 0 0
P 106 48 255 0 0
P 107 48 255 0 0
P 108 48 255 0 0
P 109 48 255 0 0
P 110 48 255 0 0
P 111 48 255 0 0
P 112 48 255 0 0
P 113 48 255 0 0
P 114 48 255 0 0
P 115 48 255 0 0
P 116 48 255 0 0
P 117 48 255 0 0
P 118 48 255 0 0
P 119 48 255 0 0
P 120 48 255 0 0
P 121 48 255 0 0
P 122 48 255 0 0
P 123 48 255 0 0
P 124 48 255 0 0
P 125 48 255 0 0
P 126 48 255 0 0
P 127 48 255 0 0
P 128 48 255 0 0
P 129 48 255 0 0
P 130 48 255 0 0
P 131 48 255 0 0
P 132 48 255 0 0
P 133 48 255 0 0
P 134 48 255 0 0
P 135 48 255 0 0
P 136 48 255 0 0
P 137 48 255 0 0
P 138 48 255 0 0
P 139 48 255 0 0
P 140 48 255 0 0
P 141 48 255 0 0
P 142 48 255 0 0
P 143 48 255 0 0
P 144 48 255 0 0
P 145 48 255 0 0
P 146 48 255 0 0
P 147 48 255 0 0
P 148 48 255 0 0
P 149 48 255 0 0
P 150 48 255 0 0
P 151 48 255 0 0
P 152 48 255 0 0
P 153 48 255 0 0
P 154 48 255 0 0
P 155 48 255 0 0
P 156 48 255 0 0
P 157 48 255 0 0
P 158 48 255 0 0
P 159 48 255 0 0
P 160 48 255 0 0
P 161 48 255 0 0
P 162 48 255 0 0
P 163 48 255 0 0
P 164 48 255 0 0
P 165 48 255 0 0
P 166 48 255 0 0
P 167 48 255 0 0
P 168 48 255 0 0
P 169 48 255 0 0
P 170 48 255 0 0
P 171 48 255 0 0
P 72 49 255 0 0
P 73 49 255 0 0
P 74 49 255 0 0
P 75 49 255 0 0
P 76 49 255 0 0
P 77 49 255 0 0
P 78 49 255 0 0
P 79 49 255 0 0
P 80 49 255 0 0
P 81 49 255 0 0
P 82 49 255 0 0
P 83 49 255 0 0
P 84 49 255 0 0
P 85 49 255 0 0
P 86 49 255 0 0
P 87 49 255 0 0
P 88 49 255 0 0
P 89 49 255 0 0
P 90 49 255 0 0
P 91 49 255 0 0
P 92 49 255 0 0
P 93 49 255 0 0
P 94 49 255 0 0
P 95 49 255 0 0
P 96 49 255 0 0
P 97 49 255 0 0
P 98 49 255 0 0
P 99 49 255 0 0
P 100 49 255 0 0
P 101 49 255 0 0
P 102 49 255 0 0
P 103 49 255 0 0
P 104 49 255 0 0
P 105 49 255 0 0
P 106 49 255 0 0
P 107 49 255 0 0
P 108 49 255 0 0
P 109 49 255 0 0
P 110 49 255 0 0
P 111 49 255 0 0
P 112 49 255 0 0
P 113 49 255 0 0
P 114 49 255 0 0
P 115 49 255 0 0
P 116 49 255 0 0
P 117 49 255 0 0
P 118 49 255 0 0
P 119 49 255 0 0
P 120 49 255 0 0
P 121 49 255 0 0
P 122 49 255 0 0
P 123 49 255 0 0
P 124 49 255 0 0
P 125 49 255 0 0
P 126 49 255 0 0
P 127 49 255 0 0
P 128 49 255 0 0
P 129 49 255 0 0
P 130 49 255 0 0
P 131 49 255 0 0
P 132 49 255 0 0
P 133 49 255 0 0
P 134 49 255 0 0
P 135 49 255 0 0
P 136 49 255 0 0
P 137 49 255 0 0
P 138 49 255 0 0
P 139 49 255 0 0
P 140 49 255 0 0
P 141 49 255 0 0
P 142 49 255 0 0
P 143 49 255 0 0
P 144 49 255 0 0
P 145 49 255 0 0
P 146 49 255 0 0
P 147 49 255 0 0
P 148 49 255 0 0
P 149 49 255 0 0
P 150 49 255 0 0
P 151 49 255 0 0
P 152 49 255 0 0
P 153 49 255 0 0
P 154 49 255 0 0
P 155 49 255 0 0
P 156 49 255 0 0
P 157 49 255 0 0
P 158 49 255 0 0
P 159 49 255 0 0
P 160 49 255 0 0
P 161 49 255 0 0
P 162 49 255 0 0
P 163 49 255 0 0
P 164 49 255 0 0
P 165 49 255 0 0
P 166 49 255 0 0
P 167 49 255 0 0
P 168 49 255 0 0
P 169 49 255 0 0
P 170 49 255 0 0
P 171 49 255 0 0
P 73 50 255 0 0
P 74 50 255 0 0
P 75 50 255 0 0
P 76 50 255 0 0
P 77 50 255 0 0
P 78 50 255 0 0
P 79 50 255 0 0
P 80 50 255 0 0
P 81 50 255 0 0
P 82 50 255 0 0
P 83 50 255 0 0
P 84 50 255 0 0
P 85 50 255 0 0
P 86 50 255 0 0
P 87 50 255 0 0
P 88 50 255 0 0
P 89 50 255 0 0
P 90 50 255 0 0
P 91 50 255 0 0
P 92 50 255 0 0
P 93 50 255 0 0
P 94 50 255 0 0
P 95 50 255 0 0
P 96 50 255 0 0
P 97 50 255 0 0
P 98 50 255 0 0
P 99 50 255 0 0
P 100 50 255 0 0
P 101 50 255 0 0
P 102 50 255 0 0
P 103 50 255 0 0
P 104 50 255 0 0
P 105 50 255 0 0
P 106 50 255 0 0
P 107 50 255 0 0
P 108 50 255 0 0
P 109 50 255 0 0
P 110 50 255 0 0
P 111 50 255 0 0
P 112 50 255 0 0
P 113 50 255 0 0
P 114 50 255 0 0
P 115 50 255 0 0
P 116 50 255 0 0
P 117 50 255 0 0
P 118 50 255 0 0
P 119 50 255 0 0
P 120 50 255 0 0
P 121 50 255 0 0
P 122 50 255 0 0
P 123 50 255 0 0
P 124 50 255 0 0
P 125 50 255 0 0
P 126 50 255 0 0
P 127 50 255 0 0
P 128 50 255 0 0
P 129 50 255 0 0
P 130 50 255 0 0
P 131 50 255 0 0
P 132 50 255 0 0
P 133 50 255 0 0
P 134 50 255 0 0
P 135 50 255 0 0
P 136 50 255 0 0
P 137 50 255 0 0
P 138 50 255 0 0
P 139 50 255 0 0
P 140 50 255 0 0
P 141 50 255 0 0
P 142 50 255 0 0
P 143 50 255 0 0
P 144 50 255 0 0
P 145 50 255 0 0
P 146 50 255 0 0
P 147 50 255 0 0
P 148 50 255 0 0
P 149 50 255 0 0
P 150 50 255 0 0
P 151 50 255 0 0
P 152 50 255 0 0
P 153 50 255 0 0
P 154 50 255 0 0
P 155 50 255 0 0
P 156 50 255 0 0
P 157 50 255 0 0
P 158 50 255 0 0
P 159 50 255 0 0
P 160 50 255 0 0
P 161 50 255 0 0
P 162 50 255 0 0
P 163 50 255 0 0
P 164 50 255 0 0
P 165 50 255 0 0
P 166 50 255 0 0
P 167 50 255 0 0
P 168 50 255 0 0
P 169 50 255 0 0
P 170 50 255 0 0
P 171 50 255 0 0
P 74 51 255 0 0
P 75 51 255 0 0
P 76 51 255 0 0
P 77 51 255 0 0
P 78 51 255 0 0
P 79 51 255 0 0
P 80 51 255 0 0
P 81 51 255 0 0
P 82 51 255 0 0
P 83 51 255 0 0
P 84 51 255 0 0
P 85 51 255 0 0
P 86 51 255 0 0
P 87 51 255 0 0
P 88 51 255 0 0
P 89 51 255 0 0
P 90 51 255 0 0
P 91 51 255 0 0
P 92 51 255 0 0
P 93 51 255 0 0
P 94 51 255 0 0
P 95 51 255 0 0
P 96 51 255 0 0
P 97 51 255 0 0
P 98 51 255 0 0
P 99 51 255 0 0
P 100 51 255 0 0
P 101 51 255 0 0
P 102 51 255 0 0
P 103 51 255 0 0
P 104 51 255 0 0
P 105 51 255 0 0
P 106 51 255 0 0
P 107 51 255 0 0
P 108 51 255 0 0
P 109 51 255 0 0
P 110 51 255 0 0
P 111 51 255 0 0
P 112 51 255 0 0
P 113 51 255 0 0
P 114 51 255 0 0
P 115 51 255 0 0
P 116 51 255 0 0
P 117 51 255 0 0
P 118 51 255 0 0
P 119 51 255 0 0
P 120 51 255 0 0
P 121 51 255 0 0
P 122 51 255 0 0
P 123 51 255 0 0
P 124 51 255 0 0
P 125 51 255 0 0
P 126 51 255 0 0
P 127 51 255 0 0
P 128 51 255 0 0
P 129 51 255 0 0
P 130 51 255 0 0
P 131 51 255 0 0
P 132 51 255 0 0
P 133 51 255 0 0
P 134 51 255 0 0
P 135 51 255 0 0
P 136 51 255 0 0
P 137 51 255 0 0
P 138 51 255 0 0
P 139 51 255 0 0
P 140 51 255 0 0
P 141 51 255 0 0
P 142 51 255 0 0
P 143 51 255 0 0
P 144 51 255 0 0
P 145 51 255 0 0
P 146 51 255 0 0
P 147 51 255 0 0
P 148 51 255 0 0
P 149 51 255 0 0
P 150 51 255 0 0
P 151 51 255 0 0
P 152 51 255 0 0
P 153 51 255 0 0
P 154 51 255 0 0
P 155 51 255 0 0
P 156 51 255 0 0
P 157 51 255 0 0
P 158 51 255 0 0
P 159 51 255 0 0
P 160 51 255 0 0
P 161 51 255 0 0
P 162 51 255 0 0
P 163 51 255 0 0
P 164 51 255 0 0
P 165 51 255 0 0
P 166 51 255 0 0
P 167 51 255 0 0
P 168 51 255 0 0
P 169 51 255 0 0
P 170 51 255 0 0
P 76 52 255 0 0
P 77 52 255 0 0
P 78 52 255 0 0
P 79 52 255 0 0
P 80 52 255 0 0
P 81 52 255 0 0
P 82 52 255 0 0
P 83 52 255 0 0
P 84 52 255 0 0
P 85 52 255 0 0
P 86 52 255 0 0
P 87 52 255 0 0
P 88 52 255 0 0
P 89 52 255 0 0
P 90 52 255 0 0
P 91 52 255 0 0
P 92 52 255 0 0
P 93 52 255 0 0
P 94 52 255 0 0
P 95 52 255 0 0
P 96 52 255 0 0
P 97 52 255 0 0
P 98 52 255 0 0
P 99 52 255 0 0
P 100 52 255 0 0
P 101 52 255 0 0
P 102 52 255 0 0
P 103 52 255 0 0
P 104 52 255 0 0
P 105 52 255 0 0
P 106 52 255 0 0
P 107 52 255 0 0
P 108 52 255 0 0
P 109 52 255 0 0
P 110 52 255 0 0
P 111 52 255 0 0
P 112 52 255 0 0
P 113 52 255 0 0
P 114 52 255 0 0
P 115 52 255 0 0
P 116 52 255 0 0
P 117 52 255 0 0
P 118 52 255 0 0
P 119 52 255 0 0
P 120 52 255 0 0
P 121 52 255 0 0
P 122 52 255 0 0
P 123 52 255 0 0
P 124 52 255 0 0
P 125 52 255 0 0
P 126 52 255 0 0
P 127 52 255 0 0
P 128 52 255 0 0
P 129 52 255 0 0
P 130 52 255 0 0
P 131 52 255 0 0
P 132 52 255 0 0
P 133 52 255 0 0
P 134 52 255 0 0
P 135 52 255 0 0
P 136 52 255 0 0
P 137 52 255 0 0
P 138 52 255 0 0
P 139 52 255 0 0
P 140 52 255 0 0
P 141 52 255 0 0
P 142 52 255 0 0
P 143 52 255 0 0
P 144 52 255 0 0
P 145 52 255 0 0
P 146 52 255 0 0
P 147 52 255 0 0
P 148 52 255 0 0
P 149 52 255 0 0
P 150 52 255 0 0
P 151 52 255 0 0
P 152 52 255 0 0
P 153 52 255 0 0
P 154 52 255 0 0
P 155 52 255 0 0
P 156 52 255 0 0
P 157 52 255 0 0
P 158 52 255 0 0
P 159 52 255 0 0
P 160 52 255 0 0
P 161 52 255 0 0
P 162 52 255 0 0
P 163 52 255 0 0
P 164 52 255 0 0
P 165 52 255 0 0
P 166 52 255 0 0
P 167 52 255 0 0
P 168 52 255 0 0
P 169 52 255 0 0
P 170 52 255 0 0
P 77 53 255 0 0
P 78 53 255 0 0
P 79 53 255 0 0
P 80 53 255 0 0
P 81 53 255 0 0
P 82 53 255 0 0
P 83 53 255 0 0
P 84 53 255 0 0
P 85 53 255 0 0
P 86 53 255 0 0
P 87 53 255 0 0
P 88 53 255 0 0
P 89 53 255 0 0
P 90 53 255 0 0
P 91 53 255 0 0
P 92 53 255 0 0
P 93 53 255 0 0
P 94 53 255 0 0
P 95 53 255 0 0
P 96 53 255 0 0
P 97 53 255 0 0
P 98 53 255 0 0
P 99 53 255 0 0
P 100 53 255 0 0
P 101 53 255 0 0
P 102 53 255 0 0
P 103 53 255 0 0
P 104 53 255 0 0
P 105 53 255 0 0
P 106 53 255 0 0
P 107 53 255 0 0
P 108 53 255 0 0
P 109 53 255 0 0
P 110 53 255 0 0
P 111 53 255 0 0
P 112 53 255 0 0
P 113 53 255 0 0
P 114 53 255 0 0
P 115 53 255 0 0
P 116 53 255 0 0
P 117 53 255 0 0
P 118 53 255 0 0
P 119 53 255 0 0
P 120 53 255 0 0
P 121 53 255 0 0
P 122 53 255 0 0
P 123 53 255 0 0
P 124 53 255 0 0
P 125 53 255 0 0
P 126 53 255 0 0
P 127 53 255 0 0
P 128 53 255 0 0
P 129 53 255 0 0
P 130 53 255 0 0
P 131 53 255 0 0
P 132 53 255 0 0
P 133 53 255 0 0
P 134 53 255 0 0
P 135 53 255 0 0
P 136 53 255 0 0
P 137 53 255 0 0
P 138 53 255 0 0
P 139 53 255 0 0
P 140 53 255 0 0
P 141 53 255 0 0
P 142 53 255 0 0
P 143 53 255 0 0
P 144 53 255 0 0
P 145 53 255 0 0
P 146 53 255 0 0
P 147 53 255 0 0
P 148 53 255 0 0
P 149 53 255 0 0
P 150 53 255 0 0
P 151 53 255 0 0
P 152 53 255 0 0
P 153 53 255 0 0
P 154 53 255 0 0
P 155 53 255 0 0
P 156 53 255 0 0
P 157 53 255 0 0
P 158 53 255 0 0
P 159 53 255 0 0
P 160 53 255 0 0
P 161 53 255 0 0
P 162 53 255 0 0
P 163 53 255 0 0
P 164 53 255 0 0
P 165 53 255 0 0
P 166 53 255 0 0
P 167 53 255 0 0
P 168 53 255 0 0
P 169 53 255 0 0
P 170 53 255 0 0
P 78 54 255 0 0
P 79 54 255 0 0
P 80 54 255 0 0
P 81 54 255 0 0
P 82 54 255 0 0
P 83 54 255 0 0
P 84 54 255 0 0
P 85 54 255 0 0
P 86 54 255 0 0
P 87 54 255 0 0
P 88 54 255 0 0
P 89 54 255 0 0
P 90 54 255 0 0
P 91 54 255 0 0
P 92 54 255 0 0
P 93 54 255 0 0
P 94 54 255 0 0
P 95 54 255 0 0
P 96 54 255 0 0
P 97 54 255 0 0
P 98 54 255 0 0
P 99 54 255 0 0
P 100 54 255 0 0
P 101 54 255 0 0
P 102 54 255 0 0
P 103 54 255 0 0
P 104 54 255 0 0
P 105 54 255 0 0
P 106 54 255 0 0
P 107 54 255 0 0
P 108 54 255 0 0
P 109 54 255 0 0
P 110 54 255 0 0
P 111 54 255 0 0
P 112 54 255 0 0
P 113 54 255 0 0
P 114 54 255 0 0
P 115 54 255 0 0
P 116 54 255 0 0
P 117 54 255 0 0
P 118 54 255 0 0
P 119 54 255 0 0
P 120 54 255 0 0
P 121 54 255 0 0
P 122 54 255 0 0
P 123 54 255 0 0
P 124 54 255 0 0
P 125 54 255 0 0
P 126 54 255 0 0
P 127 54 255 0 0
P 128 54 255 0 0
P 129 54 255 0 0
P 130 54 255 0 0
P 131 54 255 0 0
P 132 54 255 0 0
P 133 54 255 0 0
P 134 54 255 0 0
P 135 54 255 0 0
P 136 54 255 0 0
P 137 54 255 0 0
P 138 54 255 0 0
P 139 54 255 0 0
P 140 54 255 0 0
P 141 54 255 0 0
P 142 54 255 0 0
P 143 54 255 0 0
P 144 54 255 0 0
P 145 54 255 0 0
P 146 54 255 0 0
P 147 54 255 0 0
P 148 54 255 0 0
P 149 54 255 0 0
P 150 54 255 0 0
P 151 54 255 0 0
P 152 54 255 0 0
P 153 54 255 0 0
P 154 54 255 0 0
P 155 54 255 0 0
P 156 54 255 0 0
P 157 54 255 0 0
P 158 54 255 0 0
P 159 54 255 0 0
P 160 54 255 0 0
P 161 54 255 0 0
P 162 54 255 0 0
P 163 54 255 0 0
P 164 54 255 0 0
P 165 54 255 0 0
P 166 54 255 0 0
P 167 54 255 0 0
P 168 54 255 0 0
P 169 54 255 0 0
P 170 54 255 0 0
P 79 55 255 0 0
P 80 55 255 0 0
P 81 55 255 0 0
P 82 55 255 0 0
P 83 55 255 0 0
P 84 55 255 0 0
P 85 55 255 0 0
P 86 55 255 0 0
P 87 55 255 0 0
P 88 55 255 0 0
P 89 55 255 0 0
P 90 55 255 0 0
P 91 55 255 0 0
P 92 55 255 0 0
P 93 55 255 0 0
P 94 55 255 0 0
P 95 55 255 0 0
P 96 55 255 0 0
P 97 55 255 0 0
P 98 55 255 0 0
P 99 55 255 0 0
P 100 55 255 0 0
P 101 55 255 0 0
P 102 55 255 0 0
P 103 55 255 0 0
P 104 55 255 0 0
P 105 55 255 0 0
P 106 55 255 0 0
P 107 55 255 0 0
P 108 55 255 0 0
P 109 55 255 0 0
P 110 55 255 0 0
P 111 55 255 0 0
P 112 55 255 0 0
P 113 55 255 0 0
P 114 55 255 0 0
P 115 55 255 0 0
P 116 55 255 0 0
P 117 55 255 0 0
P 118 55 255 0 0
P 119 55 255 0 0
P 120 55 255 0 0
P 121 55 255 0 0
P 122 55 255 0 0
P 123 55 255 0 0
P 124 55 255 0 0
P 125 55 255 0 0
P 126 55 255 0 0
P 127 55 255 0 0
P 128 55 255 0 0
P 129 55 255 0 0
P 130 55 255 0 0
P 131 55 255 0 0
P 132 55 255 0 0
P 133 55 255 0 0
P 134 55 255 0 0
P 135 55 255 0 0
P 136 55 255 0 0
P 137 55 255 0 0
P 138 55 255 0 0
P 139 55 255 0 0
P 140 55 255 0 0
P 141 55 255 0 0
P 142 55 255 0 0
P 143 55 255 0 0
P 144 55 255 0 0
P 145 55 255 0 0
P 146 55 255 0 0
P 147 55 255 0 0
P 148 55 255 0 0
P 149 55 255 0 0
P 150 55 255 0 0
P 151 55 255 0 0
P 152 55 255 0 0
P 153 55 255 0 0
P 154 55 255 0 0
P 155 55 255 0 0
P 156 55 255 0 0
P 157 55 255 0 0
P 158 55 255 0 0
P 159 55 255 0 0
P 160 55 255 0 0
P 161 55 255 0 0
P 162 55 255 0 0
P 163 55 255 0 0
P 164 55 255 0 0
P 165 55 255 0 0
P 166 55 255 0 0
P 167 55 255 0 0
P 168 55 255 0 0
P 169 55 255 0 0
P 170 55 255 0 0
P 81 56 255 0 0
P 82 56 255 0 0
P 83 56 255 0 0
P 84 56 255 0 0
P 85 56 255 0 0
P 86 56 255 0 0
P 87 56 255 0 0
P 88 56 255 0 0
P 89 56 255 0 0
P 90 56 255 0 0
P 91 56 255 0 0
P 92 56 255 0 0
P 93 56 255 0 0
P 94 56 255 0 0
P 95 56 255 0 0
P 96 56 255 0 0
P 97 56 255 0 0
P 98 56 255 0 0
P 99 56 255 0 0
P 100 56 255 0 0
P 101 56 255 0 0
P 102 56 255 0 0
P 103 56 255 0 0
P 104 56 255 0 0
P 105 56 255 0 0
P 106 56 255 0 0
P 107 56 255 0 0
P 108 56 255 0 0
P 109 56 255 0 0
P 110 56 255 0 0
P 111 56 255 0 0
P 112 56 255 0 0
P 113 56 255 0 0
P 114 56 255 0 0
P 115 56 255 0 0
P 116 56 255 0 0
P 117 56 255 0 0
P 118 56 255 0 0
P 119 56 255 0 0
P 120 56 255 0 0
P 121 56 255 0 0
P 122 56 255 0 0
P 123 56 255 0 0
P 124 56 255 0 0
P 125 56 255 0 0
P 126 56 255 0 0
P 127 56 255 0 0
P 128 56 255 0 0
P 129 56 255 0 0
P 130 56 255 0 0
P 131 56 255 0 0
P 132 56 255 0 0
P 133 56 255 0 0
P 134 56 255 0 0
P 135 56 255 0 0
P 136 56 255 0 0
P 137 56 255 0 0
P 138 56 255 0 0
P 139 56 255 0 0
P 140 56 255 0 0
P 141 56 255 0 0
P 142 56 255 0 0
P 143 56 255 0 0
P 144 56 255 0 0
P 145 56 255 0 0
P 146 56 255 0 0
P 147 56 255 0 0
P 148 56 255 0 0
P 149 56 255 0 0
P 150 56 255 0 0
P 151 56 255 0 0
P 152 56 255 0 0
P 153 56 255 0 0
P 154 56 255 0 0
P 155 56 255 0 0
P 156 56 255 0 0
P 157 56 255 0 0
P 158 56 255 0 0
P 159 56 255 0 0
P 160 56 255 0 0
P 161 56 255 0 0
P 162 56 255 0 0
P 163 56 255 0 0
P 164 56 255 0 0
P 165 56 255 0 0
P 166 56 255 0 0
P 167 56 255 0 0
P 168 56 255 0 0
P 169 56 255 0 0
P 170 56 255 0 0
P 82 57 255 0 0
P 83 57 255 0 0
P 84 57 255 0 0
P 85 57 255 0 0
P 86 57 255 0 0
P 87 57 255 0 0
P 88 57 255 0 0
P 89 57 255 0 0
P 90 57 255 0 0
P 91 57 255 0 0
P 92 57 255 0 0
P 93 57 255 0 0
P 94 57 255 0 0
P 95 57 255 0 0
P 96 57 255 0 0
P 97 57 255 0 0
P 98 57 255 0 0
P 99 57 255 0 0
P 100 57 255 0 0
P 101 57 255 0 0
P 102 57 255 0 0
P 103 57 255 0 0
P 104 57 255 0 0
P 105 57 255 0 0
P 106 57 255 0 0
P 107 57 255 0 0
P 108 57 255 0 0
P 109 57 255 0 0
P 110 57 255 0 0
P 111 57 255 0 0
P 112 57 255 0 0
P 113 57 255 0 0
P 114 57 255 0 0
P 115 57 255 0 0
P 116 57 255 0 0
P 117 57 255 0 0
P 118 57 255 0 0
P 119 57 255 0 0
P 120 57 255 0 0
P 121 57 255 0 0
P 122 57 255 0 0
P 123 57 255 0 0
P 124 57 255 0 0
P 125 57 255 0 0
P 126 57 255 0 0
P 127 57 255 0 0
P 128 57 255 0 0
P 129 57 255 0 0
P 130 57 255 0 0
P 131 57 255 0 0
P 132 57 255 0 0
P 133 57 255 0 0
P 134 57 255 0 0
P 135 57 255 0 0
P 136 57 255 0 0
P 137 57 255 0 0
P 138 57 255 0 0
P 139 57 255 0 0
P 140 57 255 0 0
P 141 57 255 0 0
P 142 57 255 0 0
P 143 57 255 0 0
P 144 57 255 0 0
P 145 57 255 0 0
P 146 57 255 0 0
P 147 57 255 0 0
P 148 57 255 0 0
P 149 57 255 0 0
P 150 57 255 0 0
P 151 57 255 0 0
P 152 57 255 0 0
P 153 57 255 0 0
P 154 57 255 0 0
P 155 57 255 0 0
P 156 57 255 0 0
P 157 57 255 0 0
P 158 57 255 0 0
P 159 57 255 0 0
P 160 57 255 0 0
P 161 57 255 0 0
P 162 57 255 0 0
P 163 57 255 0 0
P 164 57 255 0 0
P 165 57 255 0 0
P 166 57 255 0 0
P 167 57 255 0 0
P 168 57 255 0 0
P 169 57 255 0 0
P 83 58 255 0 0
P 84 58 255 0 0
P 85 58 255 0 0
P 86 58 255 0 0
P 87 58 255 0 0
P 88 58 255 0 0
P 89 58 255 0 0
P 90 58 255 0 0
P 91 58 255 0 0
P 92 58 255 0 0
P 93 58 255 0 0
P 94 58 255 0 0
P 95 58 255 0 0
P 96 58 255 0 0
P 97 58 255 0 0
P 98 58 255 0 0
P 99 58 255 0 0
P 100 58 255 0 0
P 101 58 255 0 0
P 102 58 255 0 0
P 103 58 255 0 0
P 104 58 255 0 0
P 105 58 255 0 0
P 106 58 255 0 0
P 107 58 255 0 0
P 108 58 255 0 0
P 109 58 255 0 0
P 110 58 255 0 0
P 111 58 255 0 0
P 112 58 255 0 0
P 113 58 255 0 0
P 114 58 255 0 0
P 115 58 255 0 0
P 116 58 255 0 0
P 117 58 255 0 0
P 118 58 255 0 0
P 119 58 255 0 0
P 120 58 255 0 0
P 121 58 255 0 0
P 122 58 255 0 0
P 123 58 255 0 0
P 124 58 255 0 0
P 125 58 255 0 0
P 126 58 255 0 0
P 127 58 255 0 0
P 128 58 255 0 0
P 129 58 255 0 0
P 130 58 255 0 0
P 131 58 255 0 0
P 132 58 255 0 0
P 133 58 255 0 0
P 134 58 255 0 0
P 135 58 255 0 0
P 136 58 255 0 0
P 137 58 255 0 0
P 138 58 255 0 0
P 139 58 255 0 0
P 140 58 255 0 0
P 141 58 255 0 0
P 142 58 255 0 0
P 143 58 255 0 0
P 144 58 255 0 0
P 145 58 255 0 0
P 146 58 255 0 0
P 147 58 255 0 0
P 148 58 255 0 0
P 149 58 255 0 0
P 150 58 255 0 0
P 151 58 255 0 0
P 152 58 255 0 0
P 153 58 255 0 0
P 154 58 255 0 0
P 155 58 255 0 0
P 156 58 255 0 0
P 157 58 255 0 0
P 158 58 255 0 0
P 159 58 255 0 0
P 160 58 255 0 0
P 161 58 255 0 0
P 162 58 255 0 0
P 163 58 255 0 0
P 164 58 255 0 0
P 165 58 255 0 0
P 166 58 255 0 0
P 167 58 255 0 0
P 168 58 255 0 0
P 169 58 255 0 0
P 84 59 255 0 0
P 85 59 255 0 0
P 86 59 255 0 0
P 87 59 255 0 0
P 88 59 255 0 0
P 89 59 255 0 0
P 90 59 255 0 0
P 91 59 255 0 0
P 92 59 255 0 0
P 93 59 255 0 0
P 94 59 255 0 0
P 95 59 255 0 0
P 96 59 255 0 0
P 97 59 255 0 0
P 98 59 255 0 0
P 99 59 255 0 0
P 100 59 255 0 0
P 101 59 255 0 0
P 102 59 255 0 0
P 103 59 255 0 0
P 104 59 255 0 0
P 105 59 255 0 0
P 106 59 255 0 0
P 107 59 255 0 0
P 108 59 255 0 0
P 109 59 255 0 0
P 110 59 255 0 0
P 111 59 255 0 0
P 112 59 255 0 0
P 113 59 255 0 0
P 114 59 255 0 0
P 115 59 255 0 0
P 116 59 255 0 0
P 117 59 255 0 0
P 118 59 255 0 0
P 119 59 255 0 0
P 120 59 255 0 0
P 121 59 255 0 0
P 122 59 255 0 0
P 123 59 255 0 0
P 124 59 255 0 0
P 125 59 255 0 0
P 126 59 255 0 0
P 127 59 255 0 0
P 128 59 255 0 0
P 129 59 255 0 0
P 130 59 255 0 0
P 131 59 255 0 0
P 132 59 255 0 0
P 133 59 255 0 0
P 134 59 255 0 0
P 135 59 255 0 0
P 136 59 255 0 0
P 137 59 255 0 0
P 138 59 255 0 0
P 139 59 255 0 0
P 140 59 255 0 0
P 141 59 255 0 0
P 142 59 255 0 0
P 143 59 255 0 0
P 144 59 255 0 0
P 145 59 255 0 0
P 146 59 255 0 0
P 147 59 255 0 0
P 148 59 255 0 0
P 149 59 255 0 0
P 150 59 255 0 0
P 151 59 255 0 0
P 152 59 255 0 0
P 153 59 255 0 0
P 154 59 255 0 0
P 155 59 255 0 0
P 156 59 255 0 0
P 157 59 255 0 0
P 158 59 255 0 0
P 159 59 255 0 0
P 160 59 255 0 0
P 161 59 255 0 0
P 162 59 255 0 0
P 163 59 255 0 0
P 164 59 255 0 0
P 165 59 255 0 0
P 166 59 255 0 0
P 167 59 255 0 0
P 168 59 255 0 0
P 169 59 255 0 0
P 86 60 255 0 0
P 87 60 255 0 0
P 88 60 255 0 0
P 89 60 255 0 0
P 90 60 255 0 0
P 91 60 255 0 0
P 92 60 255 0 0
P 93 60 255 0 0
P 94 60 255 0 0
P 95 60 255 0 0
P 96 60 255 0 0
P 97 60 255 0 0
P 98 60 255 0 0
P 99 60 255 0 0
P 100 60 255 0 0
P 101 60 255 0 0
P 102 60 255 0 0
P 103 60 255 0 0
P 104 60 255 0 0
P 105 60 255 0 0
P 106 60 255 0 0
P 107 60 255 0 0
P 108 60 255 0 0
P 109 60 255 0 0
P 110 60 255 0 0
P 111 60 255 0 0
P 112 60 255 0 0
P 113 60 255 0 0
P 114 60 255 0 0
P 115 60 255 0 0
P 116 60 255 0 0
P 117 60 255 0 0
P 118 60 255 0 0
P 119 60 255 0 0
P 120 60 255 0 0
P 121 60 255 0 0
P 122 60 255 0 0
P 123 60 255 0 0
P 124 60 255 0 0
P 125 60 255 0 0
P 126 60 255 0 0
P 127 60 255 0 0
P 128 60 255 0 0
P 129 60 255 0 0
P 130 60 255 0 0
P 131 60 255 0 0
P 132 60 255 0 0
P 133 60 255 0 0
P 134 60 255 0 0
P 135 60 255 0 0
P 136 60 255 0 0
P 137 60 255 0 0
P 138 60 255 0 0
P 139 60 255 0 0
P 140 60 255 0 0
P 141 60 255 0 0
P 142 60 255 0 0
P 143 60 255 0 0
P 144 60 255 0 0
P 145 60 255 0 0
P 146 60 255 0 0
P 147 60 255 0 0
P 148 60 255 0 0
P 149 60 255 0 0
P 150 60 255 0 0
P 151 60 255 0 0
P 152 60 255 0 0
P 153 60 255 0 0
P 154 60 255 0 0
P 155 60 255 0 0
P 156 60 255 0 0
P 157 60 255 0 0
P 158 60 255 0 0
P 159 60 255 0 0
P 160 60 255 0 0
P 161 60 255 0 0
P 162 60 255 0 0
P 163 60 255 0 0
P 164 60 255 0 0
P 165 60 255 0 0
P 166 60 255 0 0
P 167 60 255 0 0
P 168 60 255 0 0
P 169 60 255 0 0
P 87 61 255 0 0
P 88 61 255 0 0
P 89 61 255 0 0
P 90 61 255 0 0
P 91 61 255 0 0
P 92 61 255 0 0
P 93 61 255 0 0
P 94 61 255 0 0
P 95 61 255 0 0
P 96 61 255 0 0
P 97 61 255 0 0
P 98 61 255 0 0
P 99 61 255 0 0
P 100 61 255 0 0
P 101 61 255 0 0
P 102 61 255 0 0
P 103 61 255 0 0
P 104 61 255 0 0
P 105 61 255 0 0
P 106 61 255 0 0
P 107 61 255 0 0
P 108 61 255 0 0
P 109 61 255 0 0
P 110 61 255 0 0
P 111 61 255 0 0
P 112 61 255 0 0
P 113 61 255 0 0
P 114 61 255 0 0
P 115 61 255 0 0
P 116 61 255 0 0
P 117 61 255 0 0
P 118 61 255 0 0
P 119 61 255 0 0
P 120 61 255 0 0
P 121 61 255 0 0
P 122 61 255 0 0
P 123 61 255 0 0
P 124 61 255 0 0
P 125 61 255 0 0
P 126 61 255 0 0
P 127 61 255 0 0
P 128 61 255 0 0
P 129 61 255 0 0
P 130 61 255 0 0
P 131 61 255 0 0
P 132 61 255 0 0
P 133 61 255 0 0
P 134 61 255 0 0
P 135 61 255 0 0
P 136 61 255 0 0
P 137 61 255 0 0
P 138 61 255 0 0
P 139 61 255 0 0
P 140 61 255 0 0
P 141 61 255 0 0
P 142 61 255 0 0
P 143 61 255 0 0
P 144 61 255 0 0
P 145 61 255 0 0
P 146 61 255 0 0
P 147 61 255 0 0
P 148 61 255 0 0
P 149 61 255 0 0
P 150 61 255 0 0
P 151 61 255 0 0
P 152 61 255 0 0
P 153 61 255 0 0
P 154 61 255 0 0
P 155 61 255 0 0
P 156 61 255 0 0
P 157 61 255 0 0
P 158 61 255 0 0
P 159 61 255 0 0
P 160 61 255 0 0
P 161 61 255 0 0
P 162 61 255 0 0
P 163 61 255 0 0
P 164 61 255 0 0
P 165 61 255 0 0
P 166 61 255 0 0
P 167 61 255 0 0
P 168 61 255 0 0
P 169 61 255 0 0
P 88 62 255 0 0
P 89 62 255 0 0
P 90 62 255 0 0
P 91 62 255 0 0
P 92 62 255 0 0
P 93 62 255 0 0
P 94 62 255 0 0
P 95 62 255 0 0
P 96 62 255 0 0
P 97 62 255 0 0
P 98 62 255 0 0
P 99 62 255 0 0
P 100 62 255 0 0
P 101 62 255 0 0
P 102 62 255 0 0
P 103 62 255 0 0
P 104 62 255 0 0
P 105 62 255 0 0
P 106 62 255 0 0
P 107 62 255 0 0
P 108 62 255 0 0
P 109 62 255 0 0
P 110 62 255 0 0
P 111 62 255 0 0
P 112 62 255 0 0
P 113 62 255 0 0
P 114 62 255 0 0
P 115 62 255 0 0
P 116 62 255 0 0
P 117 62 255 0 0
P 118 62 255 0 0
P 119 62 255 0 0
P 120 62 255 0 0
P 121 62 255 0 0
P 122 62 255 0 0
P 123 62 255 0 0
P 124 62 255 0 0
P 125 62 255 0 0
P 126 62 255 0 0
P 127 62 255 0 0
P 128 62 255 0 0
P 129 62 255 0 0
P 130 62 255 0 0
P 131 62 255 0 0
P 132 62 255 0 0
P 133 62 255 0 0
P 134 62 255 0 0
P 135 62 255 0 0
P 136 62 255 0 0
P 137 62 255 0 0
P 138 62 255 0 0
P 139 62 255 0 0
P 140 62 255 0 0
P 141 62 255 0 0
P 142 62 255 0 0
P 143 62 255 0 0
P 144 62 255 0 0
P 145 62 255 0 0
P 146 62 255 0 0
P 147 62 255 0 0
P 148 62 255 0 0
P 149 62 255 0 0
P 150 62 255 0 0
P 151 62 255 0 0
P 152 62 255 0 0
P 153 62 255 0 0
P 154 62 255 0 0
P 155 62 255 0 0
P 156 62 255 0 0
P 157 62 255 0 0
P 158 62 255 0 0
P 159 62 255 0 0
P 160 62 255 0 0
P 161 62 255 0 0
P 162 62 255 0 0
P 163 62 255 0 0
P 164 62 255 0 0
P 165 62 255 0 0
P 166 62 255 0 0
P 167 62 255 0 0
P 168 62 255 0 0
P 169 62 255 0 0
P 89 63 255 0 0
P 90 63 255 0 0
P 91 63 255 0 0
P 92 63 255 0 0
P 93 63 255 0 0
P 94 63 255 0 0
P 95 63 255 0 0
P 96 63 255 0 0
P 97 63 255 0 0
P 98 63 255 0 0
P 99 63 255 0 0
P 100 63 255 0 0
P 101 63 255 0 0
P 102 63 255 0 0
P 103 63 255 0 0
P 104 63 255 0 0
P 105 63 255 0 0
P 106 63 255 0 0
P 107 63 255 0 0
P 108 63 255 0 0
P 109 63 255 0 0
P 110 63 255 0 0
P 111 63 255 0 0
P 112 63 255 0 0
P 113 63 255 0 0
P 114 63 255 0 0
P 115 63 255 0 0
P 116 63 255 0 0
P 117 63 255 0 0
P 118 63 255 0 0
P 119 63 255 0 0
P 120 63 255 0 0
P 121 63 255 0 0
P 122 63 255 0 0
P 123 63 255 0 0
P 124 63 255 0 0
P 125 63 255 0 0
P 126 63 255 0 0
P 127 63 255 0 0
P 128 63 255 0 0
P 129 63 255 0 0
P 130 63 255 0 0
P 131 63 255 0 0
P 132 63 255 0 0
P 133 63 255 0 0
P 134 63 255 0 0
P 135 63 255 0 0
P 136 63 255 0 0
P 137 63 255 0 0
P 138 63 255 0 0
P 139 63 255 0 0
P 140 63 255 0 0
P 141 63 255 0 0
P 142 63 255 0 0
P 143 63 255 0 0
P 144 63 255 0 0
P 145 63 255 0 0
P 146 63 255 0 0
P 147 63 255 0 0
P 148 63 255 0 0
P 149 63 255 0 0
P 150 63 255 0 0
P 151 63 255 0 0
P 152 63 255 0 0
P 153 63 255 0 0
P 154 63 255 0 0
P 155 63 255 0 0
P 156 63 255 0 0
P 157 63 255 0 0
P 158 63 255 0 0
P 159 63 255 0 0
P 160 63 255 0 0
P 161 63 255 0 0
P 162 63 255 0 0
P 163 63 255 0 0
P 164 63 255 0 0
P 165 63 255 0 0
P 166 63 255 0 0
P 167 63 255 0 0
P 168 63 255 0 0
P 91 64 255 0 0
P 92 64 255 0 0
P 93 64 255 0 0
P 94 64 255 0 0
P 95 64 255 0 0
P 96 64 255 0 0
P 97 64 255 0 0
P 98 64 255 0 0
P 99 64 255 0 0
P 100 64 255 0 0
P 101 64 255 0 0
P 102 64 255 0 0
P 103 64 255 0 0
P 104 64 255 0 0
P 105 64 255 0 0
P 106 64 255 0 0
P 107 64 255 0 0
P 108 64 255 0 0
P 109 64 255 0 0
P 110 64 255 0 0
P 111 64 255 0 0
P 112 64 255 0 0
P 113 64 255 0 0
P 114 64 255 0 0
P 115 64 255 0 0
P 116 64 255 0 0
P 117 64 255 0 0
P 118 64 255 0 0
P 119 64 255 0 0
P 120 64 255 0 0
P 121 64 255 0 0
P 122 64 255 0 0
P 123 64 255 0 0
P 124 64 255 0 0
P 125 64 255 0 0
P 126 64 255 0 0
P 127 64 255 0 0
P 128 64 255 0 0
P 129 64 255 0 0
P 130 64 255 0 0
P 131 64 255 0 0
P 132 64 255 0 0
P 133 64 255 0 0
P 134 64 255 0 0
P 135 64 255 0 0
P 136 64 255 0 0
P 137 64 255 0 0
P 138 64 255 0 0
P 139 64 255 0 0
P 140 64 255 0 0
P 141 64 255 0 0
P 142 64 255 0 0
P 143 64 255 0 0
P 144 64 255 0 0
P 145 64 255 0 0
P 146 64 255 0 0
P 147 64 255 0 0
P 148 64 255 0 0
P 149 64 255 0 0
P 150 64 255 0 0
P 151 64 255 0 0
P 152 64 255 0 0
P 153 64 255 0 0
P 154 64 255 0 0
P 155 64 255 0 0
P 156 64 255 0 0
P 157 64 255 0 0
P 158 64 255 0 0
P 159 64 255 0 0
P 160 64 255 0 0
P 161 64 255 0 0
P 162 64 255 0 0
P 163 64 255 0 0
P 164 64 255 0 0
P 165 64 255 0 0
P 166 64 255 0 0
P 167 64 255 0 0
P 168 64 255 0 0
P 92 65 255 0 0
P 93 65 255 0 0
P 94 65 255 0 0
P 95 65 255 0 0
P 96 65 255 0 0
P 97 65 255 0 0
P 98 65 255 0 0
P 99 65 255 0 0
P 100 65 255 0 0
P 101 65 255 0 0
P 102 65 255 0 0
P 103 65 255 0 0
P 104 65 255 0 0
P 105 65 255 0 0
P 106 65 255 0 0
P 107 65 255 0 0
P 108 65 255 0 0
P 109 65 255 0 0
P 110 65 255 0 0
P 111 65 255 0 0
P 112 65 255 0 0
P 113 65 255 0 0
P 114 65 255 0 0
P 115 65 255 0 0
P 116 65 255 0 0
P 117 65 255 0 0
P 118 65 255 0 0
P 119 65 255 0 0
P 120 65 255 0 0
P 121 65 255 0 0
P 122 65 255 0 0
P 123 65 255 0 0
P 124 65 255 0 0
P 125 65 255 0 0
P 126 65 255 0 0
P 127 65 255 0 0
P 128 65 255 0 0
P 129 65 255 0 0
P 130 65 255 0 0
P 131 65 255 0 0
P 132 65 255 0 0
P 133 65 255 0 0
P 134 65 255 0 0
P 135 65 255 0 0
P 136 65 255 0 0
P 137 65 255 0 0
P 138 65 255 0 0
P 139 65 255 0 0
P 140 65 255 0 0
P 141 65 255 0 0
P 142 65 255 0 0
P 143 65 255 0 0
P 144 65 255 0 0
P 145 65 255 0 0
P 146 65 255 0 0
P 147 65 255 0 0
P 148 65 255 0 0
P 149 65 255 0 0
P 150 65 255 0 0
P 151 65 255 0 0
P 152 65 255 0 0
P 153 65 255 0 0
P 154 65 255 0 0
P 155 65 255 0 0
P 156 65 255 0 0
P 157 65 255 0 0
P 158 65 255 0 0
P 159 65 255 0 0
P 160 65 255 0 0
P 161 65 255 0 0
P 162 65 255 0 0
P 163 65 255 0 0
P 164 65 255 0 0
P 165 65 255 0 0
P 166 65 255 0 0
P 167 65 255 0 0
P 168 65 255 0 0
P 93 66 255 0 0
P 94 66 255 0 0
P 95 66 255 0 0
P 96 66 255 0 0
P 97 66 255 0 0
P 98 66 255 0 0
P 99 66 255 0 0
P 100 66 255 0 0
P 101 66 255 0 0
P 102 66 255 0 0
P 103 66 255 0 0
P 104 66 255 0 0
P 105 66 255 0 0
P 106 66 255 0 0
P 107 66 255 0 0
P 108 66 255 0 0
P 109 66 255 0 0
P 110 66 255 0 0
P 111 66 255 0 0
P 112 66 255 0 0
P 113 66 255 0 0
P 114 66 255 0 0
P 115 66 255 0 0
P 116 66 255 0 0
P 117 66 255 0 0
P 118 66 255 0 0
P 119 66 255 0 0
P 120 66 255 0 0
P 121 66 255 0 0
P 122 66 255 0 0
P 123 66 255 0 0
P 124 66 255 0 0
P 125 66 255 0 0
P 126 66 255 0 0
P 127 66 255 0 0
P 128 66 255 0 0
P 129 66 255 0 0
P 130 66 255 0 0
P 131 66 255 0 0
P 132 66 255 0 0
P 133 66 255 0 0
P 134 66 255 0 0
P 135 66 255 0 0
P 136 66 255 0 0
P 137 66 255 0 0
P 138 66 255 0 0
P 139 66 255 0 0
P 140 66 255 0 0
P 141 66 255 0 0
P 142 66 255 0 0
P 143 66 255 0 0
P 144 66 255 0 0
P 145 66 255 0 0
P 146 66 255 0 0
P 147 66 255 0 0
P 148 66 255 0 0
P 149 66 255 0 0
P 150 66 255 0 0
P 151 66 255 0 0
P 152 66 255 0 0
P 153 66 255 0 0
P 154 66 255 0 0
P 155 66 255 0 0
P 156 66 255 0 0
P 157 66 255 0 0
P 158 66 255 0 0
P 159 66 255 0 0
P 160 66 255 0 0
P 161 66 255 0 0
P 162 66 255 0 0
P 163 66 255 0 0
P 164 66 255 0 0
P 165 66 255 0 0
P 166 66 255 0 0
P 167 66 255 0 0
P 168 66 255 0 0
P 94 67 255 0 0
P 95 67 255 0 0
P 96 67 255 0 0
P 97 67 255 0 0
P 98 67 255 0 0
P 99 67 255 0 0
P 100 67 255 0 0
P 101 67 255 0 0
P 102 67 255 0 0
P 103 67 255 0 0
P 104 67 255 0 0
P 105 67 255 0 0
P 106 67 255 0 0
P 107 67 255 0 0
P 108 67 255 0 0
P 109 67 255 0 0
P 110 67 255 0 0
P 111 67 255 0 0
P 112 67 255 0 0
P 113 67 255 0 0
P 114 67 255 0 0
P 115 67 255 0 0
P 116 67 255 0 0
P 117 67 255 0 0
P 118 67 255 0 0
P 119 67 255 0 0
P 120 67 255 0 0
P 121 67 255 0 0
P 122 67 255 0 0
P 123 67 255 0 0
P 124 67 255 0 0
P 125 67 255 0 0
P 126 67 255 0 0
P 127 67 255 0 0
P 128 67 255 0 0
P 129 67 255 0 0
P 130 67 255 0 0
P 131 67 255 0 0
P 132 67 255 0 0
P 133 67 255 0 0
P 134 67 255 0 0
P 135 67 255 0 0
P 136 67 255 0 0
P 137 67 255 0 0
P 138 67 255 0 0
P 139 67 255 0 0
P 140 67 255 0 0
P 141 67 255 0 0
P 142 67 255 0 0
P 143 67 255 0 0
P 144 67 255 0 0
P 145 67 255 0 0
P 146 67 255 0 0
P 147 67 255 0 0
P 148 67 255 0 0
P 149 67 255 0 0
P 150 67 255 0 0
P 151 67 255 0 0
P 152 67 255 0 0
P 153 67 255 0 0
P 154 67 255 0 0
P 155 67 255 0 0
P 156 67 255 0 0
P 157 67 255 0 0
P 158 67 255 0 0
P 159 67 255 0 0
P 160 67 255 0 0
P 161 67 255 0 0
P 162 67 255 0 0
P 163 67 255 0 0
P 164 67 255 0 0
P 165 67 255 0 0
P 166 67 255 0 0
P 167 67 255 0 0
P 168 67 255 0 0
P 96 68 255 0 0
P 97 68 255 0 0
P 98 68 255 0 0
P 99 68 255 0 0
P 100 68 255 0 0
P 101 68 255 0 0
P 102 68 255 0 0
P 103 68 255 0 0
P 104 68 255 0 0
P 105 68 255 0 0
P 106 68 255 0 0
P 107 68 255 0 0
P 108 68 255 0 0
P 109 68 255 0 0
P 110 68 255 0 0
P 111 68 255 0 0
P 112 68 255 0 0
P 113 68 255 0 0
P 114 68 255 0 0
P 115 68 255 0 0
P 116 68 255 0 0
P 117 68 255 0 0
P 118 68 255 0 0
P 119 68 255 0 0
P 120 68 255 0 0
P 121 68 255 0 0
P 122 68 255 0 0
P 123 68 255 0 0
P 124 68 255 0 0
P 125 68 255 0 0
P 126 68 255 0 0
P 127 68 255 0 0
P 128 68 255 0 0
P 129 68 255 0 0
P 130 68 255 0 0
P 131 68 255 0 0
P 132 68 255 0 0
P 133 68 255 0 0
P 134 68 255 0 0
P 135 68 255 0 0
P 136 68 255 0 0
P 137 68 255 0 0
P 138 68 255 0 0
P 139 68 255 0 0
P 140 68 255 0 0
P 141 68 255 0 0
P 142 68 255 0 0
P 143 68 255 0 0
P 144 68 255 0 0
P 145 68 255 0 0
P 146 68 255 0 0
P 147 68 255 0 0
P 148 68 255 0 0
P 149 68 255 0 0
P 150 68 255 0 0
P 151 68 255 0 0
P 152 68 255 0 0
P 153 68 255 0 0
P 154 68 255 0 0
P 155 68 255 0 0
P 156 68 255 0 0
P 157 68 255 0 0
P 158 68 255 0 0
P 159 68 255 0 0
P 160 68 255 0 0
P 161 68 255 0 0
P 162 68 255 0 0
P 163 68 255 0 0
P 164 68 255 0 0
P 165 68 255 0 0
P 166 68 255 0 0
P 167 68 255 0 0
P 168 68 255 0 0
P 97 69 255 0 0
P 98 69 255 0 0
P 99 69 255 0 0
P 100 69 255 0 0
P 101 69 255 0 0
P 102 69 255 0 0
P 103 69 255 0 0
P 104 69 255 0 0
P 105 69 255 0 0
P 106 69 255 0 0
P 107 69 255 0 0
P 108 69 255 0 0
P 109 69 255 0 0
P 110 69 255 0 0
P 111 69 255 0 0
P 112 69 255 0 0
P 113 69 255 0 0
P 114 69 255 0 0
P 115 69 255 0 0
P 116 69 255 0 0
P 117 69 255 0 0
P 118 69 255 0 0
P 119 69 255 0 0
P 120 69 255 0 0
P 121 69 255 0 0
P 122 69 255 0 0
P 123 69 255 0 0
P 124 69 255 0 0
P 125 69 255 0 0
P 126 69 255 0 0
P 127 69 255 0 0
P 128 69 255 0 0
P 129 69 255 0 0
P 130 69 255 0 0
P 131 69 255 0 0
P 132 69 255 0 0
P 133 69 255 0 0
P 134 69 255 0 0
P 135 69 255 0 0
P 136 69 255 0 0
P 137 69 255 0 0
P 138 69 255 0 0
P 139 69 255 0 0
P 140 69 255 0 0
P 141 69 255 0 0
P 142 69 255 0 0
P 143 69 255 0 0
P 144 69 255 0 0
P 145 69 255 0 0
P 146 69 255 0 0
P 147 69 255 0 0
P 148 69 255 0 0
P 149 69 255 0 0
P 150 69 255 0 0
P 151 69 255 0 0
P 152 69 255 0 0
P 153 69 255 0 0
P 154 69 255 0 0
P 155 69 255 0 0
P 156 69 255 0 0
P 157 69 255 0 0
P 158 69 255 0 0
P 159 69 255 0 0
P 160 69 255 0 0
P 161 69 255 0 0
P 162 69 255 0 0
P 163 69 255 0 0
P 164 69 255 0 0
P 165 69 255 0 0
P 166 69 255 0 0
P 167 69 255 0 0
P 98 70 255 0 0
P 99 70 255 0 0
P 100 70 255 0 0
P 101 70 255 0 0
P 102 70 255 0 0
P 103 70 255 0 0
P 104 70 255 0 0
P 105 70 255 0 0
P 106 70 255 0 0
P 107 70 255 0 0
P 108 70 255 0 0
P 109 70 255 0 0
P 110 70 255 0 0
P 111 70 255 0 0
P 112 70 255 0 0
P 113 70 255 0 0
P 114 70 255 0 0
P 115 70 255 0 0
P 116 70 255 0 0
P 117 70 255 0 0
P 118 70 255 0 0
P 119 70 255 0 0
P 120 70 255 0 0
P 121 70 255 0 0
P 122 70 255 0 0
P 123 70 255 0 0
P 124 70 255 0 0
P 125 70 255 0 0
P 126 70 255 0 0
P 127 70 255 0 0
P 128 70 255 0 0
P 129 70 255 0 0
P 130 70 255 0 0
P 131 70 255 0 0
P 132 70 255 0 0
P 133 70 255 0 0
P 134 70 255 0 0
P 135 70 255 0 0
P 136 70 255 0 0
P 137 70 255 0 0
P 138 70 255 0 0
P 139 70 255 0 0
P 140 70 255 0 0
P 141 70 255 0 0
P 142 70 255 0 0
P 143 70 255 0 0
P 144 70 255 0 0
P 145 70 255 0 0
P 146 70 255 0 0
P 147 70 255 0 0
P 148 70 255 0 0
P 149 70 255 0 0
P 150 70 255 0 0
P 151 70 255 0 0
P 152 70 255 0 0
P 153 70 255 0 0
P 154 70 255 0 0
P 155 70 255 0 0
P 156 70 255 0 0
P 157 70 255 0 0
P 158 70 255 0 0
P 159 70 255 0 0
P 160 70 255 0 0
P 161 70 255 0 0
P 162 70 255 0 0
P 163 70 255 0 0
P 164 70 255 0 0
P 165 70 255 0 0
P 166 70 255 0 0
P 167 70 255 0 0
P 99 71 255 0 0
P 100 71 255 0 0
P 101 71 255 0 0
P 102 71 255 0 0
P 103 71 255 0 0
P 104 71 255 0 0
P 105 71 255 0 0
P 106 71 255 0 0
P 107 71 255 0 0
P 108 71 255 0 0
P 109 71 255 0 0
P 110 71 255 0 0
P 111 71 255 0 0
P 112 71 255 0 0
P 113 71 255 0 0
P 114 71 255 0 0
P 115 71 255 0 0
P 116 71 255 0 0
P 117 71 255 0 0
P 118 71 255 0 0
P 119 71 255 0 0
P 120 71 255 0 0
P 121 71 255 0 0
P 122 71 255 0 0
P 123 71 255 0 0
P 124 71 255 0 0
P 125 71 255 0 0
P 126 71 255 0 0
P 127 71 255 0 0
P 128 71 255 0 0
P 129 71 255 0 0
P 130 71 255 0 0
P 131 71 255 0 0
P 132 71 255 0 0
P 133 71 255 0 0
P 134 71 255 0 0
P 135 71 255 0 0
P 136 71 255 0 0
P 137 71 255 0 0
P 138 71 255 0 0
P 139 71 255 0 0
P 140 71 255 0 0
P 141 71 255 0 0
P 142 71 255 0 0
P 143 71 255 0 0
P 144 71 255 0 0
P 145 71 255 0 0
P 146 71 255 0 0
P 147 71 255 0 0
P 148 71 255 0 0
P 149 71 255 0 0
P 150 71 255 0 0
P 151 71 255 0 0
P 152 71 255 0 0
P 153 71 255 0 0
P 154 71 255 0 0
P 155 71 255 0 0
P 156 71 255 0 0
P 157 71 255 0 0
P 158 71 255 0 0
P 159 71 255 0 0
P 160 71 255 0 0
P 161 71 255 0 0
P 162 71 255 0 0
P 163 71 255 0 0
P 164 71 255 0 0
P 165 71 255 0 0
P 166 71 255 0 0
P 167 71 255 0 0
P 101 72 255 0 0
P 102 72 255 0 0
P 103 72 255 0 0
P 104 72 255 0 0
P 105 72 255 0 0
P 106 72 255 0 0
P 107 72 255 0 0
P 108 72 255 0 0
P 109 72 255 0 0
P 110 72 255 0 0
P 111 72 255 0 0
P 112 72 255 0 0
P 113 72 255 0 0
P 114 72 255 0 0
P 115 72 255 0 0
P 116 72 255 0 0
P 117 72 255 0 0
P 118 72 255 0 0
P 119 72 255 0 0
P 120 72 255 0 0
P 121 72 255 0 0
P 122 72 255 0 0
P 123 72 255 0 0
P 124 72 255 0 0
P 125 72 255 0 0
P 126 72 255 0 0
P 127 72 255 0 0
P 128 72 255 0 0
P 129 72 255 0 0
P 130 72 255 0 0
P 131 72 255 0 0
P 132 72 255 0 0
P 133 72 255 0 0
P 134 72 255 0 0
P 135 72 255 0 0
P 136 72 255 0 0
P 137 72 255 0 0
P 138 72 255 0 0
P 139 72 255 0 0
P 140 72 255 0 0
P 141 72 255 0 0
P 142 72 255 0 0
P 143 72 255 0 0
P 144 72 255 0 0
P 145 72 255 0 0
P 146 72 255 0 0
P 147 72 255 0 0
P 148 72 255 0 0
P 149 72 255 0 0
P 150 72 255 0 0
P 151 72 255 0 0
P 152 72 255 0 0
P 153 72 255 0 0
P 154 72 255 0 0
P 155 72 255 0 0
P 156 72 255 0 0
P 157 72 255 0 0
P 158 72 255 0 0
P 159 72 255 0 0
P 160 72 255 0 0
P 161 72 255 0 0
P 162 72 255 0 0
P 163 72 255 0 0
P 164 72 255 0 0
P 165 72 255 0 0
P 166 72 255 0 0
P 167 72 255 0 0
P 102 73 255 0 0
P 103 73 255 0 0
P 104 73 255 0 0
P 105 73 255 0 0
P 106 73 255 0 0
P 107 73 255 0 0
P 108 73 255 0 0
P 109 73 255 0 0
P 110 73 255 0 0
P 111 73 255 0 0
P 112 73 255 0 0
P 113 73 255 0 0
P 114 73 255 0 0
P 115 73 255 0 0
P 116 73 255 0 0
P 117 73 255 0 0
P 118 73 255 0 0
P 119 73 255 0 0
P 120 73 255 0 0
P 121 73 255 0 0
P 122 73 255 0 0
P 123 73 255 0 0
P 124 73 255 0 0
P 125 73 255 0 0
P 126 73 255 0 0
P 127 73 255 0 0
P 128 73 255 0 0
P 129 73 255 0 0
P 130 73 255 0 0
P 131 73 255 0 0
P 132 73 255 0 0
P 133 73 255 0 0
P 134 73 255 0 0
P 135 73 255 0 0
P 136 73 255 0 0
P 137 73 255 0 0
P 138 73 255 0 0
P 139 73 255 0 0
P 140 73 255 0 0
P 141 73 255 0 0
P 142 73 255 0 0
P 143 73 255 0 0
P 144 73 255 0 0
P 145 73 255 0 0
P 146 73 255 0 0
P 147 73 255 0 0
P 148 73 255 0 0
P 149 73 255 0 0
P 150 73 255 0 0
P 151 73 255 0 0
P 152 73 255 0 0
P 153 73 255 0 0
P 154 73 255 0 0
P 155 73 255 0 0
P 156 73 255 0 0
P 157 73 255 0 0
P 158 73 255 0 0
P 159 73 255 0 0
P 160 73 255 0 0
P 161 73 255 0 0
P 162 73 255 0 0
P 163 73 255 0 0
P 164 73 255 0 0
P 165 73 255 0 0
P 166 73 255 0 0
P 167 73 255 0 0
P 103 74 255 0 0
P 104 74 255 0 0
P 105 74 255 0 0
P 106 74 255 0 0
P 107 74 255 0 0
P 108 74 255 0 0
P 109 74 255 0 0
P 110 74 255 0 0
P 111 74 255 0 0
P 112 74 255 0 0
P 113 74 255 0 0
P 114 74 255 0 0
P 115 74 255 0 0
P 116 74 255 0 0
P 117 74 255 0 0
P 118 74 255 0 0
P 119 74 255 0 0
P 120 74 255 0 0
P 121 74 255 0 0
P 122 74 255 0 0
P 123 74 255 0 0
P 124 74 255 0 0
P 125 74 255 0 0
P 126 74 255 0 0
P 127 74 255 0 0
P 128 74 255 0 0
P 129 74 255 0 0
P 130 74 255 0 0
P 131 74 255 0 0
P 132 74 255 0 0
P 133 74 255 0 0
P 134 74 255 0 0
P 135 74 255 0 0
P 136 74 255 0 0
P 137 74 255 0 0
P 138 74 255 0 0
P 139 74 255 0 0
P 140 74 255 0 0
P 141 74 255 0 0
P 142 74 255 0 0
P 143 74 255 0 0
P 144 74 255 0 0
P 145 74 255 0 0
P 146 74 255 0 0
P 147 74 255 0 0
P 148 74 255 0 0
P 149 74 255 0 0
P 150 74 255 0 0
P 151 74 255 0 0
P 152 74 255 0 0
P 153 74 255 0 0
P 154 74 255 0 0
P 155 74 255 0 0
P 156 74 255 0 0
P 157 74 255 0 0
P 158 74 255 0 0
P 159 74 255 0 0
P 160 74 255 0 0
P 161 74 255 0 0
P 162 74 255 0 0
P 163 74 255 0 0
P 164 74 255 0 0
P 165 74 255 0 0
P 166 74 255 0 0
P 167 74 255 0 0
P 104 75 255 0 0
P 105 75 255 0 0
P 106 75 255 0 0
P 107 75 255 0 0
P 108 75 255 0 0
P 109 75 255 0 0
P 110 75 255 0 0
P 111 75 255 0 0
P 112 75 255 0 0
P 113 75 255 0 0
P 114 75 255 0 0
P 115 75 255 0 0
P 116 75 255 0 0
P 117 75 255 0 0
P 118 75 255 0 0
P 119 75 255 0 0
P 120 75 255 0 0
P 121 75 255 0 0
P 122 75 255 0 0
P 123 75 255 0 0
P 124 75 255 0 0
P 125 75 255 0 0
P 126 75 255 0 0
P 127 75 255 0 0
P 128 75 255 0 0
P 129 75 255 0 0
P 130 75 255 0 0
P 131 75 255 0 0
P 132 75 255 0 0
P 133 75 255 0 0
P 134 75 255 0 0
P 135 75 255 0 0
P 136 75 255 0 0
P 137 75 255 0 0
P 138 75 255 0 0
P 139 75 255 0 0
P 140 75 255 0 0
P 141 75 255 0 0
P 142 75 255 0 0
P 143 75 255 0 0
P 144 75 255 0 0
P 145 75 255 0 0
P 146 75 255 0 0
P 147 75 255 0 0
P 148 75 255 0 0
P 149 75 255 0 0
P 150 75 255 0 0
P 151 75 255 0 0
P 152 75 255 0 0
P 153 75 255 0 0
P 154 75 255 0 0
P 155 75 255 0 0
P 156 75 255 0 0
P 157 75 255 0 0
P 158 75 255 0 0
P 159 75 255 0 0
P 160 75 255 0 0
P 161 75 255 0 0
P 162 75 255 0 0
P 163 75 255 0 0
P 164 75 255 0 0
P 165 75 255 0 0
P 166 75 255 0 0
P 106 76 255 0 0
P 107 76 255 0 0
P 108 76 255 0 0
P 109 76 255 0 0
P 110 76 255 0 0
P 111 76 255 0 0
P 112 76 255 0 0
P 113 76 255 0 0
P 114 76 255 0 0
P 115 76 255 0 0
P 116 76 255 0 0
P 117 76 255 0 0
P 118 76 255 0 0
P 119 76 255 0 0
P 120 76 255 0 0
P 121 76 255 0 0
P 122 76 255 0 0
P 123 76 255 0 0
P 124 76 255 0 0
P 125 76 255 0 0
P 126 76 255 0 0
P 127 76 255 0 0
P 128 76 255 0 0
P 129 76 255 0 0
P 130 76 255 0 0
P 131 76 255 0 0
P 132 76 255 0 0
P 133 76 255 0 0
P 134 76 255 0 0
P 135 76 255 0 0
P 136 76 255 0 0
P 137 76 255 0 0
P 138 76 255 0 0
P 139 76 255 0 0
P 140 76 255 0 0
P 141 76 255 0 0
P 142 76 255 0 0
P 143 76 255 0 0
P 144 76 255 0 0
P 145 76 255 0 0
P 146 76 255 0 0
P 147 76 255 0 0
P 148 76 255 0 0
P 149 76 255 0 0
P 150 76 255 0 0
P 151 76 255 0 0
P 152 76 255 0 0
P 153 76 255 0 0
P 154 76 255 0 0
P 155 76 255 0 0
P 156 76 255 0 0
P 157 76 255 0 0
P 158 76 255 0 0
P 159 76 255 0 0
P 160 76 255 0 0
P 161 76 255 0 0
P 162 76 255 0 0
P 163 76 255 0 0
P 164 76 255 0 0
P 165 76 255 0 0
P 166 76 255 0 0
P 107 77 255 0 0
P 108 77 255 0 0
P 109 77 255 0 0
P 110 77 255 0 0
P 111 77 255 0 0
P 112 77 255 0 0
P 113 77 255 0 0
P 114 77 255 0 0
P 115 77 255 0 0
P 116 77 255 0 0
P 117 77 255 0 0
P 118 77 255 0 0
P 119 77 255 0 0
P 120 77 255 0 0
P 121 77 255 0 0
P 122 77 255 0 0
P 123 77 255 0 0
P 124 77 255 0 0
P 125 77 255 0 0
P 126 77 255 0 0
P 127 77 255 0 0
P 128 77 255 0 0
P 129 77 255 0 0
P 130 77 255 0 0
P 131 77 255 0 0
P 132 77 255 0 0
P 133 77 255 0 0
P 134 77 255 0 0
P 135 77 255 0 0
P 136 77 255 0 0
P 137 77 255 0 0
P 138 77 255 0 0
P 139 77 255 0 0
P 140 77 255 0 0
P 141 77 255 0 0
P 142 77 255 0 0
P 143 77 255 0 0
P 144 77 255 0 0
P 145 77 255 0 0
P 146 77 255 0 0
P 147 77 255 0 0
P 148 77 255 0 0
P 149 77 255 0 0
P 150 77 255 0 0
P 151 77 255 0 0
P 152 77 255 0 0
P 153 77 255 0 0
P 154 77 255 0 0
P 155 77 255 0 0
P 156 77 255 0 0
P 157 77 255 0 0
P 158 77 255 0 0
P 159 77 255 0 0
P 160 77 255 0 0
P 161 77 255 0 0
P 162 77 255 0 0
P 163 77 255 0 0
P 164 77 255 0 0
P 165 77 255 0 0
P 166 77 255 0 0
P 108 78 255 0 0
P 109 78 255 0 0
P 110 78 255 0 0
P 111 78 255 0 0
P 112 78 255 0 0
P 113 78 255 0 0
P 114 78 255 0 0
P 115 78 255 0 0
P 116 78 255 0 0
P 117 78 255 0 0
P 118 78 255 0 0
P 119 78 255 0 0
P 120 78 255 0 0
P 121 78 255 0 0
P 122 78 255 0 0
P 123 78 255 0 0
P 124 78 255 0 0
P 125 78 255 0 0
P 126 78 255 0 0
P 127 78 255 0 0
P 128 78 255 0 0
P 129 78 255 0 0
P 130 78 255 0 0
P 131 78 255 0 0
P 132 78 255 0 0
P 133 78 255 0 0
P 134 78 255 0 0
P 135 78 255 0 0
P 136 78 255 0 0
P 137 78 255 0 0
P 138 78 255 0 0
P 139 78 255 0 0
P 140 78 255 0 0
P 141 78 255 0 0
P 142 78 255 0 0
P 143 78 255 0 0
P 144 78 255 0 0
P 145 78 255 0 0
P 146 78 255 0 0
P 147 78 255 0 0
P 148 78 255 0 0
P 149 78 255 0 0
P 150 78 255 0 0
P 151 78 255 0 0
P 152 78 255 0 0
P 153 78 255 0 0
P 154 78 255 0 0
P 155 78 255 0 0
P 156 78 255 0 0
P 157 78 255 0 0
P 158 78 255 0 0
P 159 78 255 0 0
P 160 78 255 0 0
P 161 78 255 0 0
P 162 78 255 0 0
P 163 78 255 0 0
P 164 78 255 0 0
P 165 78 255 0 0
P 166 78 255 0 0
P 109 79 255 0 0
P 110 79 255 0 0
P 111 79 255 0 0
P 112 79 255 0 0
P 113 79 255 0 0
P 114 79 255 0 0
P 115 79 255 0 0
P 116 79 255 0 0
P 117 79 255 0 0
P 118 79 255 0 0
P 119 79 255 0 0
P 120 79 255 0 0
P 121 79 255 0 0
P 122 79 255 0 0
P 123 79 255 0 0
P 124 79 255 0 0
P 125 79 255 0 0
P 126 79 255 0 0
P 127 79 255 0 0
P 128 79 255 0 0
P 129 79 255 0 0
P 130 79 255 0 0
P 131 79 255 0 0
P 132 79 255 0 0
P 133 79 255 0 0
P 134 79 255 0 0
P 135 79 255 0 0
P 136 79 255 0 0
P 137 79 255 0 0
P 138 79 255 0 0
P 139 79 255 0 0
P 140 79 255 0 0
P 141 79 255 0 0
P 142 79 255 0 0
P 143 79 255 0 0
P 144 79 255 0 0
P 145 79 255 0 0
P 146 79 255 0 0
P 147 79 255 0 0
P 148 79 255 0 0
P 149 79 255 0 0
P 150 79 255 0 0
P 151 79 255 0 0
P 152 79 255 0 0
P 153 79 255 0 0
P 154 79 255 0 0
P 155 79 255 0 0
P 156 79 255 0 0
P 157 79 255 0 0
P 158 79 255 0 0
P 159 79 255 0 0
P 160 79 255 0 0
P 161 79 255 0 0
P 162 79 255 0 0
P 163 79 255 0 0
P 164 79 255 0 0
P 165 79 255 0 0
P 166 79 255 0 0
P 111 80 255 0 0
P 112 80 255 0 0
P 113 80 255 0 0
P 114 80 255 0 0
P 115 80 255 0 0
P 116 80 255 0 0
P 117 80 255 0 0
P 118 80 255 0 0
P 119 80 255 0 0
P 120 80 255 0 0
P 121 80 255 0 0
P 122 80 255 0 0
P 123 80 255 0 0
P 124 80 255 0 0
P 125 80 255 0 0
P 126 80 255 0 0
P 127 80 255 0 0
P 128 80 255 0 0
P 129 80 255 0 0
P 130 80 255 0 0
P 131 80 255 0 0
P 132 80 255 0 0
P 133 80 255 0 0
P 134 80 255 0 0
P 135 80 255 0 0
P 136 80 255 0 0
P 137 80 255 0 0
P 138 80 255 0 0
P 139 80 255 0 0
P 140 80 255 0 0
P 141 80 255 0 0
P 142 80 255 0 0
P 143 80 255 0 0
P 144 80 255 0 0
P 145 80 255 0 0
P 146 80 255 0 0
P 147 80 255 0 0
P 148 80 255 0 0
P 149 80 255 0 0
P 150 80 255 0 0
P 151 80 255 0 0
P 152 80 255 0 0
P 153 80 255 0 0
P 154 80 255 0 0
P 155 80 255 0 0
P 156 80 255 0 0
P 157 80 255 0 0
P 158 80 255 0 0
P 159 80 255 0 0
P 160 80 255 0 0
P 161 80 255 0 0
P 162 80 255 0 0
P 163 80 255 0 0
P 164 80 255 0 0
P 165 80 255 0 0
P 166 80 255 0 0
P 112 81 255 0 0
P 113 81 255 0 0
P 114 81 255 0 0
P 115 81 255 0 0
P 116 81 255 0 0
P 117 81 255 0 0
P 118 81 255 0 0
P 119 81 255 0 0
P 120 81 255 0 0
P 121 81 255 0 0
P 122 81 255 0 0
P 123 81 255 0 0
P 124 81 255 0 0
P 125 81 255 0 0
P 126 81 255 0 0
P 127 81 255 0 0
P 128 81 255 0 0
P 129 81 255 0 0
P 130 81 255 0 0
P 131 81 255 0 0
P 132 81 255 0 0
P 133 81 255 0 0
P 134 81 255 0 0
P 135 81 255 0 0
P 136 81 255 0 0
P 137 81 255 0 0
P 138 81 255 0 0
P 139 81 255 0 0
P 140 81 255 0 0
P 141 81 255 0 0
P 142 81 255 0 0
P 143 81 255 0 0
P 144 81 255 0 0
P 145 81 255 0 0
P 146 81 255 0 0
P 147 81 255 0 0
P 148 81 255 0 0
P 149 81 255 0 0
P 150 81 255 0 0
P 151 81 255 0 0
P 152 81 255 0 0
P 153 81 255 0 0
P 154 81 255 0 0
P 155 81 255 0 0
P 156 81 255 0 0
P 157 81 255 0 0
P 158 81 255 0 0
P 159 81 255 0 0
P 160 81 255 0 0
P 161 81 255 0 0
P 162 81 255 0 0
P 163 81 255 0 0
P 164 81 255 0 0
P 165 81 255 0 0
P 113 82 255 0 0
P 114 82 255 0 0
P 115 82 255 0 0
P 116 82 255 0 0
P 117 82 255 0 0
P 118 82 255 0 0
P 119 82 255 0 0
P 120 82 255 0 0
P 121 82 255 0 0
P 122 82 255 0 0
P 123 82 255 0 0
P 124 82 255 0 0
P 125 82 255 0 0
P 126 82 255 0 0
P 127 82 255 0 0
P 128 82 255 0 0
P 129 82 255 0 0
P 130 82 255 0 0
P 131 82 255 0 0
P 132 82 255 0 0
P 133 82 255 0 0
P 134 82 255 0 0
P 135 82 255 0 0
P 136 82 255 0 0
P 137 82 255 0 0
P 138 82 255 0 0
P 139 82 255 0 0
P 140 82 255 0 0
P 141 82 255 0 0
P 142 82 255 0 0
P 143 82 255 0 0
P 144 82 255 0 0
P 145 82 255 0 0
P 146 82 255 0 0
P 147 82 255 0 0
P 148 82 255 0 0
P 149 82 255 0 0
P 150 82 255 0 0
P 151 82 255 0 0
P 152 82 255 0 0
P 153 82 255 0 0
P 154 82 255 0 0
P 155 82 255 0 0
P 156 82 255 0 0
P 157 82 255 0 0
P 158 82 255 0 0
P 159 82 255 0 0
P 160 82 255 0 0
P 161 82 255 0 0
P 162 82 255 0 0
P 163 82 255 0 0
P 164 82 255 0 0
P 165 82 255 0 0
P 114 83 255 0 0
P 115 83 255 0 0
P 116 83 255 0 0
P 117 83 255 0 0
P 118 83 255 0 0
P 119 83 255 0 0
P 120 83 255 0 0
P 121 83 255 0 0
P 122 83 255 0 0
P 123 83 255 0 0
P 124 83 255 0 0
P 125 83 255 0 0
P 126 83 255 0 0
P 127 83 255 0 0
P 128 83 255 0 0
P 129 83 255 0 0
P 130 83 255 0 0
P 131 83 255 0 0
P 132 83 255 0 0
P 133 83 255 0 0
P 134 83 255 0 0
P 135 83 255 0 0
P 136 83 255 0 0
P 137 83 255 0 0
P 138 83 255 0 0
P 139 83 255 0 0
P 140 83 255 0 0
P 141 83 255 0 0
P 142 83 255 0 0
P 143 83 255 0 0
P 144 83 255 0 0
P 145 83 255 0 0
P 146 83 255 0 0
P 147 83 255 0 0
P 148 83 255 0 0
P 149 83 255 0 0
P 150 83 255 0 0
P 151 83 255 0 0
P 152 83 255 0 0
P 153 83 255 0 0
P 154 83 255 0 0
P 155 83 255 0 0
P 156 83 255 0 0
P 157 83 255 0 0
P 158 83 255 0 0
P 159 83 255 0 0
P 160 83 255 0 0
P 161 83 255 0 0
P 162 83 255 0 0
P 163 83 255 0 0
P 164 83 255 0 0
P 165 83 255 0 0
P 116 84 255 0 0
P 117 84 255 0 0
P 118 84 255 0 0
P 119 84 255 0 0
P 120 84 255 0 0
P 121 84 255 0 0
P 122 84 255 0 0
P 123 84 255 0 0
P 124 84 255 0 0
P 125 84 255 0 0
P 126 84 255 0 0
P 127 84 255 0 0
P 128 84 255 0 0
P 129 84 255 0 0
P 130 84 255 0 0
P 131 84 255 0 0
P 132 84 255 0 0
P 133 84 255 0 0
P 134 84 255 0 0
P 135 84 255 0 0
P 136 84 255 0 0
P 137 84 255 0 0
P 138 84 255 0 0
P 139 84 255 0 0
P 140 84 255 0 0
P 141 84 255 0 0
P 142 84 255 0 0
P 143 84 255 0 0
P 144 84 255 0 0
P 145 84 255 0 0
P 146 84 255 0 0
P 147 84 255 0 0
P 148 84 255 0 0
P 149 84 255 0 0
P 150 84 255 0 0
P 151 84 255 0 0
P 152 84 255 0 0
P 153 84 255 0 0
P 154 84 255 0 0
P 155 84 255 0 0
P 156 84 255 0 0
P 157 84 255 0 0
P 158 84 255 0 0
P 159 84 255 0 0
P 160 84 255 0 0
P 161 84 255 0 0
P 162 84 255 0 0
P 163 84 255 0 0
P 164 84 255 0 0
P 165 84 255 0 0
P 117 85 255 0 0
P 118 85 255 0 0
P 119 85 255 0 0
P 120 85 255 0 0
P 121 85 255 0 0
P 122 85 255 0 0
P 123 85 255 0 0
P 124 85 255 0 0
P 125 85 255 0 0
P 126 85 255 0 0
P 127 85 255 0 0
P 128 85 255 0 0
P 129 85 255 0 0
P 130 85 255 0 0
P 131 85 255 0 0
P 132 85 255 0 0
P 133 85 255 0 0
P 134 85 255 0 0
P 135 85 255 0 0
P 136 85 255 0 0
P 137 85 255 0 0
P 138 85 255 0 0
P 139 85 255 0 0
P 140 85 255 0 0
P 141 85 255 0 0
P 142 85 255 0 0
P 143 85 255 0 0
P 144 85 255 0 0
P 145 85 255 0 0
P 146 85 255 0 0
P 147 85 255 0 0
P 148 85 255 0 0
P 149 85 255 0 0
P 150 85 255 0 0
P 151 85 255 0 0
P 152 85 255 0 0
P 153 85 255 0 0
P 154 85 255 0 0
P 155 85 255 0 0
P 156 85 255 0 0
P 157 85 255 0 0
P 158 85 255 0 0
P 159 85 255 0 0
P 160 85 255 0 0
P 161 85 255 0 0
P 162 85 255 0 0
P 163 85 255 0 0
P 164 85 255 0 0
P 165 85 255 0 0
P 118 86 255 0 0
P 119 86 255 0 0
P 120 86 255 0 0
P 121 86 255 0 0
P 122 86 255 0 0
P 123 86 255 0 0
P 124 86 255 0 0
P 125 86 255 0 0
P 126 86 255 0 0
P 127 86 255 0 0
P 128 86 255 0 0
P 129 86 255 0 0
P 130 86 255 0 0
P 131 86 255 0 0
P 132 86 255 0 0
P 133 86 255 0 0
P 134 86 255 0 0
P 135 86 255 0 0
P 136 86 255 0 0
P 137 86 255 0 0
P 138 86 255 0 0
P 139 86 255 0 0
P 140 86 255 0 0
P 141 86 255 0 0
P 142 86 255 0 0
P 143 86 255 0 0
P 144 86 255 0 0
P 145 86 255 0 0
P 146 86 255 0 0
P 147 86 255 0 0
P 148 86 255 0 0
P 149 86 255 0 0
P 150 86 255 0 0
P 151 86 255 0 0
P 152 86 255 0 0
P 153 86 255 0 0
P 154 86 255 0 0
P 155 86 255 0 0
P 156 86 255 0 0
P 157 86 255 0 0
P 158 86 255 0 0
P 159 86 255 0 0
P 160 86 255 0 0
P 161 86 255 0 0
P 162 86 255 0 0
P 163 86 255 0 0
P 164 86 255 0 0
P 165 86 255 0 0
P 119 87 255 0 0
P 120 87 255 0 0
P 121 87 255 0 0
P 122 87 255 0 0
P 123 87 255 0 0
P 124 87 255 0 0
P 125 87 255 0 0
P 126 87 255 0 0
P 127 87 255 0 0
P 128 87 255 0 0
P 129 87 255 0 0
P 130 87 255 0 0
P 131 87 255 0 0
P 132 87 255 0 0
P 133 87 255 0 0
P 134 87 255 0 0
P 135 87 255 0 0
P 136 87 255 0 0
P 137 87 255 0 0
P 138 87 255 0 0
P 139 87 255 0 0
P 140 87 255 0 0
P 141 87 255 0 0
P 142 87 255 0 0
P 143 87 255 0 0
P 144 87 255 0 0
P 145 87 255 0 0
P 146 87 255 0 0
P 147 87 255 0 0
P 148 87 255 0 0
P 149 87 255 0 0
P 150 87 255 0 0
P 151 87 255 0 0
P 152 87 255 0 0
P 153 87 255 0 0
P 154 87 255 0 0
P 155 87 255 0 0
P 156 87 255 0 0
P 157 87 255 0 0
P 158 87 255 0 0
P 159 87 255 0 0
P 160 87 255 0 0
P 161 87 255 0 0
P 162 87 255 0 0
P 163 87 255 0 0
P 164 87 255 0 0
P 121 88 255 0 0
P 122 88 255 0 0
P 123 88 255 0 0
P 124 88 255 0 0
P 125 88 255 0 0
P 126 88 255 0 0
P 127 88 255 0 0
P 128 88 255 0 0
P 129 88 255 0 0
P 130 88 255 0 0
P 131 88 255 0 0
P 132 88 255 0 0
P 133 88 255 0 0
P 134 88 255 0 0
P 135 88 255 0 0
P 136 88 255 0 0
P 137 88 255 0 0
P 138 88 255 0 0
P 139 88 255 0 0
P 140 88 255 0 0
P 141 88 255 0 0
P 142 88 255 0 0
P 143 88 255 0 0
P 144 88 255 0 0
P 145 88 255 0 0
P 146 88 255 0 0
P 147 88 255 0 0
P 148 88 255 0 0
P 149 88 255 0 0
P 150 88 255 0 0
P 151 88 255 0 0
P 152 88 255 0 0
P 153 88 255 0 0
P 154 88 255 0 0
P 155 88 255 0 0
P 156 88 255 0 0
P 157 88 255 0 0
P 158 88 255 0 0
P 159 88 255 0 0
P 160 88 255 0 0
P 161 88 255 0 0
P 162 88 255 0 0
P 163 88 255 0 0
P 164 88 255 0 0
P 122 89 255 0 0
P 123 89 255 0 0
P 124 89 255 0 0
P 125 89 255 0 0
P 126 89 255 0 0
P 127 89 255 0 0
P 128 89 255 0 0
P 129 89 255 0 0
P 130 89 255 0 0
P 131 89 255 0 0
P 132 89 255 0 0
P 133 89 255 0 0
P 134 89 255 0 0
P 135 89 255 0 0
P 136 89 255 0 0
P 137 89 255 0 0
P 138 89 255 0 0
P 139 89 255 0 0
P 140 89 255 0 0
P 141 89 255 0 0
P 142 89 255 0 0
P 143 89 255 0 0
P 144 89 255 0 0
P 145 89 255 0 0
P 146 89 255 0 0
P 147 89 255 0 0
P 148 89 255 0 0
P 149 89 255 0 0
P 150 89 255 0 0
P 151 89 255 0 0
P 152 89 255 0 0
P 153 89 255 0 0
P 154 89 255 0 0
P 155 89 255 0 0
P 156 89 255 0 0
P 157 89 255 0 0
P 158 89 255 0 0
P 159 89 255 0 0
P 160 89 255 0 0
P 161 89 255 0 0
P 162 89 255 0 0
P 163 89 255 0 0
P 164 89 255 0 0
P 123 90 255 0 0
P 124 90 255 0 0
P 125 90 255 0 0
P 126 90 255 0 0
P 127 90 255 0 0
P 128 90 255 0 0
P 129 90 255 0 0
P 130 90 255 0 0
P 131 90 255 0 0
P 132 90 255 0 0
P 133 90 255 0 0
P 134 90 255 0 0
P 135 90 255 0 0
P 136 90 255 0 0
P 137 90 255 0 0
P 138 90 255 0 0
P 139 90 255 0 0
P 140 90 255 0 0
P 141 90 255 0 0
P 142 90 255 0 0
P 143 90 255 0 0
P 144 90 255 0 0
P 145 90 255 0 0
P 146 90 255 0 0
P 147 90 255 0 0
P 148 90 255 0 0
P 149 90 255 0 0
P 150 90 255 0 0
P 151 90 255 0 0
P 152 90 255 0 0
P 153 90 255 0 0
P 154 90 255 0 0
P 155 90 255 0 0
P 156 90 255 0 0
P 157 90 255 0 0
P 158 90 255 0 0
P 159 90 255 0 0
P 160 90 255 0 0
P 161 90 255 0 0
P 162 90 255 0 0
P 163 90 255 0 0
P 164 90 255 0 0
P 124 91 255 0 0
P 125 91 255 0 0
P 126 91 255 0 0
P 127 91 255 0 0
P 128 91 255 0 0
P 129 91 255 0 0
P 130 91 255 0 0
P 131 91 255 0 0
P 132 91 255 0 0
P 133 91 255 0 0
P 134 91 255 0 0
P 135 91 255 0 0
P 136 91 255 0 0
P 137 91 255 0 0
P 138 91 255 0 0
P 139 91 255 0 0
P 140 91 255 0 0
P 141 91 255 0 0
P 142 91 255 0 0
P 143 91 255 0 0
P 144 91 255 0 0
P 145 91 255 0 0
P 146 91 255 0 0
P 147 91 255 0 0
P 148 91 255 0 0
P 149 91 255 0 0
P 150 91 255 0 0
P 151 91 255 0 0
P 152 91 255 0 0
P 153 91 255 0 0
P 154 91 255 0 0
P 155 91 255 0 0
P 156 91 255 0 0
P 157 91 255 0 0
P 158 91 255 0 0
P 159 91 255 0 0
P 160 91 255 0 0
P 161 91 255 0 0
P 162 91 255 0 0
P 163 91 255 0 0
P 164 91 255 0 0
P 126 92 255 0 0
P 127 92 255 0 0
P 128 92 255 0 0
P 129 92 255 0 0
P 130 92 255 0 0
P 131 92 255 0 0
P 132 92 255 0 0
P 133 92 255 0 0
P 134 92 255 0 0
P 135 92 255 0 0
P 136 92 255 0 0
P 137 92 255 0 0
P 138 92 255 0 0
P 139 92 255 0 0
P 140 92 255 0 0
P 141 92 255 0 0
P 142 92 255 0 0
P 143 92 255 0 0
P 144 92 255 0 0
P 145 92 255 0 0
P 146 92 255 0 0
P 147 92 255 0 0
P 148 92 255 0 0
P 149 92 255 0 0
P 150 92 255 0 0
P 151 92 255 0 0
P 152 92 255 0 0
P 153 92 255 0 0
P 154 92 255 0 0
P 155 92 255 0 0
P 156 92 255 0 0
P 157 92 255 0 0
P 158 92 255 0 0
P 159 92 255 0 0
P 160 92 255 0 0
P 161 92 255 0 0
P 162 92 255 0 0
P 163 92 255 0 0
P 164 92 255 0 0
P 127 93 255 0 0
P 128 93 255 0 0
P 129 93 255 0 0
P 130 93 255 0 0
P 131 93 255 0 0
P 132 93 255 0 0
P 133 93 255 0 0
P 134 93 255 0 0
P 135 93 255 0 0
P 136 93 255 0 0
P 137 93 255 0 0
P 138 93 255 0 0
P 139 93 255 0 0
P 140 93 255 0 0
P 141 93 255 0 0
P 142 93 255 0 0
P 143 93 255 0 0
P 144 93 255 0 0
P 145 93 255 0 0
P 146 93 255 0 0
P 147 93 255 0 0
P 148 93 255 0 0
P 149 93 255 0 0
P 150 93 255 0 0
P 151 93 255 0 0
P 152 93 255 0 0
P 153 93 255 0 0
P 154 93 255 0 0
P 155 93 255 0 0
P 156 93 255 0 0
P 157 93 255 0 0
P 158 93 255 0 0
P 159 93 255 0 0
P 160 93 255 0 0
P 161 93 255 0 0
P 162 93 255 0 0
P 163 93 255 0 0
P 128 94 255 0 0
P 129 94 255 0 0
P 130 94 255 0 0
P 131 94 255 0 0
P 132 94 255 0 0
P 133 94 255 0 0
P 134 94 255 0 0
P 135 94 255 0 0
P 136 94 255 0 0
P 137 94 255 0 0
P 138 94 255 0 0
P 139 94 255 0 0
P 140 94 255 0 0
P 141 94 255 0 0
P 142 94 255 0 0
P 143 94 255 0 0
P 144 94 255 0 0
P 145 94 255 0 0
P 146 94 255 0 0
P 147 94 255 0 0
P 148 94 255 0 0
P 149 94 255 0 0
P 150 94 255 0 0
P 151 94 255 0 0
P 152 94 255 0 0
P 153 94 255 0 0
P 154 94 255 0 0
P 155 94 255 0 0
P 156 94 255 0 0
P 157 94 255 0 0
P 158 94 255 0 0
P 159 94 255 0 0
P 160 94 255 0 0
P 161 94 255 0 0
P 162 94 255 0 0
P 163 94 255 0 0
P 129 95 255 0 0
P 130 95 255 0 0
P 131 95 255 0 0
P 132 95 255 0 0
P 133 95 255 0 0
P 134 95 255 0 0
P 135 95 255 0 0
P 136 95 255 0 0
P 137 95 255 0 0
P 138 95 255 0 0
P 139 95 255 0 0
P 140 95 255 0 0
P 141 95 255 0 0
P 142 95 255 0 0
P 143 95 255 0 0
P 144 95 255 0 0
P 145 95 255 0 0
P 146 95 255 0 0
P 147 95 255 0 0
P 148 95 255 0 0
P 149 95 255 0 0
P 150 95 255 0 0
P 151 95 255 0 0
P 152 95 255 0 0
P 153 95 255 0 0
P 154 95 255 0 0
P 155 95 255 0 0
P 156 95 255 0 0
P 157 95 255 0 0
P 158 95 255 0 0
P 159 95 255 0 0
P 160 95 255 0 0
P 161 95 255 0 0
P 162 95 255 0 0
P 163 95 255 0 0
P 131 96 255 0 0
P 132 96 255 0 0
P 133 96 255 0 0
P 134 96 255 0 0
P 135 96 255 0 0
P 136 96 255 0 0
P 137 96 255 0 0
P 138 96 255 0 0
P 139 96 255 0 0
P 140 96 255 0 0
P 141 96 255 0 0
P 142 96 255 0 0
P 143 96 255 0 0
P 144 96 255 0 0
P 145 96 255 0 0
P 146 96 255 0 0
P 147 96 255 0 0
P 148 96 255 0 0
P 149 96 255 0 0
P 150 96 255 0 0
P 151 96 255 0 0
P 152 96 255 0 0
P 153 96 255 0 0
P 154 96 255 0 0
P 155 96 255 0 0
P 156 96 255 0 0
P 157 96 255 0 0
P 158 96 255 0 0
P 159 96 255 0 0
P 160 96 255 0 0
P 161 96 255 0 0
P 162 96 255 0 0
P 163 96 255 0 0
P 132 97 255 0 0
P 133 97 255 0 0
P 134 97 255 0 0
P 135 97 255 0 0
P 136 97 255 0 0
P 137 97 255 0 0
P 138 97 255 0 0
P 139 97 255 0 0
P 140 97 255 0 0
P 141 97 255 0 0
P 142 97 255 0 0
P 143 97 255 0 0
P 144 97 255 0 0
P 145 97 255 0 0
P 146 97 255 0 0
P 147 97 255 0 0
P 148 97 255 0 0
P 149 97 255 0 0
P 150 97 255 0 0
P 151 97 255 0 0
P 152 97 255 0 0
P 153 97 255 0 0
P 154 97 255 0 0
P 155 97 255 0 0
P 156 97 255 0 0
P 157 97 255 0 0
P 158 97 255 0 0
P 159 97 255 0 0
P 160 97 255 0 0
P 161 97 255 0 0
P 162 97 255 0 0
P 163 97 255 0 0
P 133 98 255 0 0
P 134 98 255 0 0
P 135 98 255 0 0
P 136 98 255 0 0
P 137 98 255 0 0
P 138 98 255 0 0
P 139 98 255 0 0
P 140 98 255 0 0
P 141 98 255 0 0
P 142 98 255 0 0
P 143 98 255 0 0
P 144 98 255 0 0
P 145 98 255 0 0
P 146 98 255 0 0
P 147 98 255 0 0
P 148 98 255 0 0
P 149 98 255 0 0
P 150 98 255 0 0
P 151 98 255 0 0
P 152 98 255 0 0
P 153 98 255 0 0
P 154 98 255 0 0
P 155 98 255 0 0
P 156 98 255 0 0
P 157 98 255 0 0
P 158 98 255 0 0
P 159 98 255 0 0
P 160 98 255 0 0
P 161 98 255 0 0
P 162 98 255 0 0
P 163 98 255 0 0
P 134 99 255 0 0
P 135 99 255 0 0
P 136 99 255 0 0
P 137 99 255 0 0
P 138 99 255 0 0
P 139 99 255 0 0
P 140 99 255 0 0
P 141 99 255 0 0
P 142 99 255 0 0
P 143 99 255 0 0
P 144 99 255 0 0
P 145 99 255 0 0
P 146 99 255 0 0
P 147 99 255 0 0
P 148 99 255 0 0
P 149 99 255 0 0
P 150 99 255 0 0
P 151 99 255 0 0
P 152 99 255 0 0
P 153 99 255 0 0
P 154 99 255 0 0
P 155 99 255 0 0
P 156 99 255 0 0
P 157 99 255 0 0
P 158 99 255 0 0
P 159 99 255 0 0
P 160 99 255 0 0
P 161 99 255 0 0
P 162 99 255 0 0
P 136 100 255 0 0
P 137 100 255 0 0
P 138 100 255 0 0
P 139 100 255 0 0
P 140 100 255 0 0
P 141 100 255 0 0
P 142 100 255 0 0
P 143 100 255 0 0
P 144 100 255 0 0
P 145 100 255 0 0
P 146 100 255 0 0
P 147 100 255 0 0
P 148 100 255 0 0
P 149 100 255 0 0
P 150 100 255 0 0
P 151 100 255 0 0
P 152 100 255 0 0
P 153 100 255 0 0
P 154 100 255 0 0
P 155 100 255 0 0
P 156 100 255 0 0
P 157 100 255 0 0
P 158 100 255 0 0
P 159 100 255 0 0
P 160 100 255 0 0
P 161 100 255 0 0
P 162 100 255 0 0
P 137 101 255 0 0
P 138 101 255 0 0
P 139 101 255 0 0
P 140 101 255 0 0
P 141 101 255 0 0
P 142 101 255 0 0
P 143 101 255 0 0
P 144 101 255 0 0
P 145 101 255 0 0
P 146 101 255 0 0
P 147 101 255 0 0
P 148 101 255 0 0
P 149 101 255 0 0
P 150 101 255 0 0
P 151 101 255 0 0
P 152 101 255 0 0
P 153 101 255 0 0
P 154 101 255 0 0
P 155 101 255 0 0
P 156 101 255 0 0
P 157 101 255 0 0
P 158 101 255 0 0
P 159 101 255 0 0
P 160 101 255 0 0
P 161 101 255 0 0
P 162 101 255 0 0
P 138 102 255 0 0
P 139 102 255 0 0
P 140 102 255 0 0
P 141 102 255 0 0
P 142 102 255 0 0
P 143 102 255 0 0
P 144 102 255 0 0
P 145 102 255 0 0
P 146 102 255 0 0
P 147 102 255 0 0
P 148 102 255 0 0
P 149 102 255 0 0
P 150 102 255 0 0
P 151 102 255 0 0
P 152 102 255 0 0
P 153 102 255 0 0
P 154 102 255 0 0
P 155 102 255 0 0
P 156 102 255 0 0
P 157 102 255 0 0
P 158 102 255 0 0
P 159 102 255 0 0
P 160 102 255 0 0
P 161 102 255 0 0
P 162 102 255 0 0
P 139 103 255 0 0
P 140 103 255 0 0
P 141 103 255 0 0
P 142 103 255 0 0
P 143 103 255 0 0
P 144 103 255 0 0
P 145 103 255 0 0
P 146 103 255 0 0
P 147 103 255 0 0
P 148 103 255 0 0
P 149 103 255 0 0
P 150 103 255 0 0
P 151 103 255 0 0
P 152 103 255 0 0
P 153 103 255 0 0
P 154 103 255 0 0
P 155 103 255 0 0
P 156 103 255 0 0
P 157 103 255 0 0
P 158 103 255 0 0
P 159 103 255 0 0
P 160 103 255 0 0
P 161 103 255 0 0
P 162 103 255 0 0
P 141 104 255 0 0
P 142 104 255 0 0
P 143 104 255 0 0
P 144 104 255 0 0
P 145 104 255 0 0
P 146 104 255 0 0
P 147 104 255 0 0
P 148 104 255 0 0
P 149 104 255 0 0
P 150 104 255 0 0
P 151 104 255 0 0
P 152 104 255 0 0
P 153 104 255 0 0
P 154 104 255 0 0
P 155 104 255 0 0
P 156 104 255 0 0
P 157 104 255 0 0
P 158 104 255 0 0
P 159 104 255 0 0
P 160 104 255 0 0
P 161 104 255 0 0
P 162 104 255 0 0
P 142 105 255 0 0
P 143 105 255 0 0
P 144 105 255 0 0
P 145 105 255 0 0
P 146 105 255 0 0
P 147 105 255 0 0
P 148 105 255 0 0
P 149 105 255 0 0
P 150 105 255 0 0
P 151 105 255 0 0
P 152 105 255 0 0
P 153 105 255 0 0
P 154 105 255 0 0
P 155 105 255 0 0
P 156 105 255 0 0
P 157 105 255 0 0
P 158 105 255 0 0
P 159 105 255 0 0
P 160 105 255 0 0
P 161 105 255 0 0
P 143 106 255 0 0
P 144 106 255 0 0
P 145 106 255 0 0
P 146 106 255 0 0
P 147 106 255 0 0
P 148 106 255 0 0
P 149 106 255 0 0
P 150 106 255 0 0
P 151 106 255 0 0
P 152 106 255 0 0
P 153 106 255 0 0
P 154 106 255 0 0
P 155 106 255 0 0
P 156 106 255 0 0
P 157 106 255 0 0
P 158 106 255 0 0
P 159 106 255 0 0
P 160 106 255 0 0
P 161 106 255 0 0
P 144 107 255 0 0
P 145 107 255 0 0
P 146 107 255 0 0
P 147 107 255 0 0
P 148 107 255 0 0
P 149 107 255 0 0
P 150 107 255 0 0
P 151 107 255 0 0
P 152 107 255 0 0
P 153 107 255 0 0
P 154 107 255 0 0
P 155 107 255 0 0
P 156 107 255 0 0
P 157 107 255 0 0
P 158 107 255 0 0
P 159 107 255 0 0
P 160 107 255 0 0
P 161 107 255 0 0
P 146 108 255 0 0
P 147 108 255 0 0
P 148 108 255 0 0
P 149 108 255 0 0
P 150 108 255 0 0
P 151 108 255 0 0
P 152 108 255 0 0
P 153 108 255 0 0
P 154 108 255 0 0
P 155 108 255 0 0
P 156 108 255 0 0
P 157 108 255 0 0
P 158 108 255 0 0
P 159 108 255 0 0
P 160 108 255 0 0
P 161 108 255 0 0
P 147 109 255 0 0
P 148 109 255 0 0
P 149 109 255 0 0
P 150 109 255 0 0
P 151 109 255 0 0
P 152 109 255 0 0
P 153 109 255 0 0
P 154 109 255 0 0
P 155 109 255 0 0
P 156 109 255 0 0
P 157 109 255 0 0
P 158 109 255 0 0
P 159 109 255 0 0
P 160 109 255 0 0
P 161 109 255 0 0
P 148 110 255 0 0
P 149 110 255 0 0
P 150 110 255 0 0
P 151 110 255 0 0
P 152 110 255 0 0
P 153 110 255 0 0
P 154 110 255 0 0
P 155 110 255 0 0
P 156 110 255 0 0
P 157 110 255 0 0
P 158 110 255 0 0
P 159 110 255 0 0
P 160 110 255 0 0
P 161 110 255 0 0
P 149 111 255 0 0
P 150 111 255 0 0
P 151 111 255 0 0
P 152 111 255 0 0
P 153 111 255 0 0
P 154 111 255 0 0
P 155 111 255 0 0
P 156 111 255 0 0
P 157 111 255 0 0
P 158 111 255 0 0
P 159 111 255 0 0
P 160 111 255 0 0
P 151 112 255 0 0
P 152 112 255 0 0
P 153 112 255 0 0
P 154 112 255 0 0
P 155 112 255 0 0
P 156 112 255 0 0
P 157 112 255 0 0
P 158 112 255 0 0
P 159 112 255 0 0
P 160 112 255 0 0
P 152 113 255 0 0
P 153 113 255 0 0
P 154 113 255 0 0
P 155 113 255 0 0
P 156 113 255 0 0
P 157 113 255 0 0
P 158 113 255 0 0
P 159 113 255 0 0
P 160 113 255 0 0
P 153 114 255 0 0
P 154 114 255 0 0
P 155 114 255 0 0
P 156 114 255 0 0
P 157 114 255 0 0
P 158 114 255 0 0
P 159 114 255 0 0
P 160 114 255 0 0
P 154 115 255 0 0
P 155 115 255 0 0
P 156 115 255 0 0
P 157 115 255 0 0
P 158 115 255 0 0
P 159 115 255 0 0
P 160 115 255 0 0
P 156 116 255 0 0
P 157 116 255 0 0
P 158 116 255 0 0
P 159 116 255 0 0
P 160 116 255 0 0
P 157 117 255 0 0
P 158 117 255 0 0
P 159 117 255 0 0
P 158 118 255 0 0
P 159 118 255 0 0
P 159 119 255 0 0
