# shape E mode ssolo1 ntri 4
# select hard 0 soft 1
# v0 40.0000000 60.0000000
# v1 120.0000000 52.0000000
# v2 200.0000000 64.0000000
# v3 280.0000000 56.0000000
# v4 48.0000000 180.0000000
# v5 128.0000000 188.0000000
# v6 208.0000000 176.0000000
# v7 288.0000000 184.0000000
# t0 0 4 1
# t1 4 5 1
# t2 1 5 2
# t3 5 6 2
# counters drawn=0 software=0 declined=0
# mode hardware
P 115 52 255 0 0
P 116 52 255 0 0
P 117 52 255 0 0
P 118 52 255 0 0
P 119 52 255 0 0
P 105 53 255 0 0
P 106 53 255 0 0
P 107 53 255 0 0
P 108 53 255 0 0
P 109 53 255 0 0
P 110 53 255 0 0
P 111 53 255 0 0
P 112 53 255 0 0
P 113 53 255 0 0
P 114 53 255 0 0
P 115 53 255 0 0
P 116 53 255 0 0
P 117 53 255 0 0
P 118 53 255 0 0
P 95 54 255 0 0
P 96 54 255 0 0
P 97 54 255 0 0
P 98 54 255 0 0
P 99 54 255 0 0
P 100 54 255 0 0
P 101 54 255 0 0
P 102 54 255 0 0
P 103 54 255 0 0
P 104 54 255 0 0
P 105 54 255 0 0
P 106 54 255 0 0
P 107 54 255 0 0
P 108 54 255 0 0
P 109 54 255 0 0
P 110 54 255 0 0
P 111 54 255 0 0
P 112 54 255 0 0
P 113 54 255 0 0
P 114 54 255 0 0
P 115 54 255 0 0
P 116 54 255 0 0
P 117 54 255 0 0
P 118 54 255 0 0
P 85 55 255 0 0
P 86 55 255 0 0
P 87 55 255 0 0
P 88 55 255 0 0
P 89 55 255 0 0
P 90 55 255 0 0
P 91 55 255 0 0
P 92 55 255 0 0
P 93 55 255 0 0
P 94 55 255 0 0
P 95 55 255 0 0
P 96 55 255 0 0
P 97 55 255 0 0
P 98 55 255 0 0
P 99 55 255 0 0
P 100 55 255 0 0
P 101 55 255 0 0
P 102 55 255 0 0
P 103 55 255 0 0
P 104 55 255 0 0
P 105 55 255 0 0
P 106 55 255 0 0
P 107 55 255 0 0
P 108 55 255 0 0
P 109 55 255 0 0
P 110 55 255 0 0
P 111 55 255 0 0
P 112 55 255 0 0
P 113 55 255 0 0
P 114 55 255 0 0
P 115 55 255 0 0
P 116 55 255 0 0
P 117 55 255 0 0
P 75 56 255 0 0
P 76 56 255 0 0
P 77 56 255 0 0
P 78 56 255 0 0
P 79 56 255 0 0
P 80 56 255 0 0
P 81 56 255 0 0
P 82 56 255 0 0
P 83 56 255 0 0
P 84 56 255 0 0
P 85 56 255 0 0
P 86 56 255 0 0
P 87 56 255 0 0
P 88 56 255 0 0
P 89 56 255 0 0
P 90 56 255 0 0
P 91 56 255 0 0
P 92 56 255 0 0
P 93 56 255 0 0
P 94 56 255 0 0
P 95 56 255 0 0
P 96 56 255 0 0
P 97 56 255 0 0
P 98 56 255 0 0
P 99 56 255 0 0
P 100 56 255 0 0
P 101 56 255 0 0
P 102 56 255 0 0
P 103 56 255 0 0
P 104 56 255 0 0
P 105 56 255 0 0
P 106 56 255 0 0
P 107 56 255 0 0
P 108 56 255 0 0
P 109 56 255 0 0
P 110 56 255 0 0
P 111 56 255 0 0
P 112 56 255 0 0
P 113 56 255 0 0
P 114 56 255 0 0
P 115 56 255 0 0
P 116 56 255 0 0
P 65 57 255 0 0
P 66 57 255 0 0
P 67 57 255 0 0
P 68 57 255 0 0
P 69 57 255 0 0
P 70 57 255 0 0
P 71 57 255 0 0
P 72 57 255 0 0
P 73 57 255 0 0
P 74 57 255 0 0
P 75 57 255 0 0
P 76 57 255 0 0
P 77 57 255 0 0
P 78 57 255 0 0
P 79 57 255 0 0
P 80 57 255 0 0
P 81 57 255 0 0
P 82 57 255 0 0
P 83 57 255 0 0
P 84 57 255 0 0
P 85 57 255 0 0
P 86 57 255 0 0
P 87 57 255 0 0
P 88 57 255 0 0
P 89 57 255 0 0
P 90 57 255 0 0
P 91 57 255 0 0
P 92 57 255 0 0
P 93 57 255 0 0
P 94 57 255 0 0
P 95 57 255 0 0
P 96 57 255 0 0
P 97 57 255 0 0
P 98 57 255 0 0
P 99 57 255 0 0
P 100 57 255 0 0
P 101 57 255 0 0
P 102 57 255 0 0
P 103 57 255 0 0
P 104 57 255 0 0
P 105 57 255 0 0
P 106 57 255 0 0
P 107 57 255 0 0
P 108 57 255 0 0
P 109 57 255 0 0
P 110 57 255 0 0
P 111 57 255 0 0
P 112 57 255 0 0
P 113 57 255 0 0
P 114 57 255 0 0
P 115 57 255 0 0
P 116 57 255 0 0
P 55 58 255 0 0
P 56 58 255 0 0
P 57 58 255 0 0
P 58 58 255 0 0
P 59 58 255 0 0
P 60 58 255 0 0
P 61 58 255 0 0
P 62 58 255 0 0
P 63 58 255 0 0
P 64 58 255 0 0
P 65 58 255 0 0
P 66 58 255 0 0
P 67 58 255 0 0
P 68 58 255 0 0
P 69 58 255 0 0
P 70 58 255 0 0
P 71 58 255 0 0
P 72 58 255 0 0
P 73 58 255 0 0
P 74 58 255 0 0
P 75 58 255 0 0
P 76 58 255 0 0
P 77 58 255 0 0
P 78 58 255 0 0
P 79 58 255 0 0
P 80 58 255 0 0
P 81 58 255 0 0
P 82 58 255 0 0
P 83 58 255 0 0
P 84 58 255 0 0
P 85 58 255 0 0
P 86 58 255 0 0
P 87 58 255 0 0
P 88 58 255 0 0
P 89 58 255 0 0
P 90 58 255 0 0
P 91 58 255 0 0
P 92 58 255 0 0
P 93 58 255 0 0
P 94 58 255 0 0
P 95 58 255 0 0
P 96 58 255 0 0
P 97 58 255 0 0
P 98 58 255 0 0
P 99 58 255 0 0
P 100 58 255 0 0
P 101 58 255 0 0
P 102 58 255 0 0
P 103 58 255 0 0
P 104 58 255 0 0
P 105 58 255 0 0
P 106 58 255 0 0
P 107 58 255 0 0
P 108 58 255 0 0
P 109 58 255 0 0
P 110 58 255 0 0
P 111 58 255 0 0
P 112 58 255 0 0
P 113 58 255 0 0
P 114 58 255 0 0
P 115 58 255 0 0
P 45 59 255 0 0
P 46 59 255 0 0
P 47 59 255 0 0
P 48 59 255 0 0
P 49 59 255 0 0
P 50 59 255 0 0
P 51 59 255 0 0
P 52 59 255 0 0
P 53 59 255 0 0
P 54 59 255 0 0
P 55 59 255 0 0
P 56 59 255 0 0
P 57 59 255 0 0
P 58 59 255 0 0
P 59 59 255 0 0
P 60 59 255 0 0
P 61 59 255 0 0
P 62 59 255 0 0
P 63 59 255 0 0
P 64 59 255 0 0
P 65 59 255 0 0
P 66 59 255 0 0
P 67 59 255 0 0
P 68 59 255 0 0
P 69 59 255 0 0
P 70 59 255 0 0
P 71 59 255 0 0
P 72 59 255 0 0
P 73 59 255 0 0
P 74 59 255 0 0
P 75 59 255 0 0
P 76 59 255 0 0
P 77 59 255 0 0
P 78 59 255 0 0
P 79 59 255 0 0
P 80 59 255 0 0
P 81 59 255 0 0
P 82 59 255 0 0
P 83 59 255 0 0
P 84 59 255 0 0
P 85 59 255 0 0
P 86 59 255 0 0
P 87 59 255 0 0
P 88 59 255 0 0
P 89 59 255 0 0
P 90 59 255 0 0
P 91 59 255 0 0
P 92 59 255 0 0
P 93 59 255 0 0
P 94 59 255 0 0
P 95 59 255 0 0
P 96 59 255 0 0
P 97 59 255 0 0
P 98 59 255 0 0
P 99 59 255 0 0
P 100 59 255 0 0
P 101 59 255 0 0
P 102 59 255 0 0
P 103 59 255 0 0
P 104 59 255 0 0
P 105 59 255 0 0
P 106 59 255 0 0
P 107 59 255 0 0
P 108 59 255 0 0
P 109 59 255 0 0
P 110 59 255 0 0
P 111 59 255 0 0
P 112 59 255 0 0
P 113 59 255 0 0
P 114 59 255 0 0
P 115 59 255 0 0
P 40 60 255 0 0
P 41 60 255 0 0
P 42 60 255 0 0
P 43 60 255 0 0
P 44 60 255 0 0
P 45 60 255 0 0
P 46 60 255 0 0
P 47 60 255 0 0
P 48 60 255 0 0
P 49 60 255 0 0
P 50 60 255 0 0
P 51 60 255 0 0
P 52 60 255 0 0
P 53 60 255 0 0
P 54 60 255 0 0
P 55 60 255 0 0
P 56 60 255 0 0
P 57 60 255 0 0
P 58 60 255 0 0
P 59 60 255 0 0
P 60 60 255 0 0
P 61 60 255 0 0
P 62 60 255 0 0
P 63 60 255 0 0
P 64 60 255 0 0
P 65 60 255 0 0
P 66 60 255 0 0
P 67 60 255 0 0
P 68 60 255 0 0
P 69 60 255 0 0
P 70 60 255 0 0
P 71 60 255 0 0
P 72 60 255 0 0
P 73 60 255 0 0
P 74 60 255 0 0
P 75 60 255 0 0
P 76 60 255 0 0
P 77 60 255 0 0
P 78 60 255 0 0
P 79 60 255 0 0
P 80 60 255 0 0
P 81 60 255 0 0
P 82 60 255 0 0
P 83 60 255 0 0
P 84 60 255 0 0
P 85 60 255 0 0
P 86 60 255 0 0
P 87 60 255 0 0
P 88 60 255 0 0
P 89 60 255 0 0
P 90 60 255 0 0
P 91 60 255 0 0
P 92 60 255 0 0
P 93 60 255 0 0
P 94 60 255 0 0
P 95 60 255 0 0
P 96 60 255 0 0
P 97 60 255 0 0
P 98 60 255 0 0
P 99 60 255 0 0
P 100 60 255 0 0
P 101 60 255 0 0
P 102 60 255 0 0
P 103 60 255 0 0
P 104 60 255 0 0
P 105 60 255 0 0
P 106 60 255 0 0
P 107 60 255 0 0
P 108 60 255 0 0
P 109 60 255 0 0
P 110 60 255 0 0
P 111 60 255 0 0
P 112 60 255 0 0
P 113 60 255 0 0
P 114 60 255 0 0
P 40 61 255 0 0
P 41 61 255 0 0
P 42 61 255 0 0
P 43 61 255 0 0
P 44 61 255 0 0
P 45 61 255 0 0
P 46 61 255 0 0
P 47 61 255 0 0
P 48 61 255 0 0
P 49 61 255 0 0
P 50 61 255 0 0
P 51 61 255 0 0
P 52 61 255 0 0
P 53 61 255 0 0
P 54 61 255 0 0
P 55 61 255 0 0
P 56 61 255 0 0
P 57 61 255 0 0
P 58 61 255 0 0
P 59 61 255 0 0
P 60 61 255 0 0
P 61 61 255 0 0
P 62 61 255 0 0
P 63 61 255 0 0
P 64 61 255 0 0
P 65 61 255 0 0
P 66 61 255 0 0
P 67 61 255 0 0
P 68 61 255 0 0
P 69 61 255 0 0
P 70 61 255 0 0
P 71 61 255 0 0
P 72 61 255 0 0
P 73 61 255 0 0
P 74 61 255 0 0
P 75 61 255 0 0
P 76 61 255 0 0
P 77 61 255 0 0
P 78 61 255 0 0
P 79 61 255 0 0
P 80 61 255 0 0
P 81 61 255 0 0
P 82 61 255 0 0
P 83 61 255 0 0
P 84 61 255 0 0
P 85 61 255 0 0
P 86 61 255 0 0
P 87 61 255 0 0
P 88 61 255 0 0
P 89 61 255 0 0
P 90 61 255 0 0
P 91 61 255 0 0
P 92 61 255 0 0
P 93 61 255 0 0
P 94 61 255 0 0
P 95 61 255 0 0
P 96 61 255 0 0
P 97 61 255 0 0
P 98 61 255 0 0
P 99 61 255 0 0
P 100 61 255 0 0
P 101 61 255 0 0
P 102 61 255 0 0
P 103 61 255 0 0
P 104 61 255 0 0
P 105 61 255 0 0
P 106 61 255 0 0
P 107 61 255 0 0
P 108 61 255 0 0
P 109 61 255 0 0
P 110 61 255 0 0
P 111 61 255 0 0
P 112 61 255 0 0
P 113 61 255 0 0
P 114 61 255 0 0
P 40 62 255 0 0
P 41 62 255 0 0
P 42 62 255 0 0
P 43 62 255 0 0
P 44 62 255 0 0
P 45 62 255 0 0
P 46 62 255 0 0
P 47 62 255 0 0
P 48 62 255 0 0
P 49 62 255 0 0
P 50 62 255 0 0
P 51 62 255 0 0
P 52 62 255 0 0
P 53 62 255 0 0
P 54 62 255 0 0
P 55 62 255 0 0
P 56 62 255 0 0
P 57 62 255 0 0
P 58 62 255 0 0
P 59 62 255 0 0
P 60 62 255 0 0
P 61 62 255 0 0
P 62 62 255 0 0
P 63 62 255 0 0
P 64 62 255 0 0
P 65 62 255 0 0
P 66 62 255 0 0
P 67 62 255 0 0
P 68 62 255 0 0
P 69 62 255 0 0
P 70 62 255 0 0
P 71 62 255 0 0
P 72 62 255 0 0
P 73 62 255 0 0
P 74 62 255 0 0
P 75 62 255 0 0
P 76 62 255 0 0
P 77 62 255 0 0
P 78 62 255 0 0
P 79 62 255 0 0
P 80 62 255 0 0
P 81 62 255 0 0
P 82 62 255 0 0
P 83 62 255 0 0
P 84 62 255 0 0
P 85 62 255 0 0
P 86 62 255 0 0
P 87 62 255 0 0
P 88 62 255 0 0
P 89 62 255 0 0
P 90 62 255 0 0
P 91 62 255 0 0
P 92 62 255 0 0
P 93 62 255 0 0
P 94 62 255 0 0
P 95 62 255 0 0
P 96 62 255 0 0
P 97 62 255 0 0
P 98 62 255 0 0
P 99 62 255 0 0
P 100 62 255 0 0
P 101 62 255 0 0
P 102 62 255 0 0
P 103 62 255 0 0
P 104 62 255 0 0
P 105 62 255 0 0
P 106 62 255 0 0
P 107 62 255 0 0
P 108 62 255 0 0
P 109 62 255 0 0
P 110 62 255 0 0
P 111 62 255 0 0
P 112 62 255 0 0
P 113 62 255 0 0
P 40 63 255 0 0
P 41 63 255 0 0
P 42 63 255 0 0
P 43 63 255 0 0
P 44 63 255 0 0
P 45 63 255 0 0
P 46 63 255 0 0
P 47 63 255 0 0
P 48 63 255 0 0
P 49 63 255 0 0
P 50 63 255 0 0
P 51 63 255 0 0
P 52 63 255 0 0
P 53 63 255 0 0
P 54 63 255 0 0
P 55 63 255 0 0
P 56 63 255 0 0
P 57 63 255 0 0
P 58 63 255 0 0
P 59 63 255 0 0
P 60 63 255 0 0
P 61 63 255 0 0
P 62 63 255 0 0
P 63 63 255 0 0
P 64 63 255 0 0
P 65 63 255 0 0
P 66 63 255 0 0
P 67 63 255 0 0
P 68 63 255 0 0
P 69 63 255 0 0
P 70 63 255 0 0
P 71 63 255 0 0
P 72 63 255 0 0
P 73 63 255 0 0
P 74 63 255 0 0
P 75 63 255 0 0
P 76 63 255 0 0
P 77 63 255 0 0
P 78 63 255 0 0
P 79 63 255 0 0
P 80 63 255 0 0
P 81 63 255 0 0
P 82 63 255 0 0
P 83 63 255 0 0
P 84 63 255 0 0
P 85 63 255 0 0
P 86 63 255 0 0
P 87 63 255 0 0
P 88 63 255 0 0
P 89 63 255 0 0
P 90 63 255 0 0
P 91 63 255 0 0
P 92 63 255 0 0
P 93 63 255 0 0
P 94 63 255 0 0
P 95 63 255 0 0
P 96 63 255 0 0
P 97 63 255 0 0
P 98 63 255 0 0
P 99 63 255 0 0
P 100 63 255 0 0
P 101 63 255 0 0
P 102 63 255 0 0
P 103 63 255 0 0
P 104 63 255 0 0
P 105 63 255 0 0
P 106 63 255 0 0
P 107 63 255 0 0
P 108 63 255 0 0
P 109 63 255 0 0
P 110 63 255 0 0
P 111 63 255 0 0
P 112 63 255 0 0
P 113 63 255 0 0
P 40 64 255 0 0
P 41 64 255 0 0
P 42 64 255 0 0
P 43 64 255 0 0
P 44 64 255 0 0
P 45 64 255 0 0
P 46 64 255 0 0
P 47 64 255 0 0
P 48 64 255 0 0
P 49 64 255 0 0
P 50 64 255 0 0
P 51 64 255 0 0
P 52 64 255 0 0
P 53 64 255 0 0
P 54 64 255 0 0
P 55 64 255 0 0
P 56 64 255 0 0
P 57 64 255 0 0
P 58 64 255 0 0
P 59 64 255 0 0
P 60 64 255 0 0
P 61 64 255 0 0
P 62 64 255 0 0
P 63 64 255 0 0
P 64 64 255 0 0
P 65 64 255 0 0
P 66 64 255 0 0
P 67 64 255 0 0
P 68 64 255 0 0
P 69 64 255 0 0
P 70 64 255 0 0
P 71 64 255 0 0
P 72 64 255 0 0
P 73 64 255 0 0
P 74 64 255 0 0
P 75 64 255 0 0
P 76 64 255 0 0
P 77 64 255 0 0
P 78 64 255 0 0
P 79 64 255 0 0
P 80 64 255 0 0
P 81 64 255 0 0
P 82 64 255 0 0
P 83 64 255 0 0
P 84 64 255 0 0
P 85 64 255 0 0
P 86 64 255 0 0
P 87 64 255 0 0
P 88 64 255 0 0
P 89 64 255 0 0
P 90 64 255 0 0
P 91 64 255 0 0
P 92 64 255 0 0
P 93 64 255 0 0
P 94 64 255 0 0
P 95 64 255 0 0
P 96 64 255 0 0
P 97 64 255 0 0
P 98 64 255 0 0
P 99 64 255 0 0
P 100 64 255 0 0
P 101 64 255 0 0
P 102 64 255 0 0
P 103 64 255 0 0
P 104 64 255 0 0
P 105 64 255 0 0
P 106 64 255 0 0
P 107 64 255 0 0
P 108 64 255 0 0
P 109 64 255 0 0
P 110 64 255 0 0
P 111 64 255 0 0
P 112 64 255 0 0
P 40 65 255 0 0
P 41 65 255 0 0
P 42 65 255 0 0
P 43 65 255 0 0
P 44 65 255 0 0
P 45 65 255 0 0
P 46 65 255 0 0
P 47 65 255 0 0
P 48 65 255 0 0
P 49 65 255 0 0
P 50 65 255 0 0
P 51 65 255 0 0
P 52 65 255 0 0
P 53 65 255 0 0
P 54 65 255 0 0
P 55 65 255 0 0
P 56 65 255 0 0
P 57 65 255 0 0
P 58 65 255 0 0
P 59 65 255 0 0
P 60 65 255 0 0
P 61 65 255 0 0
P 62 65 255 0 0
P 63 65 255 0 0
P 64 65 255 0 0
P 65 65 255 0 0
P 66 65 255 0 0
P 67 65 255 0 0
P 68 65 255 0 0
P 69 65 255 0 0
P 70 65 255 0 0
P 71 65 255 0 0
P 72 65 255 0 0
P 73 65 255 0 0
P 74 65 255 0 0
P 75 65 255 0 0
P 76 65 255 0 0
P 77 65 255 0 0
P 78 65 255 0 0
P 79 65 255 0 0
P 80 65 255 0 0
P 81 65 255 0 0
P 82 65 255 0 0
P 83 65 255 0 0
P 84 65 255 0 0
P 85 65 255 0 0
P 86 65 255 0 0
P 87 65 255 0 0
P 88 65 255 0 0
P 89 65 255 0 0
P 90 65 255 0 0
P 91 65 255 0 0
P 92 65 255 0 0
P 93 65 255 0 0
P 94 65 255 0 0
P 95 65 255 0 0
P 96 65 255 0 0
P 97 65 255 0 0
P 98 65 255 0 0
P 99 65 255 0 0
P 100 65 255 0 0
P 101 65 255 0 0
P 102 65 255 0 0
P 103 65 255 0 0
P 104 65 255 0 0
P 105 65 255 0 0
P 106 65 255 0 0
P 107 65 255 0 0
P 108 65 255 0 0
P 109 65 255 0 0
P 110 65 255 0 0
P 111 65 255 0 0
P 40 66 255 0 0
P 41 66 255 0 0
P 42 66 255 0 0
P 43 66 255 0 0
P 44 66 255 0 0
P 45 66 255 0 0
P 46 66 255 0 0
P 47 66 255 0 0
P 48 66 255 0 0
P 49 66 255 0 0
P 50 66 255 0 0
P 51 66 255 0 0
P 52 66 255 0 0
P 53 66 255 0 0
P 54 66 255 0 0
P 55 66 255 0 0
P 56 66 255 0 0
P 57 66 255 0 0
P 58 66 255 0 0
P 59 66 255 0 0
P 60 66 255 0 0
P 61 66 255 0 0
P 62 66 255 0 0
P 63 66 255 0 0
P 64 66 255 0 0
P 65 66 255 0 0
P 66 66 255 0 0
P 67 66 255 0 0
P 68 66 255 0 0
P 69 66 255 0 0
P 70 66 255 0 0
P 71 66 255 0 0
P 72 66 255 0 0
P 73 66 255 0 0
P 74 66 255 0 0
P 75 66 255 0 0
P 76 66 255 0 0
P 77 66 255 0 0
P 78 66 255 0 0
P 79 66 255 0 0
P 80 66 255 0 0
P 81 66 255 0 0
P 82 66 255 0 0
P 83 66 255 0 0
P 84 66 255 0 0
P 85 66 255 0 0
P 86 66 255 0 0
P 87 66 255 0 0
P 88 66 255 0 0
P 89 66 255 0 0
P 90 66 255 0 0
P 91 66 255 0 0
P 92 66 255 0 0
P 93 66 255 0 0
P 94 66 255 0 0
P 95 66 255 0 0
P 96 66 255 0 0
P 97 66 255 0 0
P 98 66 255 0 0
P 99 66 255 0 0
P 100 66 255 0 0
P 101 66 255 0 0
P 102 66 255 0 0
P 103 66 255 0 0
P 104 66 255 0 0
P 105 66 255 0 0
P 106 66 255 0 0
P 107 66 255 0 0
P 108 66 255 0 0
P 109 66 255 0 0
P 110 66 255 0 0
P 111 66 255 0 0
P 40 67 255 0 0
P 41 67 255 0 0
P 42 67 255 0 0
P 43 67 255 0 0
P 44 67 255 0 0
P 45 67 255 0 0
P 46 67 255 0 0
P 47 67 255 0 0
P 48 67 255 0 0
P 49 67 255 0 0
P 50 67 255 0 0
P 51 67 255 0 0
P 52 67 255 0 0
P 53 67 255 0 0
P 54 67 255 0 0
P 55 67 255 0 0
P 56 67 255 0 0
P 57 67 255 0 0
P 58 67 255 0 0
P 59 67 255 0 0
P 60 67 255 0 0
P 61 67 255 0 0
P 62 67 255 0 0
P 63 67 255 0 0
P 64 67 255 0 0
P 65 67 255 0 0
P 66 67 255 0 0
P 67 67 255 0 0
P 68 67 255 0 0
P 69 67 255 0 0
P 70 67 255 0 0
P 71 67 255 0 0
P 72 67 255 0 0
P 73 67 255 0 0
P 74 67 255 0 0
P 75 67 255 0 0
P 76 67 255 0 0
P 77 67 255 0 0
P 78 67 255 0 0
P 79 67 255 0 0
P 80 67 255 0 0
P 81 67 255 0 0
P 82 67 255 0 0
P 83 67 255 0 0
P 84 67 255 0 0
P 85 67 255 0 0
P 86 67 255 0 0
P 87 67 255 0 0
P 88 67 255 0 0
P 89 67 255 0 0
P 90 67 255 0 0
P 91 67 255 0 0
P 92 67 255 0 0
P 93 67 255 0 0
P 94 67 255 0 0
P 95 67 255 0 0
P 96 67 255 0 0
P 97 67 255 0 0
P 98 67 255 0 0
P 99 67 255 0 0
P 100 67 255 0 0
P 101 67 255 0 0
P 102 67 255 0 0
P 103 67 255 0 0
P 104 67 255 0 0
P 105 67 255 0 0
P 106 67 255 0 0
P 107 67 255 0 0
P 108 67 255 0 0
P 109 67 255 0 0
P 110 67 255 0 0
P 41 68 255 0 0
P 42 68 255 0 0
P 43 68 255 0 0
P 44 68 255 0 0
P 45 68 255 0 0
P 46 68 255 0 0
P 47 68 255 0 0
P 48 68 255 0 0
P 49 68 255 0 0
P 50 68 255 0 0
P 51 68 255 0 0
P 52 68 255 0 0
P 53 68 255 0 0
P 54 68 255 0 0
P 55 68 255 0 0
P 56 68 255 0 0
P 57 68 255 0 0
P 58 68 255 0 0
P 59 68 255 0 0
P 60 68 255 0 0
P 61 68 255 0 0
P 62 68 255 0 0
P 63 68 255 0 0
P 64 68 255 0 0
P 65 68 255 0 0
P 66 68 255 0 0
P 67 68 255 0 0
P 68 68 255 0 0
P 69 68 255 0 0
P 70 68 255 0 0
P 71 68 255 0 0
P 72 68 255 0 0
P 73 68 255 0 0
P 74 68 255 0 0
P 75 68 255 0 0
P 76 68 255 0 0
P 77 68 255 0 0
P 78 68 255 0 0
P 79 68 255 0 0
P 80 68 255 0 0
P 81 68 255 0 0
P 82 68 255 0 0
P 83 68 255 0 0
P 84 68 255 0 0
P 85 68 255 0 0
P 86 68 255 0 0
P 87 68 255 0 0
P 88 68 255 0 0
P 89 68 255 0 0
P 90 68 255 0 0
P 91 68 255 0 0
P 92 68 255 0 0
P 93 68 255 0 0
P 94 68 255 0 0
P 95 68 255 0 0
P 96 68 255 0 0
P 97 68 255 0 0
P 98 68 255 0 0
P 99 68 255 0 0
P 100 68 255 0 0
P 101 68 255 0 0
P 102 68 255 0 0
P 103 68 255 0 0
P 104 68 255 0 0
P 105 68 255 0 0
P 106 68 255 0 0
P 107 68 255 0 0
P 108 68 255 0 0
P 109 68 255 0 0
P 110 68 255 0 0
P 41 69 255 0 0
P 42 69 255 0 0
P 43 69 255 0 0
P 44 69 255 0 0
P 45 69 255 0 0
P 46 69 255 0 0
P 47 69 255 0 0
P 48 69 255 0 0
P 49 69 255 0 0
P 50 69 255 0 0
P 51 69 255 0 0
P 52 69 255 0 0
P 53 69 255 0 0
P 54 69 255 0 0
P 55 69 255 0 0
P 56 69 255 0 0
P 57 69 255 0 0
P 58 69 255 0 0
P 59 69 255 0 0
P 60 69 255 0 0
P 61 69 255 0 0
P 62 69 255 0 0
P 63 69 255 0 0
P 64 69 255 0 0
P 65 69 255 0 0
P 66 69 255 0 0
P 67 69 255 0 0
P 68 69 255 0 0
P 69 69 255 0 0
P 70 69 255 0 0
P 71 69 255 0 0
P 72 69 255 0 0
P 73 69 255 0 0
P 74 69 255 0 0
P 75 69 255 0 0
P 76 69 255 0 0
P 77 69 255 0 0
P 78 69 255 0 0
P 79 69 255 0 0
P 80 69 255 0 0
P 81 69 255 0 0
P 82 69 255 0 0
P 83 69 255 0 0
P 84 69 255 0 0
P 85 69 255 0 0
P 86 69 255 0 0
P 87 69 255 0 0
P 88 69 255 0 0
P 89 69 255 0 0
P 90 69 255 0 0
P 91 69 255 0 0
P 92 69 255 0 0
P 93 69 255 0 0
P 94 69 255 0 0
P 95 69 255 0 0
P 96 69 255 0 0
P 97 69 255 0 0
P 98 69 255 0 0
P 99 69 255 0 0
P 100 69 255 0 0
P 101 69 255 0 0
P 102 69 255 0 0
P 103 69 255 0 0
P 104 69 255 0 0
P 105 69 255 0 0
P 106 69 255 0 0
P 107 69 255 0 0
P 108 69 255 0 0
P 109 69 255 0 0
P 41 70 255 0 0
P 42 70 255 0 0
P 43 70 255 0 0
P 44 70 255 0 0
P 45 70 255 0 0
P 46 70 255 0 0
P 47 70 255 0 0
P 48 70 255 0 0
P 49 70 255 0 0
P 50 70 255 0 0
P 51 70 255 0 0
P 52 70 255 0 0
P 53 70 255 0 0
P 54 70 255 0 0
P 55 70 255 0 0
P 56 70 255 0 0
P 57 70 255 0 0
P 58 70 255 0 0
P 59 70 255 0 0
P 60 70 255 0 0
P 61 70 255 0 0
P 62 70 255 0 0
P 63 70 255 0 0
P 64 70 255 0 0
P 65 70 255 0 0
P 66 70 255 0 0
P 67 70 255 0 0
P 68 70 255 0 0
P 69 70 255 0 0
P 70 70 255 0 0
P 71 70 255 0 0
P 72 70 255 0 0
P 73 70 255 0 0
P 74 70 255 0 0
P 75 70 255 0 0
P 76 70 255 0 0
P 77 70 255 0 0
P 78 70 255 0 0
P 79 70 255 0 0
P 80 70 255 0 0
P 81 70 255 0 0
P 82 70 255 0 0
P 83 70 255 0 0
P 84 70 255 0 0
P 85 70 255 0 0
P 86 70 255 0 0
P 87 70 255 0 0
P 88 70 255 0 0
P 89 70 255 0 0
P 90 70 255 0 0
P 91 70 255 0 0
P 92 70 255 0 0
P 93 70 255 0 0
P 94 70 255 0 0
P 95 70 255 0 0
P 96 70 255 0 0
P 97 70 255 0 0
P 98 70 255 0 0
P 99 70 255 0 0
P 100 70 255 0 0
P 101 70 255 0 0
P 102 70 255 0 0
P 103 70 255 0 0
P 104 70 255 0 0
P 105 70 255 0 0
P 106 70 255 0 0
P 107 70 255 0 0
P 108 70 255 0 0
P 109 70 255 0 0
P 41 71 255 0 0
P 42 71 255 0 0
P 43 71 255 0 0
P 44 71 255 0 0
P 45 71 255 0 0
P 46 71 255 0 0
P 47 71 255 0 0
P 48 71 255 0 0
P 49 71 255 0 0
P 50 71 255 0 0
P 51 71 255 0 0
P 52 71 255 0 0
P 53 71 255 0 0
P 54 71 255 0 0
P 55 71 255 0 0
P 56 71 255 0 0
P 57 71 255 0 0
P 58 71 255 0 0
P 59 71 255 0 0
P 60 71 255 0 0
P 61 71 255 0 0
P 62 71 255 0 0
P 63 71 255 0 0
P 64 71 255 0 0
P 65 71 255 0 0
P 66 71 255 0 0
P 67 71 255 0 0
P 68 71 255 0 0
P 69 71 255 0 0
P 70 71 255 0 0
P 71 71 255 0 0
P 72 71 255 0 0
P 73 71 255 0 0
P 74 71 255 0 0
P 75 71 255 0 0
P 76 71 255 0 0
P 77 71 255 0 0
P 78 71 255 0 0
P 79 71 255 0 0
P 80 71 255 0 0
P 81 71 255 0 0
P 82 71 255 0 0
P 83 71 255 0 0
P 84 71 255 0 0
P 85 71 255 0 0
P 86 71 255 0 0
P 87 71 255 0 0
P 88 71 255 0 0
P 89 71 255 0 0
P 90 71 255 0 0
P 91 71 255 0 0
P 92 71 255 0 0
P 93 71 255 0 0
P 94 71 255 0 0
P 95 71 255 0 0
P 96 71 255 0 0
P 97 71 255 0 0
P 98 71 255 0 0
P 99 71 255 0 0
P 100 71 255 0 0
P 101 71 255 0 0
P 102 71 255 0 0
P 103 71 255 0 0
P 104 71 255 0 0
P 105 71 255 0 0
P 106 71 255 0 0
P 107 71 255 0 0
P 108 71 255 0 0
P 41 72 255 0 0
P 42 72 255 0 0
P 43 72 255 0 0
P 44 72 255 0 0
P 45 72 255 0 0
P 46 72 255 0 0
P 47 72 255 0 0
P 48 72 255 0 0
P 49 72 255 0 0
P 50 72 255 0 0
P 51 72 255 0 0
P 52 72 255 0 0
P 53 72 255 0 0
P 54 72 255 0 0
P 55 72 255 0 0
P 56 72 255 0 0
P 57 72 255 0 0
P 58 72 255 0 0
P 59 72 255 0 0
P 60 72 255 0 0
P 61 72 255 0 0
P 62 72 255 0 0
P 63 72 255 0 0
P 64 72 255 0 0
P 65 72 255 0 0
P 66 72 255 0 0
P 67 72 255 0 0
P 68 72 255 0 0
P 69 72 255 0 0
P 70 72 255 0 0
P 71 72 255 0 0
P 72 72 255 0 0
P 73 72 255 0 0
P 74 72 255 0 0
P 75 72 255 0 0
P 76 72 255 0 0
P 77 72 255 0 0
P 78 72 255 0 0
P 79 72 255 0 0
P 80 72 255 0 0
P 81 72 255 0 0
P 82 72 255 0 0
P 83 72 255 0 0
P 84 72 255 0 0
P 85 72 255 0 0
P 86 72 255 0 0
P 87 72 255 0 0
P 88 72 255 0 0
P 89 72 255 0 0
P 90 72 255 0 0
P 91 72 255 0 0
P 92 72 255 0 0
P 93 72 255 0 0
P 94 72 255 0 0
P 95 72 255 0 0
P 96 72 255 0 0
P 97 72 255 0 0
P 98 72 255 0 0
P 99 72 255 0 0
P 100 72 255 0 0
P 101 72 255 0 0
P 102 72 255 0 0
P 103 72 255 0 0
P 104 72 255 0 0
P 105 72 255 0 0
P 106 72 255 0 0
P 107 72 255 0 0
P 41 73 255 0 0
P 42 73 255 0 0
P 43 73 255 0 0
P 44 73 255 0 0
P 45 73 255 0 0
P 46 73 255 0 0
P 47 73 255 0 0
P 48 73 255 0 0
P 49 73 255 0 0
P 50 73 255 0 0
P 51 73 255 0 0
P 52 73 255 0 0
P 53 73 255 0 0
P 54 73 255 0 0
P 55 73 255 0 0
P 56 73 255 0 0
P 57 73 255 0 0
P 58 73 255 0 0
P 59 73 255 0 0
P 60 73 255 0 0
P 61 73 255 0 0
P 62 73 255 0 0
P 63 73 255 0 0
P 64 73 255 0 0
P 65 73 255 0 0
P 66 73 255 0 0
P 67 73 255 0 0
P 68 73 255 0 0
P 69 73 255 0 0
P 70 73 255 0 0
P 71 73 255 0 0
P 72 73 255 0 0
P 73 73 255 0 0
P 74 73 255 0 0
P 75 73 255 0 0
P 76 73 255 0 0
P 77 73 255 0 0
P 78 73 255 0 0
P 79 73 255 0 0
P 80 73 255 0 0
P 81 73 255 0 0
P 82 73 255 0 0
P 83 73 255 0 0
P 84 73 255 0 0
P 85 73 255 0 0
P 86 73 255 0 0
P 87 73 255 0 0
P 88 73 255 0 0
P 89 73 255 0 0
P 90 73 255 0 0
P 91 73 255 0 0
P 92 73 255 0 0
P 93 73 255 0 0
P 94 73 255 0 0
P 95 73 255 0 0
P 96 73 255 0 0
P 97 73 255 0 0
P 98 73 255 0 0
P 99 73 255 0 0
P 100 73 255 0 0
P 101 73 255 0 0
P 102 73 255 0 0
P 103 73 255 0 0
P 104 73 255 0 0
P 105 73 255 0 0
P 106 73 255 0 0
P 107 73 255 0 0
P 41 74 255 0 0
P 42 74 255 0 0
P 43 74 255 0 0
P 44 74 255 0 0
P 45 74 255 0 0
P 46 74 255 0 0
P 47 74 255 0 0
P 48 74 255 0 0
P 49 74 255 0 0
P 50 74 255 0 0
P 51 74 255 0 0
P 52 74 255 0 0
P 53 74 255 0 0
P 54 74 255 0 0
P 55 74 255 0 0
P 56 74 255 0 0
P 57 74 255 0 0
P 58 74 255 0 0
P 59 74 255 0 0
P 60 74 255 0 0
P 61 74 255 0 0
P 62 74 255 0 0
P 63 74 255 0 0
P 64 74 255 0 0
P 65 74 255 0 0
P 66 74 255 0 0
P 67 74 255 0 0
P 68 74 255 0 0
P 69 74 255 0 0
P 70 74 255 0 0
P 71 74 255 0 0
P 72 74 255 0 0
P 73 74 255 0 0
P 74 74 255 0 0
P 75 74 255 0 0
P 76 74 255 0 0
P 77 74 255 0 0
P 78 74 255 0 0
P 79 74 255 0 0
P 80 74 255 0 0
P 81 74 255 0 0
P 82 74 255 0 0
P 83 74 255 0 0
P 84 74 255 0 0
P 85 74 255 0 0
P 86 74 255 0 0
P 87 74 255 0 0
P 88 74 255 0 0
P 89 74 255 0 0
P 90 74 255 0 0
P 91 74 255 0 0
P 92 74 255 0 0
P 93 74 255 0 0
P 94 74 255 0 0
P 95 74 255 0 0
P 96 74 255 0 0
P 97 74 255 0 0
P 98 74 255 0 0
P 99 74 255 0 0
P 100 74 255 0 0
P 101 74 255 0 0
P 102 74 255 0 0
P 103 74 255 0 0
P 104 74 255 0 0
P 105 74 255 0 0
P 106 74 255 0 0
P 41 75 255 0 0
P 42 75 255 0 0
P 43 75 255 0 0
P 44 75 255 0 0
P 45 75 255 0 0
P 46 75 255 0 0
P 47 75 255 0 0
P 48 75 255 0 0
P 49 75 255 0 0
P 50 75 255 0 0
P 51 75 255 0 0
P 52 75 255 0 0
P 53 75 255 0 0
P 54 75 255 0 0
P 55 75 255 0 0
P 56 75 255 0 0
P 57 75 255 0 0
P 58 75 255 0 0
P 59 75 255 0 0
P 60 75 255 0 0
P 61 75 255 0 0
P 62 75 255 0 0
P 63 75 255 0 0
P 64 75 255 0 0
P 65 75 255 0 0
P 66 75 255 0 0
P 67 75 255 0 0
P 68 75 255 0 0
P 69 75 255 0 0
P 70 75 255 0 0
P 71 75 255 0 0
P 72 75 255 0 0
P 73 75 255 0 0
P 74 75 255 0 0
P 75 75 255 0 0
P 76 75 255 0 0
P 77 75 255 0 0
P 78 75 255 0 0
P 79 75 255 0 0
P 80 75 255 0 0
P 81 75 255 0 0
P 82 75 255 0 0
P 83 75 255 0 0
P 84 75 255 0 0
P 85 75 255 0 0
P 86 75 255 0 0
P 87 75 255 0 0
P 88 75 255 0 0
P 89 75 255 0 0
P 90 75 255 0 0
P 91 75 255 0 0
P 92 75 255 0 0
P 93 75 255 0 0
P 94 75 255 0 0
P 95 75 255 0 0
P 96 75 255 0 0
P 97 75 255 0 0
P 98 75 255 0 0
P 99 75 255 0 0
P 100 75 255 0 0
P 101 75 255 0 0
P 102 75 255 0 0
P 103 75 255 0 0
P 104 75 255 0 0
P 105 75 255 0 0
P 106 75 255 0 0
P 41 76 255 0 0
P 42 76 255 0 0
P 43 76 255 0 0
P 44 76 255 0 0
P 45 76 255 0 0
P 46 76 255 0 0
P 47 76 255 0 0
P 48 76 255 0 0
P 49 76 255 0 0
P 50 76 255 0 0
P 51 76 255 0 0
P 52 76 255 0 0
P 53 76 255 0 0
P 54 76 255 0 0
P 55 76 255 0 0
P 56 76 255 0 0
P 57 76 255 0 0
P 58 76 255 0 0
P 59 76 255 0 0
P 60 76 255 0 0
P 61 76 255 0 0
P 62 76 255 0 0
P 63 76 255 0 0
P 64 76 255 0 0
P 65 76 255 0 0
P 66 76 255 0 0
P 67 76 255 0 0
P 68 76 255 0 0
P 69 76 255 0 0
P 70 76 255 0 0
P 71 76 255 0 0
P 72 76 255 0 0
P 73 76 255 0 0
P 74 76 255 0 0
P 75 76 255 0 0
P 76 76 255 0 0
P 77 76 255 0 0
P 78 76 255 0 0
P 79 76 255 0 0
P 80 76 255 0 0
P 81 76 255 0 0
P 82 76 255 0 0
P 83 76 255 0 0
P 84 76 255 0 0
P 85 76 255 0 0
P 86 76 255 0 0
P 87 76 255 0 0
P 88 76 255 0 0
P 89 76 255 0 0
P 90 76 255 0 0
P 91 76 255 0 0
P 92 76 255 0 0
P 93 76 255 0 0
P 94 76 255 0 0
P 95 76 255 0 0
P 96 76 255 0 0
P 97 76 255 0 0
P 98 76 255 0 0
P 99 76 255 0 0
P 100 76 255 0 0
P 101 76 255 0 0
P 102 76 255 0 0
P 103 76 255 0 0
P 104 76 255 0 0
P 105 76 255 0 0
P 41 77 255 0 0
P 42 77 255 0 0
P 43 77 255 0 0
P 44 77 255 0 0
P 45 77 255 0 0
P 46 77 255 0 0
P 47 77 255 0 0
P 48 77 255 0 0
P 49 77 255 0 0
P 50 77 255 0 0
P 51 77 255 0 0
P 52 77 255 0 0
P 53 77 255 0 0
P 54 77 255 0 0
P 55 77 255 0 0
P 56 77 255 0 0
P 57 77 255 0 0
P 58 77 255 0 0
P 59 77 255 0 0
P 60 77 255 0 0
P 61 77 255 0 0
P 62 77 255 0 0
P 63 77 255 0 0
P 64 77 255 0 0
P 65 77 255 0 0
P 66 77 255 0 0
P 67 77 255 0 0
P 68 77 255 0 0
P 69 77 255 0 0
P 70 77 255 0 0
P 71 77 255 0 0
P 72 77 255 0 0
P 73 77 255 0 0
P 74 77 255 0 0
P 75 77 255 0 0
P 76 77 255 0 0
P 77 77 255 0 0
P 78 77 255 0 0
P 79 77 255 0 0
P 80 77 255 0 0
P 81 77 255 0 0
P 82 77 255 0 0
P 83 77 255 0 0
P 84 77 255 0 0
P 85 77 255 0 0
P 86 77 255 0 0
P 87 77 255 0 0
P 88 77 255 0 0
P 89 77 255 0 0
P 90 77 255 0 0
P 91 77 255 0 0
P 92 77 255 0 0
P 93 77 255 0 0
P 94 77 255 0 0
P 95 77 255 0 0
P 96 77 255 0 0
P 97 77 255 0 0
P 98 77 255 0 0
P 99 77 255 0 0
P 100 77 255 0 0
P 101 77 255 0 0
P 102 77 255 0 0
P 103 77 255 0 0
P 104 77 255 0 0
P 105 77 255 0 0
P 41 78 255 0 0
P 42 78 255 0 0
P 43 78 255 0 0
P 44 78 255 0 0
P 45 78 255 0 0
P 46 78 255 0 0
P 47 78 255 0 0
P 48 78 255 0 0
P 49 78 255 0 0
P 50 78 255 0 0
P 51 78 255 0 0
P 52 78 255 0 0
P 53 78 255 0 0
P 54 78 255 0 0
P 55 78 255 0 0
P 56 78 255 0 0
P 57 78 255 0 0
P 58 78 255 0 0
P 59 78 255 0 0
P 60 78 255 0 0
P 61 78 255 0 0
P 62 78 255 0 0
P 63 78 255 0 0
P 64 78 255 0 0
P 65 78 255 0 0
P 66 78 255 0 0
P 67 78 255 0 0
P 68 78 255 0 0
P 69 78 255 0 0
P 70 78 255 0 0
P 71 78 255 0 0
P 72 78 255 0 0
P 73 78 255 0 0
P 74 78 255 0 0
P 75 78 255 0 0
P 76 78 255 0 0
P 77 78 255 0 0
P 78 78 255 0 0
P 79 78 255 0 0
P 80 78 255 0 0
P 81 78 255 0 0
P 82 78 255 0 0
P 83 78 255 0 0
P 84 78 255 0 0
P 85 78 255 0 0
P 86 78 255 0 0
P 87 78 255 0 0
P 88 78 255 0 0
P 89 78 255 0 0
P 90 78 255 0 0
P 91 78 255 0 0
P 92 78 255 0 0
P 93 78 255 0 0
P 94 78 255 0 0
P 95 78 255 0 0
P 96 78 255 0 0
P 97 78 255 0 0
P 98 78 255 0 0
P 99 78 255 0 0
P 100 78 255 0 0
P 101 78 255 0 0
P 102 78 255 0 0
P 103 78 255 0 0
P 104 78 255 0 0
P 41 79 255 0 0
P 42 79 255 0 0
P 43 79 255 0 0
P 44 79 255 0 0
P 45 79 255 0 0
P 46 79 255 0 0
P 47 79 255 0 0
P 48 79 255 0 0
P 49 79 255 0 0
P 50 79 255 0 0
P 51 79 255 0 0
P 52 79 255 0 0
P 53 79 255 0 0
P 54 79 255 0 0
P 55 79 255 0 0
P 56 79 255 0 0
P 57 79 255 0 0
P 58 79 255 0 0
P 59 79 255 0 0
P 60 79 255 0 0
P 61 79 255 0 0
P 62 79 255 0 0
P 63 79 255 0 0
P 64 79 255 0 0
P 65 79 255 0 0
P 66 79 255 0 0
P 67 79 255 0 0
P 68 79 255 0 0
P 69 79 255 0 0
P 70 79 255 0 0
P 71 79 255 0 0
P 72 79 255 0 0
P 73 79 255 0 0
P 74 79 255 0 0
P 75 79 255 0 0
P 76 79 255 0 0
P 77 79 255 0 0
P 78 79 255 0 0
P 79 79 255 0 0
P 80 79 255 0 0
P 81 79 255 0 0
P 82 79 255 0 0
P 83 79 255 0 0
P 84 79 255 0 0
P 85 79 255 0 0
P 86 79 255 0 0
P 87 79 255 0 0
P 88 79 255 0 0
P 89 79 255 0 0
P 90 79 255 0 0
P 91 79 255 0 0
P 92 79 255 0 0
P 93 79 255 0 0
P 94 79 255 0 0
P 95 79 255 0 0
P 96 79 255 0 0
P 97 79 255 0 0
P 98 79 255 0 0
P 99 79 255 0 0
P 100 79 255 0 0
P 101 79 255 0 0
P 102 79 255 0 0
P 103 79 255 0 0
P 104 79 255 0 0
P 41 80 255 0 0
P 42 80 255 0 0
P 43 80 255 0 0
P 44 80 255 0 0
P 45 80 255 0 0
P 46 80 255 0 0
P 47 80 255 0 0
P 48 80 255 0 0
P 49 80 255 0 0
P 50 80 255 0 0
P 51 80 255 0 0
P 52 80 255 0 0
P 53 80 255 0 0
P 54 80 255 0 0
P 55 80 255 0 0
P 56 80 255 0 0
P 57 80 255 0 0
P 58 80 255 0 0
P 59 80 255 0 0
P 60 80 255 0 0
P 61 80 255 0 0
P 62 80 255 0 0
P 63 80 255 0 0
P 64 80 255 0 0
P 65 80 255 0 0
P 66 80 255 0 0
P 67 80 255 0 0
P 68 80 255 0 0
P 69 80 255 0 0
P 70 80 255 0 0
P 71 80 255 0 0
P 72 80 255 0 0
P 73 80 255 0 0
P 74 80 255 0 0
P 75 80 255 0 0
P 76 80 255 0 0
P 77 80 255 0 0
P 78 80 255 0 0
P 79 80 255 0 0
P 80 80 255 0 0
P 81 80 255 0 0
P 82 80 255 0 0
P 83 80 255 0 0
P 84 80 255 0 0
P 85 80 255 0 0
P 86 80 255 0 0
P 87 80 255 0 0
P 88 80 255 0 0
P 89 80 255 0 0
P 90 80 255 0 0
P 91 80 255 0 0
P 92 80 255 0 0
P 93 80 255 0 0
P 94 80 255 0 0
P 95 80 255 0 0
P 96 80 255 0 0
P 97 80 255 0 0
P 98 80 255 0 0
P 99 80 255 0 0
P 100 80 255 0 0
P 101 80 255 0 0
P 102 80 255 0 0
P 103 80 255 0 0
P 41 81 255 0 0
P 42 81 255 0 0
P 43 81 255 0 0
P 44 81 255 0 0
P 45 81 255 0 0
P 46 81 255 0 0
P 47 81 255 0 0
P 48 81 255 0 0
P 49 81 255 0 0
P 50 81 255 0 0
P 51 81 255 0 0
P 52 81 255 0 0
P 53 81 255 0 0
P 54 81 255 0 0
P 55 81 255 0 0
P 56 81 255 0 0
P 57 81 255 0 0
P 58 81 255 0 0
P 59 81 255 0 0
P 60 81 255 0 0
P 61 81 255 0 0
P 62 81 255 0 0
P 63 81 255 0 0
P 64 81 255 0 0
P 65 81 255 0 0
P 66 81 255 0 0
P 67 81 255 0 0
P 68 81 255 0 0
P 69 81 255 0 0
P 70 81 255 0 0
P 71 81 255 0 0
P 72 81 255 0 0
P 73 81 255 0 0
P 74 81 255 0 0
P 75 81 255 0 0
P 76 81 255 0 0
P 77 81 255 0 0
P 78 81 255 0 0
P 79 81 255 0 0
P 80 81 255 0 0
P 81 81 255 0 0
P 82 81 255 0 0
P 83 81 255 0 0
P 84 81 255 0 0
P 85 81 255 0 0
P 86 81 255 0 0
P 87 81 255 0 0
P 88 81 255 0 0
P 89 81 255 0 0
P 90 81 255 0 0
P 91 81 255 0 0
P 92 81 255 0 0
P 93 81 255 0 0
P 94 81 255 0 0
P 95 81 255 0 0
P 96 81 255 0 0
P 97 81 255 0 0
P 98 81 255 0 0
P 99 81 255 0 0
P 100 81 255 0 0
P 101 81 255 0 0
P 102 81 255 0 0
P 41 82 255 0 0
P 42 82 255 0 0
P 43 82 255 0 0
P 44 82 255 0 0
P 45 82 255 0 0
P 46 82 255 0 0
P 47 82 255 0 0
P 48 82 255 0 0
P 49 82 255 0 0
P 50 82 255 0 0
P 51 82 255 0 0
P 52 82 255 0 0
P 53 82 255 0 0
P 54 82 255 0 0
P 55 82 255 0 0
P 56 82 255 0 0
P 57 82 255 0 0
P 58 82 255 0 0
P 59 82 255 0 0
P 60 82 255 0 0
P 61 82 255 0 0
P 62 82 255 0 0
P 63 82 255 0 0
P 64 82 255 0 0
P 65 82 255 0 0
P 66 82 255 0 0
P 67 82 255 0 0
P 68 82 255 0 0
P 69 82 255 0 0
P 70 82 255 0 0
P 71 82 255 0 0
P 72 82 255 0 0
P 73 82 255 0 0
P 74 82 255 0 0
P 75 82 255 0 0
P 76 82 255 0 0
P 77 82 255 0 0
P 78 82 255 0 0
P 79 82 255 0 0
P 80 82 255 0 0
P 81 82 255 0 0
P 82 82 255 0 0
P 83 82 255 0 0
P 84 82 255 0 0
P 85 82 255 0 0
P 86 82 255 0 0
P 87 82 255 0 0
P 88 82 255 0 0
P 89 82 255 0 0
P 90 82 255 0 0
P 91 82 255 0 0
P 92 82 255 0 0
P 93 82 255 0 0
P 94 82 255 0 0
P 95 82 255 0 0
P 96 82 255 0 0
P 97 82 255 0 0
P 98 82 255 0 0
P 99 82 255 0 0
P 100 82 255 0 0
P 101 82 255 0 0
P 102 82 255 0 0
P 42 83 255 0 0
P 43 83 255 0 0
P 44 83 255 0 0
P 45 83 255 0 0
P 46 83 255 0 0
P 47 83 255 0 0
P 48 83 255 0 0
P 49 83 255 0 0
P 50 83 255 0 0
P 51 83 255 0 0
P 52 83 255 0 0
P 53 83 255 0 0
P 54 83 255 0 0
P 55 83 255 0 0
P 56 83 255 0 0
P 57 83 255 0 0
P 58 83 255 0 0
P 59 83 255 0 0
P 60 83 255 0 0
P 61 83 255 0 0
P 62 83 255 0 0
P 63 83 255 0 0
P 64 83 255 0 0
P 65 83 255 0 0
P 66 83 255 0 0
P 67 83 255 0 0
P 68 83 255 0 0
P 69 83 255 0 0
P 70 83 255 0 0
P 71 83 255 0 0
P 72 83 255 0 0
P 73 83 255 0 0
P 74 83 255 0 0
P 75 83 255 0 0
P 76 83 255 0 0
P 77 83 255 0 0
P 78 83 255 0 0
P 79 83 255 0 0
P 80 83 255 0 0
P 81 83 255 0 0
P 82 83 255 0 0
P 83 83 255 0 0
P 84 83 255 0 0
P 85 83 255 0 0
P 86 83 255 0 0
P 87 83 255 0 0
P 88 83 255 0 0
P 89 83 255 0 0
P 90 83 255 0 0
P 91 83 255 0 0
P 92 83 255 0 0
P 93 83 255 0 0
P 94 83 255 0 0
P 95 83 255 0 0
P 96 83 255 0 0
P 97 83 255 0 0
P 98 83 255 0 0
P 99 83 255 0 0
P 100 83 255 0 0
P 101 83 255 0 0
P 42 84 255 0 0
P 43 84 255 0 0
P 44 84 255 0 0
P 45 84 255 0 0
P 46 84 255 0 0
P 47 84 255 0 0
P 48 84 255 0 0
P 49 84 255 0 0
P 50 84 255 0 0
P 51 84 255 0 0
P 52 84 255 0 0
P 53 84 255 0 0
P 54 84 255 0 0
P 55 84 255 0 0
P 56 84 255 0 0
P 57 84 255 0 0
P 58 84 255 0 0
P 59 84 255 0 0
P 60 84 255 0 0
P 61 84 255 0 0
P 62 84 255 0 0
P 63 84 255 0 0
P 64 84 255 0 0
P 65 84 255 0 0
P 66 84 255 0 0
P 67 84 255 0 0
P 68 84 255 0 0
P 69 84 255 0 0
P 70 84 255 0 0
P 71 84 255 0 0
P 72 84 255 0 0
P 73 84 255 0 0
P 74 84 255 0 0
P 75 84 255 0 0
P 76 84 255 0 0
P 77 84 255 0 0
P 78 84 255 0 0
P 79 84 255 0 0
P 80 84 255 0 0
P 81 84 255 0 0
P 82 84 255 0 0
P 83 84 255 0 0
P 84 84 255 0 0
P 85 84 255 0 0
P 86 84 255 0 0
P 87 84 255 0 0
P 88 84 255 0 0
P 89 84 255 0 0
P 90 84 255 0 0
P 91 84 255 0 0
P 92 84 255 0 0
P 93 84 255 0 0
P 94 84 255 0 0
P 95 84 255 0 0
P 96 84 255 0 0
P 97 84 255 0 0
P 98 84 255 0 0
P 99 84 255 0 0
P 100 84 255 0 0
P 101 84 255 0 0
P 42 85 255 0 0
P 43 85 255 0 0
P 44 85 255 0 0
P 45 85 255 0 0
P 46 85 255 0 0
P 47 85 255 0 0
P 48 85 255 0 0
P 49 85 255 0 0
P 50 85 255 0 0
P 51 85 255 0 0
P 52 85 255 0 0
P 53 85 255 0 0
P 54 85 255 0 0
P 55 85 255 0 0
P 56 85 255 0 0
P 57 85 255 0 0
P 58 85 255 0 0
P 59 85 255 0 0
P 60 85 255 0 0
P 61 85 255 0 0
P 62 85 255 0 0
P 63 85 255 0 0
P 64 85 255 0 0
P 65 85 255 0 0
P 66 85 255 0 0
P 67 85 255 0 0
P 68 85 255 0 0
P 69 85 255 0 0
P 70 85 255 0 0
P 71 85 255 0 0
P 72 85 255 0 0
P 73 85 255 0 0
P 74 85 255 0 0
P 75 85 255 0 0
P 76 85 255 0 0
P 77 85 255 0 0
P 78 85 255 0 0
P 79 85 255 0 0
P 80 85 255 0 0
P 81 85 255 0 0
P 82 85 255 0 0
P 83 85 255 0 0
P 84 85 255 0 0
P 85 85 255 0 0
P 86 85 255 0 0
P 87 85 255 0 0
P 88 85 255 0 0
P 89 85 255 0 0
P 90 85 255 0 0
P 91 85 255 0 0
P 92 85 255 0 0
P 93 85 255 0 0
P 94 85 255 0 0
P 95 85 255 0 0
P 96 85 255 0 0
P 97 85 255 0 0
P 98 85 255 0 0
P 99 85 255 0 0
P 100 85 255 0 0
P 42 86 255 0 0
P 43 86 255 0 0
P 44 86 255 0 0
P 45 86 255 0 0
P 46 86 255 0 0
P 47 86 255 0 0
P 48 86 255 0 0
P 49 86 255 0 0
P 50 86 255 0 0
P 51 86 255 0 0
P 52 86 255 0 0
P 53 86 255 0 0
P 54 86 255 0 0
P 55 86 255 0 0
P 56 86 255 0 0
P 57 86 255 0 0
P 58 86 255 0 0
P 59 86 255 0 0
P 60 86 255 0 0
P 61 86 255 0 0
P 62 86 255 0 0
P 63 86 255 0 0
P 64 86 255 0 0
P 65 86 255 0 0
P 66 86 255 0 0
P 67 86 255 0 0
P 68 86 255 0 0
P 69 86 255 0 0
P 70 86 255 0 0
P 71 86 255 0 0
P 72 86 255 0 0
P 73 86 255 0 0
P 74 86 255 0 0
P 75 86 255 0 0
P 76 86 255 0 0
P 77 86 255 0 0
P 78 86 255 0 0
P 79 86 255 0 0
P 80 86 255 0 0
P 81 86 255 0 0
P 82 86 255 0 0
P 83 86 255 0 0
P 84 86 255 0 0
P 85 86 255 0 0
P 86 86 255 0 0
P 87 86 255 0 0
P 88 86 255 0 0
P 89 86 255 0 0
P 90 86 255 0 0
P 91 86 255 0 0
P 92 86 255 0 0
P 93 86 255 0 0
P 94 86 255 0 0
P 95 86 255 0 0
P 96 86 255 0 0
P 97 86 255 0 0
P 98 86 255 0 0
P 99 86 255 0 0
P 100 86 255 0 0
P 42 87 255 0 0
P 43 87 255 0 0
P 44 87 255 0 0
P 45 87 255 0 0
P 46 87 255 0 0
P 47 87 255 0 0
P 48 87 255 0 0
P 49 87 255 0 0
P 50 87 255 0 0
P 51 87 255 0 0
P 52 87 255 0 0
P 53 87 255 0 0
P 54 87 255 0 0
P 55 87 255 0 0
P 56 87 255 0 0
P 57 87 255 0 0
P 58 87 255 0 0
P 59 87 255 0 0
P 60 87 255 0 0
P 61 87 255 0 0
P 62 87 255 0 0
P 63 87 255 0 0
P 64 87 255 0 0
P 65 87 255 0 0
P 66 87 255 0 0
P 67 87 255 0 0
P 68 87 255 0 0
P 69 87 255 0 0
P 70 87 255 0 0
P 71 87 255 0 0
P 72 87 255 0 0
P 73 87 255 0 0
P 74 87 255 0 0
P 75 87 255 0 0
P 76 87 255 0 0
P 77 87 255 0 0
P 78 87 255 0 0
P 79 87 255 0 0
P 80 87 255 0 0
P 81 87 255 0 0
P 82 87 255 0 0
P 83 87 255 0 0
P 84 87 255 0 0
P 85 87 255 0 0
P 86 87 255 0 0
P 87 87 255 0 0
P 88 87 255 0 0
P 89 87 255 0 0
P 90 87 255 0 0
P 91 87 255 0 0
P 92 87 255 0 0
P 93 87 255 0 0
P 94 87 255 0 0
P 95 87 255 0 0
P 96 87 255 0 0
P 97 87 255 0 0
P 98 87 255 0 0
P 99 87 255 0 0
P 42 88 255 0 0
P 43 88 255 0 0
P 44 88 255 0 0
P 45 88 255 0 0
P 46 88 255 0 0
P 47 88 255 0 0
P 48 88 255 0 0
P 49 88 255 0 0
P 50 88 255 0 0
P 51 88 255 0 0
P 52 88 255 0 0
P 53 88 255 0 0
P 54 88 255 0 0
P 55 88 255 0 0
P 56 88 255 0 0
P 57 88 255 0 0
P 58 88 255 0 0
P 59 88 255 0 0
P 60 88 255 0 0
P 61 88 255 0 0
P 62 88 255 0 0
P 63 88 255 0 0
P 64 88 255 0 0
P 65 88 255 0 0
P 66 88 255 0 0
P 67 88 255 0 0
P 68 88 255 0 0
P 69 88 255 0 0
P 70 88 255 0 0
P 71 88 255 0 0
P 72 88 255 0 0
P 73 88 255 0 0
P 74 88 255 0 0
P 75 88 255 0 0
P 76 88 255 0 0
P 77 88 255 0 0
P 78 88 255 0 0
P 79 88 255 0 0
P 80 88 255 0 0
P 81 88 255 0 0
P 82 88 255 0 0
P 83 88 255 0 0
P 84 88 255 0 0
P 85 88 255 0 0
P 86 88 255 0 0
P 87 88 255 0 0
P 88 88 255 0 0
P 89 88 255 0 0
P 90 88 255 0 0
P 91 88 255 0 0
P 92 88 255 0 0
P 93 88 255 0 0
P 94 88 255 0 0
P 95 88 255 0 0
P 96 88 255 0 0
P 97 88 255 0 0
P 98 88 255 0 0
P 42 89 255 0 0
P 43 89 255 0 0
P 44 89 255 0 0
P 45 89 255 0 0
P 46 89 255 0 0
P 47 89 255 0 0
P 48 89 255 0 0
P 49 89 255 0 0
P 50 89 255 0 0
P 51 89 255 0 0
P 52 89 255 0 0
P 53 89 255 0 0
P 54 89 255 0 0
P 55 89 255 0 0
P 56 89 255 0 0
P 57 89 255 0 0
P 58 89 255 0 0
P 59 89 255 0 0
P 60 89 255 0 0
P 61 89 255 0 0
P 62 89 255 0 0
P 63 89 255 0 0
P 64 89 255 0 0
P 65 89 255 0 0
P 66 89 255 0 0
P 67 89 255 0 0
P 68 89 255 0 0
P 69 89 255 0 0
P 70 89 255 0 0
P 71 89 255 0 0
P 72 89 255 0 0
P 73 89 255 0 0
P 74 89 255 0 0
P 75 89 255 0 0
P 76 89 255 0 0
P 77 89 255 0 0
P 78 89 255 0 0
P 79 89 255 0 0
P 80 89 255 0 0
P 81 89 255 0 0
P 82 89 255 0 0
P 83 89 255 0 0
P 84 89 255 0 0
P 85 89 255 0 0
P 86 89 255 0 0
P 87 89 255 0 0
P 88 89 255 0 0
P 89 89 255 0 0
P 90 89 255 0 0
P 91 89 255 0 0
P 92 89 255 0 0
P 93 89 255 0 0
P 94 89 255 0 0
P 95 89 255 0 0
P 96 89 255 0 0
P 97 89 255 0 0
P 98 89 255 0 0
P 42 90 255 0 0
P 43 90 255 0 0
P 44 90 255 0 0
P 45 90 255 0 0
P 46 90 255 0 0
P 47 90 255 0 0
P 48 90 255 0 0
P 49 90 255 0 0
P 50 90 255 0 0
P 51 90 255 0 0
P 52 90 255 0 0
P 53 90 255 0 0
P 54 90 255 0 0
P 55 90 255 0 0
P 56 90 255 0 0
P 57 90 255 0 0
P 58 90 255 0 0
P 59 90 255 0 0
P 60 90 255 0 0
P 61 90 255 0 0
P 62 90 255 0 0
P 63 90 255 0 0
P 64 90 255 0 0
P 65 90 255 0 0
P 66 90 255 0 0
P 67 90 255 0 0
P 68 90 255 0 0
P 69 90 255 0 0
P 70 90 255 0 0
P 71 90 255 0 0
P 72 90 255 0 0
P 73 90 255 0 0
P 74 90 255 0 0
P 75 90 255 0 0
P 76 90 255 0 0
P 77 90 255 0 0
P 78 90 255 0 0
P 79 90 255 0 0
P 80 90 255 0 0
P 81 90 255 0 0
P 82 90 255 0 0
P 83 90 255 0 0
P 84 90 255 0 0
P 85 90 255 0 0
P 86 90 255 0 0
P 87 90 255 0 0
P 88 90 255 0 0
P 89 90 255 0 0
P 90 90 255 0 0
P 91 90 255 0 0
P 92 90 255 0 0
P 93 90 255 0 0
P 94 90 255 0 0
P 95 90 255 0 0
P 96 90 255 0 0
P 97 90 255 0 0
P 42 91 255 0 0
P 43 91 255 0 0
P 44 91 255 0 0
P 45 91 255 0 0
P 46 91 255 0 0
P 47 91 255 0 0
P 48 91 255 0 0
P 49 91 255 0 0
P 50 91 255 0 0
P 51 91 255 0 0
P 52 91 255 0 0
P 53 91 255 0 0
P 54 91 255 0 0
P 55 91 255 0 0
P 56 91 255 0 0
P 57 91 255 0 0
P 58 91 255 0 0
P 59 91 255 0 0
P 60 91 255 0 0
P 61 91 255 0 0
P 62 91 255 0 0
P 63 91 255 0 0
P 64 91 255 0 0
P 65 91 255 0 0
P 66 91 255 0 0
P 67 91 255 0 0
P 68 91 255 0 0
P 69 91 255 0 0
P 70 91 255 0 0
P 71 91 255 0 0
P 72 91 255 0 0
P 73 91 255 0 0
P 74 91 255 0 0
P 75 91 255 0 0
P 76 91 255 0 0
P 77 91 255 0 0
P 78 91 255 0 0
P 79 91 255 0 0
P 80 91 255 0 0
P 81 91 255 0 0
P 82 91 255 0 0
P 83 91 255 0 0
P 84 91 255 0 0
P 85 91 255 0 0
P 86 91 255 0 0
P 87 91 255 0 0
P 88 91 255 0 0
P 89 91 255 0 0
P 90 91 255 0 0
P 91 91 255 0 0
P 92 91 255 0 0
P 93 91 255 0 0
P 94 91 255 0 0
P 95 91 255 0 0
P 96 91 255 0 0
P 97 91 255 0 0
P 42 92 255 0 0
P 43 92 255 0 0
P 44 92 255 0 0
P 45 92 255 0 0
P 46 92 255 0 0
P 47 92 255 0 0
P 48 92 255 0 0
P 49 92 255 0 0
P 50 92 255 0 0
P 51 92 255 0 0
P 52 92 255 0 0
P 53 92 255 0 0
P 54 92 255 0 0
P 55 92 255 0 0
P 56 92 255 0 0
P 57 92 255 0 0
P 58 92 255 0 0
P 59 92 255 0 0
P 60 92 255 0 0
P 61 92 255 0 0
P 62 92 255 0 0
P 63 92 255 0 0
P 64 92 255 0 0
P 65 92 255 0 0
P 66 92 255 0 0
P 67 92 255 0 0
P 68 92 255 0 0
P 69 92 255 0 0
P 70 92 255 0 0
P 71 92 255 0 0
P 72 92 255 0 0
P 73 92 255 0 0
P 74 92 255 0 0
P 75 92 255 0 0
P 76 92 255 0 0
P 77 92 255 0 0
P 78 92 255 0 0
P 79 92 255 0 0
P 80 92 255 0 0
P 81 92 255 0 0
P 82 92 255 0 0
P 83 92 255 0 0
P 84 92 255 0 0
P 85 92 255 0 0
P 86 92 255 0 0
P 87 92 255 0 0
P 88 92 255 0 0
P 89 92 255 0 0
P 90 92 255 0 0
P 91 92 255 0 0
P 92 92 255 0 0
P 93 92 255 0 0
P 94 92 255 0 0
P 95 92 255 0 0
P 96 92 255 0 0
P 42 93 255 0 0
P 43 93 255 0 0
P 44 93 255 0 0
P 45 93 255 0 0
P 46 93 255 0 0
P 47 93 255 0 0
P 48 93 255 0 0
P 49 93 255 0 0
P 50 93 255 0 0
P 51 93 255 0 0
P 52 93 255 0 0
P 53 93 255 0 0
P 54 93 255 0 0
P 55 93 255 0 0
P 56 93 255 0 0
P 57 93 255 0 0
P 58 93 255 0 0
P 59 93 255 0 0
P 60 93 255 0 0
P 61 93 255 0 0
P 62 93 255 0 0
P 63 93 255 0 0
P 64 93 255 0 0
P 65 93 255 0 0
P 66 93 255 0 0
P 67 93 255 0 0
P 68 93 255 0 0
P 69 93 255 0 0
P 70 93 255 0 0
P 71 93 255 0 0
P 72 93 255 0 0
P 73 93 255 0 0
P 74 93 255 0 0
P 75 93 255 0 0
P 76 93 255 0 0
P 77 93 255 0 0
P 78 93 255 0 0
P 79 93 255 0 0
P 80 93 255 0 0
P 81 93 255 0 0
P 82 93 255 0 0
P 83 93 255 0 0
P 84 93 255 0 0
P 85 93 255 0 0
P 86 93 255 0 0
P 87 93 255 0 0
P 88 93 255 0 0
P 89 93 255 0 0
P 90 93 255 0 0
P 91 93 255 0 0
P 92 93 255 0 0
P 93 93 255 0 0
P 94 93 255 0 0
P 95 93 255 0 0
P 96 93 255 0 0
P 42 94 255 0 0
P 43 94 255 0 0
P 44 94 255 0 0
P 45 94 255 0 0
P 46 94 255 0 0
P 47 94 255 0 0
P 48 94 255 0 0
P 49 94 255 0 0
P 50 94 255 0 0
P 51 94 255 0 0
P 52 94 255 0 0
P 53 94 255 0 0
P 54 94 255 0 0
P 55 94 255 0 0
P 56 94 255 0 0
P 57 94 255 0 0
P 58 94 255 0 0
P 59 94 255 0 0
P 60 94 255 0 0
P 61 94 255 0 0
P 62 94 255 0 0
P 63 94 255 0 0
P 64 94 255 0 0
P 65 94 255 0 0
P 66 94 255 0 0
P 67 94 255 0 0
P 68 94 255 0 0
P 69 94 255 0 0
P 70 94 255 0 0
P 71 94 255 0 0
P 72 94 255 0 0
P 73 94 255 0 0
P 74 94 255 0 0
P 75 94 255 0 0
P 76 94 255 0 0
P 77 94 255 0 0
P 78 94 255 0 0
P 79 94 255 0 0
P 80 94 255 0 0
P 81 94 255 0 0
P 82 94 255 0 0
P 83 94 255 0 0
P 84 94 255 0 0
P 85 94 255 0 0
P 86 94 255 0 0
P 87 94 255 0 0
P 88 94 255 0 0
P 89 94 255 0 0
P 90 94 255 0 0
P 91 94 255 0 0
P 92 94 255 0 0
P 93 94 255 0 0
P 94 94 255 0 0
P 95 94 255 0 0
P 42 95 255 0 0
P 43 95 255 0 0
P 44 95 255 0 0
P 45 95 255 0 0
P 46 95 255 0 0
P 47 95 255 0 0
P 48 95 255 0 0
P 49 95 255 0 0
P 50 95 255 0 0
P 51 95 255 0 0
P 52 95 255 0 0
P 53 95 255 0 0
P 54 95 255 0 0
P 55 95 255 0 0
P 56 95 255 0 0
P 57 95 255 0 0
P 58 95 255 0 0
P 59 95 255 0 0
P 60 95 255 0 0
P 61 95 255 0 0
P 62 95 255 0 0
P 63 95 255 0 0
P 64 95 255 0 0
P 65 95 255 0 0
P 66 95 255 0 0
P 67 95 255 0 0
P 68 95 255 0 0
P 69 95 255 0 0
P 70 95 255 0 0
P 71 95 255 0 0
P 72 95 255 0 0
P 73 95 255 0 0
P 74 95 255 0 0
P 75 95 255 0 0
P 76 95 255 0 0
P 77 95 255 0 0
P 78 95 255 0 0
P 79 95 255 0 0
P 80 95 255 0 0
P 81 95 255 0 0
P 82 95 255 0 0
P 83 95 255 0 0
P 84 95 255 0 0
P 85 95 255 0 0
P 86 95 255 0 0
P 87 95 255 0 0
P 88 95 255 0 0
P 89 95 255 0 0
P 90 95 255 0 0
P 91 95 255 0 0
P 92 95 255 0 0
P 93 95 255 0 0
P 94 95 255 0 0
P 95 95 255 0 0
P 42 96 255 0 0
P 43 96 255 0 0
P 44 96 255 0 0
P 45 96 255 0 0
P 46 96 255 0 0
P 47 96 255 0 0
P 48 96 255 0 0
P 49 96 255 0 0
P 50 96 255 0 0
P 51 96 255 0 0
P 52 96 255 0 0
P 53 96 255 0 0
P 54 96 255 0 0
P 55 96 255 0 0
P 56 96 255 0 0
P 57 96 255 0 0
P 58 96 255 0 0
P 59 96 255 0 0
P 60 96 255 0 0
P 61 96 255 0 0
P 62 96 255 0 0
P 63 96 255 0 0
P 64 96 255 0 0
P 65 96 255 0 0
P 66 96 255 0 0
P 67 96 255 0 0
P 68 96 255 0 0
P 69 96 255 0 0
P 70 96 255 0 0
P 71 96 255 0 0
P 72 96 255 0 0
P 73 96 255 0 0
P 74 96 255 0 0
P 75 96 255 0 0
P 76 96 255 0 0
P 77 96 255 0 0
P 78 96 255 0 0
P 79 96 255 0 0
P 80 96 255 0 0
P 81 96 255 0 0
P 82 96 255 0 0
P 83 96 255 0 0
P 84 96 255 0 0
P 85 96 255 0 0
P 86 96 255 0 0
P 87 96 255 0 0
P 88 96 255 0 0
P 89 96 255 0 0
P 90 96 255 0 0
P 91 96 255 0 0
P 92 96 255 0 0
P 93 96 255 0 0
P 94 96 255 0 0
P 42 97 255 0 0
P 43 97 255 0 0
P 44 97 255 0 0
P 45 97 255 0 0
P 46 97 255 0 0
P 47 97 255 0 0
P 48 97 255 0 0
P 49 97 255 0 0
P 50 97 255 0 0
P 51 97 255 0 0
P 52 97 255 0 0
P 53 97 255 0 0
P 54 97 255 0 0
P 55 97 255 0 0
P 56 97 255 0 0
P 57 97 255 0 0
P 58 97 255 0 0
P 59 97 255 0 0
P 60 97 255 0 0
P 61 97 255 0 0
P 62 97 255 0 0
P 63 97 255 0 0
P 64 97 255 0 0
P 65 97 255 0 0
P 66 97 255 0 0
P 67 97 255 0 0
P 68 97 255 0 0
P 69 97 255 0 0
P 70 97 255 0 0
P 71 97 255 0 0
P 72 97 255 0 0
P 73 97 255 0 0
P 74 97 255 0 0
P 75 97 255 0 0
P 76 97 255 0 0
P 77 97 255 0 0
P 78 97 255 0 0
P 79 97 255 0 0
P 80 97 255 0 0
P 81 97 255 0 0
P 82 97 255 0 0
P 83 97 255 0 0
P 84 97 255 0 0
P 85 97 255 0 0
P 86 97 255 0 0
P 87 97 255 0 0
P 88 97 255 0 0
P 89 97 255 0 0
P 90 97 255 0 0
P 91 97 255 0 0
P 92 97 255 0 0
P 93 97 255 0 0
P 43 98 255 0 0
P 44 98 255 0 0
P 45 98 255 0 0
P 46 98 255 0 0
P 47 98 255 0 0
P 48 98 255 0 0
P 49 98 255 0 0
P 50 98 255 0 0
P 51 98 255 0 0
P 52 98 255 0 0
P 53 98 255 0 0
P 54 98 255 0 0
P 55 98 255 0 0
P 56 98 255 0 0
P 57 98 255 0 0
P 58 98 255 0 0
P 59 98 255 0 0
P 60 98 255 0 0
P 61 98 255 0 0
P 62 98 255 0 0
P 63 98 255 0 0
P 64 98 255 0 0
P 65 98 255 0 0
P 66 98 255 0 0
P 67 98 255 0 0
P 68 98 255 0 0
P 69 98 255 0 0
P 70 98 255 0 0
P 71 98 255 0 0
P 72 98 255 0 0
P 73 98 255 0 0
P 74 98 255 0 0
P 75 98 255 0 0
P 76 98 255 0 0
P 77 98 255 0 0
P 78 98 255 0 0
P 79 98 255 0 0
P 80 98 255 0 0
P 81 98 255 0 0
P 82 98 255 0 0
P 83 98 255 0 0
P 84 98 255 0 0
P 85 98 255 0 0
P 86 98 255 0 0
P 87 98 255 0 0
P 88 98 255 0 0
P 89 98 255 0 0
P 90 98 255 0 0
P 91 98 255 0 0
P 92 98 255 0 0
P 93 98 255 0 0
P 43 99 255 0 0
P 44 99 255 0 0
P 45 99 255 0 0
P 46 99 255 0 0
P 47 99 255 0 0
P 48 99 255 0 0
P 49 99 255 0 0
P 50 99 255 0 0
P 51 99 255 0 0
P 52 99 255 0 0
P 53 99 255 0 0
P 54 99 255 0 0
P 55 99 255 0 0
P 56 99 255 0 0
P 57 99 255 0 0
P 58 99 255 0 0
P 59 99 255 0 0
P 60 99 255 0 0
P 61 99 255 0 0
P 62 99 255 0 0
P 63 99 255 0 0
P 64 99 255 0 0
P 65 99 255 0 0
P 66 99 255 0 0
P 67 99 255 0 0
P 68 99 255 0 0
P 69 99 255 0 0
P 70 99 255 0 0
P 71 99 255 0 0
P 72 99 255 0 0
P 73 99 255 0 0
P 74 99 255 0 0
P 75 99 255 0 0
P 76 99 255 0 0
P 77 99 255 0 0
P 78 99 255 0 0
P 79 99 255 0 0
P 80 99 255 0 0
P 81 99 255 0 0
P 82 99 255 0 0
P 83 99 255 0 0
P 84 99 255 0 0
P 85 99 255 0 0
P 86 99 255 0 0
P 87 99 255 0 0
P 88 99 255 0 0
P 89 99 255 0 0
P 90 99 255 0 0
P 91 99 255 0 0
P 92 99 255 0 0
P 43 100 255 0 0
P 44 100 255 0 0
P 45 100 255 0 0
P 46 100 255 0 0
P 47 100 255 0 0
P 48 100 255 0 0
P 49 100 255 0 0
P 50 100 255 0 0
P 51 100 255 0 0
P 52 100 255 0 0
P 53 100 255 0 0
P 54 100 255 0 0
P 55 100 255 0 0
P 56 100 255 0 0
P 57 100 255 0 0
P 58 100 255 0 0
P 59 100 255 0 0
P 60 100 255 0 0
P 61 100 255 0 0
P 62 100 255 0 0
P 63 100 255 0 0
P 64 100 255 0 0
P 65 100 255 0 0
P 66 100 255 0 0
P 67 100 255 0 0
P 68 100 255 0 0
P 69 100 255 0 0
P 70 100 255 0 0
P 71 100 255 0 0
P 72 100 255 0 0
P 73 100 255 0 0
P 74 100 255 0 0
P 75 100 255 0 0
P 76 100 255 0 0
P 77 100 255 0 0
P 78 100 255 0 0
P 79 100 255 0 0
P 80 100 255 0 0
P 81 100 255 0 0
P 82 100 255 0 0
P 83 100 255 0 0
P 84 100 255 0 0
P 85 100 255 0 0
P 86 100 255 0 0
P 87 100 255 0 0
P 88 100 255 0 0
P 89 100 255 0 0
P 90 100 255 0 0
P 91 100 255 0 0
P 92 100 255 0 0
P 43 101 255 0 0
P 44 101 255 0 0
P 45 101 255 0 0
P 46 101 255 0 0
P 47 101 255 0 0
P 48 101 255 0 0
P 49 101 255 0 0
P 50 101 255 0 0
P 51 101 255 0 0
P 52 101 255 0 0
P 53 101 255 0 0
P 54 101 255 0 0
P 55 101 255 0 0
P 56 101 255 0 0
P 57 101 255 0 0
P 58 101 255 0 0
P 59 101 255 0 0
P 60 101 255 0 0
P 61 101 255 0 0
P 62 101 255 0 0
P 63 101 255 0 0
P 64 101 255 0 0
P 65 101 255 0 0
P 66 101 255 0 0
P 67 101 255 0 0
P 68 101 255 0 0
P 69 101 255 0 0
P 70 101 255 0 0
P 71 101 255 0 0
P 72 101 255 0 0
P 73 101 255 0 0
P 74 101 255 0 0
P 75 101 255 0 0
P 76 101 255 0 0
P 77 101 255 0 0
P 78 101 255 0 0
P 79 101 255 0 0
P 80 101 255 0 0
P 81 101 255 0 0
P 82 101 255 0 0
P 83 101 255 0 0
P 84 101 255 0 0
P 85 101 255 0 0
P 86 101 255 0 0
P 87 101 255 0 0
P 88 101 255 0 0
P 89 101 255 0 0
P 90 101 255 0 0
P 91 101 255 0 0
P 43 102 255 0 0
P 44 102 255 0 0
P 45 102 255 0 0
P 46 102 255 0 0
P 47 102 255 0 0
P 48 102 255 0 0
P 49 102 255 0 0
P 50 102 255 0 0
P 51 102 255 0 0
P 52 102 255 0 0
P 53 102 255 0 0
P 54 102 255 0 0
P 55 102 255 0 0
P 56 102 255 0 0
P 57 102 255 0 0
P 58 102 255 0 0
P 59 102 255 0 0
P 60 102 255 0 0
P 61 102 255 0 0
P 62 102 255 0 0
P 63 102 255 0 0
P 64 102 255 0 0
P 65 102 255 0 0
P 66 102 255 0 0
P 67 102 255 0 0
P 68 102 255 0 0
P 69 102 255 0 0
P 70 102 255 0 0
P 71 102 255 0 0
P 72 102 255 0 0
P 73 102 255 0 0
P 74 102 255 0 0
P 75 102 255 0 0
P 76 102 255 0 0
P 77 102 255 0 0
P 78 102 255 0 0
P 79 102 255 0 0
P 80 102 255 0 0
P 81 102 255 0 0
P 82 102 255 0 0
P 83 102 255 0 0
P 84 102 255 0 0
P 85 102 255 0 0
P 86 102 255 0 0
P 87 102 255 0 0
P 88 102 255 0 0
P 89 102 255 0 0
P 90 102 255 0 0
P 91 102 255 0 0
P 43 103 255 0 0
P 44 103 255 0 0
P 45 103 255 0 0
P 46 103 255 0 0
P 47 103 255 0 0
P 48 103 255 0 0
P 49 103 255 0 0
P 50 103 255 0 0
P 51 103 255 0 0
P 52 103 255 0 0
P 53 103 255 0 0
P 54 103 255 0 0
P 55 103 255 0 0
P 56 103 255 0 0
P 57 103 255 0 0
P 58 103 255 0 0
P 59 103 255 0 0
P 60 103 255 0 0
P 61 103 255 0 0
P 62 103 255 0 0
P 63 103 255 0 0
P 64 103 255 0 0
P 65 103 255 0 0
P 66 103 255 0 0
P 67 103 255 0 0
P 68 103 255 0 0
P 69 103 255 0 0
P 70 103 255 0 0
P 71 103 255 0 0
P 72 103 255 0 0
P 73 103 255 0 0
P 74 103 255 0 0
P 75 103 255 0 0
P 76 103 255 0 0
P 77 103 255 0 0
P 78 103 255 0 0
P 79 103 255 0 0
P 80 103 255 0 0
P 81 103 255 0 0
P 82 103 255 0 0
P 83 103 255 0 0
P 84 103 255 0 0
P 85 103 255 0 0
P 86 103 255 0 0
P 87 103 255 0 0
P 88 103 255 0 0
P 89 103 255 0 0
P 90 103 255 0 0
P 43 104 255 0 0
P 44 104 255 0 0
P 45 104 255 0 0
P 46 104 255 0 0
P 47 104 255 0 0
P 48 104 255 0 0
P 49 104 255 0 0
P 50 104 255 0 0
P 51 104 255 0 0
P 52 104 255 0 0
P 53 104 255 0 0
P 54 104 255 0 0
P 55 104 255 0 0
P 56 104 255 0 0
P 57 104 255 0 0
P 58 104 255 0 0
P 59 104 255 0 0
P 60 104 255 0 0
P 61 104 255 0 0
P 62 104 255 0 0
P 63 104 255 0 0
P 64 104 255 0 0
P 65 104 255 0 0
P 66 104 255 0 0
P 67 104 255 0 0
P 68 104 255 0 0
P 69 104 255 0 0
P 70 104 255 0 0
P 71 104 255 0 0
P 72 104 255 0 0
P 73 104 255 0 0
P 74 104 255 0 0
P 75 104 255 0 0
P 76 104 255 0 0
P 77 104 255 0 0
P 78 104 255 0 0
P 79 104 255 0 0
P 80 104 255 0 0
P 81 104 255 0 0
P 82 104 255 0 0
P 83 104 255 0 0
P 84 104 255 0 0
P 85 104 255 0 0
P 86 104 255 0 0
P 87 104 255 0 0
P 88 104 255 0 0
P 89 104 255 0 0
P 43 105 255 0 0
P 44 105 255 0 0
P 45 105 255 0 0
P 46 105 255 0 0
P 47 105 255 0 0
P 48 105 255 0 0
P 49 105 255 0 0
P 50 105 255 0 0
P 51 105 255 0 0
P 52 105 255 0 0
P 53 105 255 0 0
P 54 105 255 0 0
P 55 105 255 0 0
P 56 105 255 0 0
P 57 105 255 0 0
P 58 105 255 0 0
P 59 105 255 0 0
P 60 105 255 0 0
P 61 105 255 0 0
P 62 105 255 0 0
P 63 105 255 0 0
P 64 105 255 0 0
P 65 105 255 0 0
P 66 105 255 0 0
P 67 105 255 0 0
P 68 105 255 0 0
P 69 105 255 0 0
P 70 105 255 0 0
P 71 105 255 0 0
P 72 105 255 0 0
P 73 105 255 0 0
P 74 105 255 0 0
P 75 105 255 0 0
P 76 105 255 0 0
P 77 105 255 0 0
P 78 105 255 0 0
P 79 105 255 0 0
P 80 105 255 0 0
P 81 105 255 0 0
P 82 105 255 0 0
P 83 105 255 0 0
P 84 105 255 0 0
P 85 105 255 0 0
P 86 105 255 0 0
P 87 105 255 0 0
P 88 105 255 0 0
P 89 105 255 0 0
P 43 106 255 0 0
P 44 106 255 0 0
P 45 106 255 0 0
P 46 106 255 0 0
P 47 106 255 0 0
P 48 106 255 0 0
P 49 106 255 0 0
P 50 106 255 0 0
P 51 106 255 0 0
P 52 106 255 0 0
P 53 106 255 0 0
P 54 106 255 0 0
P 55 106 255 0 0
P 56 106 255 0 0
P 57 106 255 0 0
P 58 106 255 0 0
P 59 106 255 0 0
P 60 106 255 0 0
P 61 106 255 0 0
P 62 106 255 0 0
P 63 106 255 0 0
P 64 106 255 0 0
P 65 106 255 0 0
P 66 106 255 0 0
P 67 106 255 0 0
P 68 106 255 0 0
P 69 106 255 0 0
P 70 106 255 0 0
P 71 106 255 0 0
P 72 106 255 0 0
P 73 106 255 0 0
P 74 106 255 0 0
P 75 106 255 0 0
P 76 106 255 0 0
P 77 106 255 0 0
P 78 106 255 0 0
P 79 106 255 0 0
P 80 106 255 0 0
P 81 106 255 0 0
P 82 106 255 0 0
P 83 106 255 0 0
P 84 106 255 0 0
P 85 106 255 0 0
P 86 106 255 0 0
P 87 106 255 0 0
P 88 106 255 0 0
P 43 107 255 0 0
P 44 107 255 0 0
P 45 107 255 0 0
P 46 107 255 0 0
P 47 107 255 0 0
P 48 107 255 0 0
P 49 107 255 0 0
P 50 107 255 0 0
P 51 107 255 0 0
P 52 107 255 0 0
P 53 107 255 0 0
P 54 107 255 0 0
P 55 107 255 0 0
P 56 107 255 0 0
P 57 107 255 0 0
P 58 107 255 0 0
P 59 107 255 0 0
P 60 107 255 0 0
P 61 107 255 0 0
P 62 107 255 0 0
P 63 107 255 0 0
P 64 107 255 0 0
P 65 107 255 0 0
P 66 107 255 0 0
P 67 107 255 0 0
P 68 107 255 0 0
P 69 107 255 0 0
P 70 107 255 0 0
P 71 107 255 0 0
P 72 107 255 0 0
P 73 107 255 0 0
P 74 107 255 0 0
P 75 107 255 0 0
P 76 107 255 0 0
P 77 107 255 0 0
P 78 107 255 0 0
P 79 107 255 0 0
P 80 107 255 0 0
P 81 107 255 0 0
P 82 107 255 0 0
P 83 107 255 0 0
P 84 107 255 0 0
P 85 107 255 0 0
P 86 107 255 0 0
P 87 107 255 0 0
P 88 107 255 0 0
P 43 108 255 0 0
P 44 108 255 0 0
P 45 108 255 0 0
P 46 108 255 0 0
P 47 108 255 0 0
P 48 108 255 0 0
P 49 108 255 0 0
P 50 108 255 0 0
P 51 108 255 0 0
P 52 108 255 0 0
P 53 108 255 0 0
P 54 108 255 0 0
P 55 108 255 0 0
P 56 108 255 0 0
P 57 108 255 0 0
P 58 108 255 0 0
P 59 108 255 0 0
P 60 108 255 0 0
P 61 108 255 0 0
P 62 108 255 0 0
P 63 108 255 0 0
P 64 108 255 0 0
P 65 108 255 0 0
P 66 108 255 0 0
P 67 108 255 0 0
P 68 108 255 0 0
P 69 108 255 0 0
P 70 108 255 0 0
P 71 108 255 0 0
P 72 108 255 0 0
P 73 108 255 0 0
P 74 108 255 0 0
P 75 108 255 0 0
P 76 108 255 0 0
P 77 108 255 0 0
P 78 108 255 0 0
P 79 108 255 0 0
P 80 108 255 0 0
P 81 108 255 0 0
P 82 108 255 0 0
P 83 108 255 0 0
P 84 108 255 0 0
P 85 108 255 0 0
P 86 108 255 0 0
P 87 108 255 0 0
P 43 109 255 0 0
P 44 109 255 0 0
P 45 109 255 0 0
P 46 109 255 0 0
P 47 109 255 0 0
P 48 109 255 0 0
P 49 109 255 0 0
P 50 109 255 0 0
P 51 109 255 0 0
P 52 109 255 0 0
P 53 109 255 0 0
P 54 109 255 0 0
P 55 109 255 0 0
P 56 109 255 0 0
P 57 109 255 0 0
P 58 109 255 0 0
P 59 109 255 0 0
P 60 109 255 0 0
P 61 109 255 0 0
P 62 109 255 0 0
P 63 109 255 0 0
P 64 109 255 0 0
P 65 109 255 0 0
P 66 109 255 0 0
P 67 109 255 0 0
P 68 109 255 0 0
P 69 109 255 0 0
P 70 109 255 0 0
P 71 109 255 0 0
P 72 109 255 0 0
P 73 109 255 0 0
P 74 109 255 0 0
P 75 109 255 0 0
P 76 109 255 0 0
P 77 109 255 0 0
P 78 109 255 0 0
P 79 109 255 0 0
P 80 109 255 0 0
P 81 109 255 0 0
P 82 109 255 0 0
P 83 109 255 0 0
P 84 109 255 0 0
P 85 109 255 0 0
P 86 109 255 0 0
P 87 109 255 0 0
P 43 110 255 0 0
P 44 110 255 0 0
P 45 110 255 0 0
P 46 110 255 0 0
P 47 110 255 0 0
P 48 110 255 0 0
P 49 110 255 0 0
P 50 110 255 0 0
P 51 110 255 0 0
P 52 110 255 0 0
P 53 110 255 0 0
P 54 110 255 0 0
P 55 110 255 0 0
P 56 110 255 0 0
P 57 110 255 0 0
P 58 110 255 0 0
P 59 110 255 0 0
P 60 110 255 0 0
P 61 110 255 0 0
P 62 110 255 0 0
P 63 110 255 0 0
P 64 110 255 0 0
P 65 110 255 0 0
P 66 110 255 0 0
P 67 110 255 0 0
P 68 110 255 0 0
P 69 110 255 0 0
P 70 110 255 0 0
P 71 110 255 0 0
P 72 110 255 0 0
P 73 110 255 0 0
P 74 110 255 0 0
P 75 110 255 0 0
P 76 110 255 0 0
P 77 110 255 0 0
P 78 110 255 0 0
P 79 110 255 0 0
P 80 110 255 0 0
P 81 110 255 0 0
P 82 110 255 0 0
P 83 110 255 0 0
P 84 110 255 0 0
P 85 110 255 0 0
P 86 110 255 0 0
P 43 111 255 0 0
P 44 111 255 0 0
P 45 111 255 0 0
P 46 111 255 0 0
P 47 111 255 0 0
P 48 111 255 0 0
P 49 111 255 0 0
P 50 111 255 0 0
P 51 111 255 0 0
P 52 111 255 0 0
P 53 111 255 0 0
P 54 111 255 0 0
P 55 111 255 0 0
P 56 111 255 0 0
P 57 111 255 0 0
P 58 111 255 0 0
P 59 111 255 0 0
P 60 111 255 0 0
P 61 111 255 0 0
P 62 111 255 0 0
P 63 111 255 0 0
P 64 111 255 0 0
P 65 111 255 0 0
P 66 111 255 0 0
P 67 111 255 0 0
P 68 111 255 0 0
P 69 111 255 0 0
P 70 111 255 0 0
P 71 111 255 0 0
P 72 111 255 0 0
P 73 111 255 0 0
P 74 111 255 0 0
P 75 111 255 0 0
P 76 111 255 0 0
P 77 111 255 0 0
P 78 111 255 0 0
P 79 111 255 0 0
P 80 111 255 0 0
P 81 111 255 0 0
P 82 111 255 0 0
P 83 111 255 0 0
P 84 111 255 0 0
P 85 111 255 0 0
P 86 111 255 0 0
P 43 112 255 0 0
P 44 112 255 0 0
P 45 112 255 0 0
P 46 112 255 0 0
P 47 112 255 0 0
P 48 112 255 0 0
P 49 112 255 0 0
P 50 112 255 0 0
P 51 112 255 0 0
P 52 112 255 0 0
P 53 112 255 0 0
P 54 112 255 0 0
P 55 112 255 0 0
P 56 112 255 0 0
P 57 112 255 0 0
P 58 112 255 0 0
P 59 112 255 0 0
P 60 112 255 0 0
P 61 112 255 0 0
P 62 112 255 0 0
P 63 112 255 0 0
P 64 112 255 0 0
P 65 112 255 0 0
P 66 112 255 0 0
P 67 112 255 0 0
P 68 112 255 0 0
P 69 112 255 0 0
P 70 112 255 0 0
P 71 112 255 0 0
P 72 112 255 0 0
P 73 112 255 0 0
P 74 112 255 0 0
P 75 112 255 0 0
P 76 112 255 0 0
P 77 112 255 0 0
P 78 112 255 0 0
P 79 112 255 0 0
P 80 112 255 0 0
P 81 112 255 0 0
P 82 112 255 0 0
P 83 112 255 0 0
P 84 112 255 0 0
P 85 112 255 0 0
P 44 113 255 0 0
P 45 113 255 0 0
P 46 113 255 0 0
P 47 113 255 0 0
P 48 113 255 0 0
P 49 113 255 0 0
P 50 113 255 0 0
P 51 113 255 0 0
P 52 113 255 0 0
P 53 113 255 0 0
P 54 113 255 0 0
P 55 113 255 0 0
P 56 113 255 0 0
P 57 113 255 0 0
P 58 113 255 0 0
P 59 113 255 0 0
P 60 113 255 0 0
P 61 113 255 0 0
P 62 113 255 0 0
P 63 113 255 0 0
P 64 113 255 0 0
P 65 113 255 0 0
P 66 113 255 0 0
P 67 113 255 0 0
P 68 113 255 0 0
P 69 113 255 0 0
P 70 113 255 0 0
P 71 113 255 0 0
P 72 113 255 0 0
P 73 113 255 0 0
P 74 113 255 0 0
P 75 113 255 0 0
P 76 113 255 0 0
P 77 113 255 0 0
P 78 113 255 0 0
P 79 113 255 0 0
P 80 113 255 0 0
P 81 113 255 0 0
P 82 113 255 0 0
P 83 113 255 0 0
P 84 113 255 0 0
P 44 114 255 0 0
P 45 114 255 0 0
P 46 114 255 0 0
P 47 114 255 0 0
P 48 114 255 0 0
P 49 114 255 0 0
P 50 114 255 0 0
P 51 114 255 0 0
P 52 114 255 0 0
P 53 114 255 0 0
P 54 114 255 0 0
P 55 114 255 0 0
P 56 114 255 0 0
P 57 114 255 0 0
P 58 114 255 0 0
P 59 114 255 0 0
P 60 114 255 0 0
P 61 114 255 0 0
P 62 114 255 0 0
P 63 114 255 0 0
P 64 114 255 0 0
P 65 114 255 0 0
P 66 114 255 0 0
P 67 114 255 0 0
P 68 114 255 0 0
P 69 114 255 0 0
P 70 114 255 0 0
P 71 114 255 0 0
P 72 114 255 0 0
P 73 114 255 0 0
P 74 114 255 0 0
P 75 114 255 0 0
P 76 114 255 0 0
P 77 114 255 0 0
P 78 114 255 0 0
P 79 114 255 0 0
P 80 114 255 0 0
P 81 114 255 0 0
P 82 114 255 0 0
P 83 114 255 0 0
P 84 114 255 0 0
P 44 115 255 0 0
P 45 115 255 0 0
P 46 115 255 0 0
P 47 115 255 0 0
P 48 115 255 0 0
P 49 115 255 0 0
P 50 115 255 0 0
P 51 115 255 0 0
P 52 115 255 0 0
P 53 115 255 0 0
P 54 115 255 0 0
P 55 115 255 0 0
P 56 115 255 0 0
P 57 115 255 0 0
P 58 115 255 0 0
P 59 115 255 0 0
P 60 115 255 0 0
P 61 115 255 0 0
P 62 115 255 0 0
P 63 115 255 0 0
P 64 115 255 0 0
P 65 115 255 0 0
P 66 115 255 0 0
P 67 115 255 0 0
P 68 115 255 0 0
P 69 115 255 0 0
P 70 115 255 0 0
P 71 115 255 0 0
P 72 115 255 0 0
P 73 115 255 0 0
P 74 115 255 0 0
P 75 115 255 0 0
P 76 115 255 0 0
P 77 115 255 0 0
P 78 115 255 0 0
P 79 115 255 0 0
P 80 115 255 0 0
P 81 115 255 0 0
P 82 115 255 0 0
P 83 115 255 0 0
P 44 116 255 0 0
P 45 116 255 0 0
P 46 116 255 0 0
P 47 116 255 0 0
P 48 116 255 0 0
P 49 116 255 0 0
P 50 116 255 0 0
P 51 116 255 0 0
P 52 116 255 0 0
P 53 116 255 0 0
P 54 116 255 0 0
P 55 116 255 0 0
P 56 116 255 0 0
P 57 116 255 0 0
P 58 116 255 0 0
P 59 116 255 0 0
P 60 116 255 0 0
P 61 116 255 0 0
P 62 116 255 0 0
P 63 116 255 0 0
P 64 116 255 0 0
P 65 116 255 0 0
P 66 116 255 0 0
P 67 116 255 0 0
P 68 116 255 0 0
P 69 116 255 0 0
P 70 116 255 0 0
P 71 116 255 0 0
P 72 116 255 0 0
P 73 116 255 0 0
P 74 116 255 0 0
P 75 116 255 0 0
P 76 116 255 0 0
P 77 116 255 0 0
P 78 116 255 0 0
P 79 116 255 0 0
P 80 116 255 0 0
P 81 116 255 0 0
P 82 116 255 0 0
P 83 116 255 0 0
P 44 117 255 0 0
P 45 117 255 0 0
P 46 117 255 0 0
P 47 117 255 0 0
P 48 117 255 0 0
P 49 117 255 0 0
P 50 117 255 0 0
P 51 117 255 0 0
P 52 117 255 0 0
P 53 117 255 0 0
P 54 117 255 0 0
P 55 117 255 0 0
P 56 117 255 0 0
P 57 117 255 0 0
P 58 117 255 0 0
P 59 117 255 0 0
P 60 117 255 0 0
P 61 117 255 0 0
P 62 117 255 0 0
P 63 117 255 0 0
P 64 117 255 0 0
P 65 117 255 0 0
P 66 117 255 0 0
P 67 117 255 0 0
P 68 117 255 0 0
P 69 117 255 0 0
P 70 117 255 0 0
P 71 117 255 0 0
P 72 117 255 0 0
P 73 117 255 0 0
P 74 117 255 0 0
P 75 117 255 0 0
P 76 117 255 0 0
P 77 117 255 0 0
P 78 117 255 0 0
P 79 117 255 0 0
P 80 117 255 0 0
P 81 117 255 0 0
P 82 117 255 0 0
P 44 118 255 0 0
P 45 118 255 0 0
P 46 118 255 0 0
P 47 118 255 0 0
P 48 118 255 0 0
P 49 118 255 0 0
P 50 118 255 0 0
P 51 118 255 0 0
P 52 118 255 0 0
P 53 118 255 0 0
P 54 118 255 0 0
P 55 118 255 0 0
P 56 118 255 0 0
P 57 118 255 0 0
P 58 118 255 0 0
P 59 118 255 0 0
P 60 118 255 0 0
P 61 118 255 0 0
P 62 118 255 0 0
P 63 118 255 0 0
P 64 118 255 0 0
P 65 118 255 0 0
P 66 118 255 0 0
P 67 118 255 0 0
P 68 118 255 0 0
P 69 118 255 0 0
P 70 118 255 0 0
P 71 118 255 0 0
P 72 118 255 0 0
P 73 118 255 0 0
P 74 118 255 0 0
P 75 118 255 0 0
P 76 118 255 0 0
P 77 118 255 0 0
P 78 118 255 0 0
P 79 118 255 0 0
P 80 118 255 0 0
P 81 118 255 0 0
P 82 118 255 0 0
P 44 119 255 0 0
P 45 119 255 0 0
P 46 119 255 0 0
P 47 119 255 0 0
P 48 119 255 0 0
P 49 119 255 0 0
P 50 119 255 0 0
P 51 119 255 0 0
P 52 119 255 0 0
P 53 119 255 0 0
P 54 119 255 0 0
P 55 119 255 0 0
P 56 119 255 0 0
P 57 119 255 0 0
P 58 119 255 0 0
P 59 119 255 0 0
P 60 119 255 0 0
P 61 119 255 0 0
P 62 119 255 0 0
P 63 119 255 0 0
P 64 119 255 0 0
P 65 119 255 0 0
P 66 119 255 0 0
P 67 119 255 0 0
P 68 119 255 0 0
P 69 119 255 0 0
P 70 119 255 0 0
P 71 119 255 0 0
P 72 119 255 0 0
P 73 119 255 0 0
P 74 119 255 0 0
P 75 119 255 0 0
P 76 119 255 0 0
P 77 119 255 0 0
P 78 119 255 0 0
P 79 119 255 0 0
P 80 119 255 0 0
P 81 119 255 0 0
P 44 120 255 0 0
P 45 120 255 0 0
P 46 120 255 0 0
P 47 120 255 0 0
P 48 120 255 0 0
P 49 120 255 0 0
P 50 120 255 0 0
P 51 120 255 0 0
P 52 120 255 0 0
P 53 120 255 0 0
P 54 120 255 0 0
P 55 120 255 0 0
P 56 120 255 0 0
P 57 120 255 0 0
P 58 120 255 0 0
P 59 120 255 0 0
P 60 120 255 0 0
P 61 120 255 0 0
P 62 120 255 0 0
P 63 120 255 0 0
P 64 120 255 0 0
P 65 120 255 0 0
P 66 120 255 0 0
P 67 120 255 0 0
P 68 120 255 0 0
P 69 120 255 0 0
P 70 120 255 0 0
P 71 120 255 0 0
P 72 120 255 0 0
P 73 120 255 0 0
P 74 120 255 0 0
P 75 120 255 0 0
P 76 120 255 0 0
P 77 120 255 0 0
P 78 120 255 0 0
P 79 120 255 0 0
P 80 120 255 0 0
P 44 121 255 0 0
P 45 121 255 0 0
P 46 121 255 0 0
P 47 121 255 0 0
P 48 121 255 0 0
P 49 121 255 0 0
P 50 121 255 0 0
P 51 121 255 0 0
P 52 121 255 0 0
P 53 121 255 0 0
P 54 121 255 0 0
P 55 121 255 0 0
P 56 121 255 0 0
P 57 121 255 0 0
P 58 121 255 0 0
P 59 121 255 0 0
P 60 121 255 0 0
P 61 121 255 0 0
P 62 121 255 0 0
P 63 121 255 0 0
P 64 121 255 0 0
P 65 121 255 0 0
P 66 121 255 0 0
P 67 121 255 0 0
P 68 121 255 0 0
P 69 121 255 0 0
P 70 121 255 0 0
P 71 121 255 0 0
P 72 121 255 0 0
P 73 121 255 0 0
P 74 121 255 0 0
P 75 121 255 0 0
P 76 121 255 0 0
P 77 121 255 0 0
P 78 121 255 0 0
P 79 121 255 0 0
P 80 121 255 0 0
P 44 122 255 0 0
P 45 122 255 0 0
P 46 122 255 0 0
P 47 122 255 0 0
P 48 122 255 0 0
P 49 122 255 0 0
P 50 122 255 0 0
P 51 122 255 0 0
P 52 122 255 0 0
P 53 122 255 0 0
P 54 122 255 0 0
P 55 122 255 0 0
P 56 122 255 0 0
P 57 122 255 0 0
P 58 122 255 0 0
P 59 122 255 0 0
P 60 122 255 0 0
P 61 122 255 0 0
P 62 122 255 0 0
P 63 122 255 0 0
P 64 122 255 0 0
P 65 122 255 0 0
P 66 122 255 0 0
P 67 122 255 0 0
P 68 122 255 0 0
P 69 122 255 0 0
P 70 122 255 0 0
P 71 122 255 0 0
P 72 122 255 0 0
P 73 122 255 0 0
P 74 122 255 0 0
P 75 122 255 0 0
P 76 122 255 0 0
P 77 122 255 0 0
P 78 122 255 0 0
P 79 122 255 0 0
P 44 123 255 0 0
P 45 123 255 0 0
P 46 123 255 0 0
P 47 123 255 0 0
P 48 123 255 0 0
P 49 123 255 0 0
P 50 123 255 0 0
P 51 123 255 0 0
P 52 123 255 0 0
P 53 123 255 0 0
P 54 123 255 0 0
P 55 123 255 0 0
P 56 123 255 0 0
P 57 123 255 0 0
P 58 123 255 0 0
P 59 123 255 0 0
P 60 123 255 0 0
P 61 123 255 0 0
P 62 123 255 0 0
P 63 123 255 0 0
P 64 123 255 0 0
P 65 123 255 0 0
P 66 123 255 0 0
P 67 123 255 0 0
P 68 123 255 0 0
P 69 123 255 0 0
P 70 123 255 0 0
P 71 123 255 0 0
P 72 123 255 0 0
P 73 123 255 0 0
P 74 123 255 0 0
P 75 123 255 0 0
P 76 123 255 0 0
P 77 123 255 0 0
P 78 123 255 0 0
P 79 123 255 0 0
P 44 124 255 0 0
P 45 124 255 0 0
P 46 124 255 0 0
P 47 124 255 0 0
P 48 124 255 0 0
P 49 124 255 0 0
P 50 124 255 0 0
P 51 124 255 0 0
P 52 124 255 0 0
P 53 124 255 0 0
P 54 124 255 0 0
P 55 124 255 0 0
P 56 124 255 0 0
P 57 124 255 0 0
P 58 124 255 0 0
P 59 124 255 0 0
P 60 124 255 0 0
P 61 124 255 0 0
P 62 124 255 0 0
P 63 124 255 0 0
P 64 124 255 0 0
P 65 124 255 0 0
P 66 124 255 0 0
P 67 124 255 0 0
P 68 124 255 0 0
P 69 124 255 0 0
P 70 124 255 0 0
P 71 124 255 0 0
P 72 124 255 0 0
P 73 124 255 0 0
P 74 124 255 0 0
P 75 124 255 0 0
P 76 124 255 0 0
P 77 124 255 0 0
P 78 124 255 0 0
P 44 125 255 0 0
P 45 125 255 0 0
P 46 125 255 0 0
P 47 125 255 0 0
P 48 125 255 0 0
P 49 125 255 0 0
P 50 125 255 0 0
P 51 125 255 0 0
P 52 125 255 0 0
P 53 125 255 0 0
P 54 125 255 0 0
P 55 125 255 0 0
P 56 125 255 0 0
P 57 125 255 0 0
P 58 125 255 0 0
P 59 125 255 0 0
P 60 125 255 0 0
P 61 125 255 0 0
P 62 125 255 0 0
P 63 125 255 0 0
P 64 125 255 0 0
P 65 125 255 0 0
P 66 125 255 0 0
P 67 125 255 0 0
P 68 125 255 0 0
P 69 125 255 0 0
P 70 125 255 0 0
P 71 125 255 0 0
P 72 125 255 0 0
P 73 125 255 0 0
P 74 125 255 0 0
P 75 125 255 0 0
P 76 125 255 0 0
P 77 125 255 0 0
P 78 125 255 0 0
P 44 126 255 0 0
P 45 126 255 0 0
P 46 126 255 0 0
P 47 126 255 0 0
P 48 126 255 0 0
P 49 126 255 0 0
P 50 126 255 0 0
P 51 126 255 0 0
P 52 126 255 0 0
P 53 126 255 0 0
P 54 126 255 0 0
P 55 126 255 0 0
P 56 126 255 0 0
P 57 126 255 0 0
P 58 126 255 0 0
P 59 126 255 0 0
P 60 126 255 0 0
P 61 126 255 0 0
P 62 126 255 0 0
P 63 126 255 0 0
P 64 126 255 0 0
P 65 126 255 0 0
P 66 126 255 0 0
P 67 126 255 0 0
P 68 126 255 0 0
P 69 126 255 0 0
P 70 126 255 0 0
P 71 126 255 0 0
P 72 126 255 0 0
P 73 126 255 0 0
P 74 126 255 0 0
P 75 126 255 0 0
P 76 126 255 0 0
P 77 126 255 0 0
P 44 127 255 0 0
P 45 127 255 0 0
P 46 127 255 0 0
P 47 127 255 0 0
P 48 127 255 0 0
P 49 127 255 0 0
P 50 127 255 0 0
P 51 127 255 0 0
P 52 127 255 0 0
P 53 127 255 0 0
P 54 127 255 0 0
P 55 127 255 0 0
P 56 127 255 0 0
P 57 127 255 0 0
P 58 127 255 0 0
P 59 127 255 0 0
P 60 127 255 0 0
P 61 127 255 0 0
P 62 127 255 0 0
P 63 127 255 0 0
P 64 127 255 0 0
P 65 127 255 0 0
P 66 127 255 0 0
P 67 127 255 0 0
P 68 127 255 0 0
P 69 127 255 0 0
P 70 127 255 0 0
P 71 127 255 0 0
P 72 127 255 0 0
P 73 127 255 0 0
P 74 127 255 0 0
P 75 127 255 0 0
P 76 127 255 0 0
P 77 127 255 0 0
P 45 128 255 0 0
P 46 128 255 0 0
P 47 128 255 0 0
P 48 128 255 0 0
P 49 128 255 0 0
P 50 128 255 0 0
P 51 128 255 0 0
P 52 128 255 0 0
P 53 128 255 0 0
P 54 128 255 0 0
P 55 128 255 0 0
P 56 128 255 0 0
P 57 128 255 0 0
P 58 128 255 0 0
P 59 128 255 0 0
P 60 128 255 0 0
P 61 128 255 0 0
P 62 128 255 0 0
P 63 128 255 0 0
P 64 128 255 0 0
P 65 128 255 0 0
P 66 128 255 0 0
P 67 128 255 0 0
P 68 128 255 0 0
P 69 128 255 0 0
P 70 128 255 0 0
P 71 128 255 0 0
P 72 128 255 0 0
P 73 128 255 0 0
P 74 128 255 0 0
P 75 128 255 0 0
P 76 128 255 0 0
P 45 129 255 0 0
P 46 129 255 0 0
P 47 129 255 0 0
P 48 129 255 0 0
P 49 129 255 0 0
P 50 129 255 0 0
P 51 129 255 0 0
P 52 129 255 0 0
P 53 129 255 0 0
P 54 129 255 0 0
P 55 129 255 0 0
P 56 129 255 0 0
P 57 129 255 0 0
P 58 129 255 0 0
P 59 129 255 0 0
P 60 129 255 0 0
P 61 129 255 0 0
P 62 129 255 0 0
P 63 129 255 0 0
P 64 129 255 0 0
P 65 129 255 0 0
P 66 129 255 0 0
P 67 129 255 0 0
P 68 129 255 0 0
P 69 129 255 0 0
P 70 129 255 0 0
P 71 129 255 0 0
P 72 129 255 0 0
P 73 129 255 0 0
P 74 129 255 0 0
P 75 129 255 0 0
P 45 130 255 0 0
P 46 130 255 0 0
P 47 130 255 0 0
P 48 130 255 0 0
P 49 130 255 0 0
P 50 130 255 0 0
P 51 130 255 0 0
P 52 130 255 0 0
P 53 130 255 0 0
P 54 130 255 0 0
P 55 130 255 0 0
P 56 130 255 0 0
P 57 130 255 0 0
P 58 130 255 0 0
P 59 130 255 0 0
P 60 130 255 0 0
P 61 130 255 0 0
P 62 130 255 0 0
P 63 130 255 0 0
P 64 130 255 0 0
P 65 130 255 0 0
P 66 130 255 0 0
P 67 130 255 0 0
P 68 130 255 0 0
P 69 130 255 0 0
P 70 130 255 0 0
P 71 130 255 0 0
P 72 130 255 0 0
P 73 130 255 0 0
P 74 130 255 0 0
P 75 130 255 0 0
P 45 131 255 0 0
P 46 131 255 0 0
P 47 131 255 0 0
P 48 131 255 0 0
P 49 131 255 0 0
P 50 131 255 0 0
P 51 131 255 0 0
P 52 131 255 0 0
P 53 131 255 0 0
P 54 131 255 0 0
P 55 131 255 0 0
P 56 131 255 0 0
P 57 131 255 0 0
P 58 131 255 0 0
P 59 131 255 0 0
P 60 131 255 0 0
P 61 131 255 0 0
P 62 131 255 0 0
P 63 131 255 0 0
P 64 131 255 0 0
P 65 131 255 0 0
P 66 131 255 0 0
P 67 131 255 0 0
P 68 131 255 0 0
P 69 131 255 0 0
P 70 131 255 0 0
P 71 131 255 0 0
P 72 131 255 0 0
P 73 131 255 0 0
P 74 131 255 0 0
P 45 132 255 0 0
P 46 132 255 0 0
P 47 132 255 0 0
P 48 132 255 0 0
P 49 132 255 0 0
P 50 132 255 0 0
P 51 132 255 0 0
P 52 132 255 0 0
P 53 132 255 0 0
P 54 132 255 0 0
P 55 132 255 0 0
P 56 132 255 0 0
P 57 132 255 0 0
P 58 132 255 0 0
P 59 132 255 0 0
P 60 132 255 0 0
P 61 132 255 0 0
P 62 132 255 0 0
P 63 132 255 0 0
P 64 132 255 0 0
P 65 132 255 0 0
P 66 132 255 0 0
P 67 132 255 0 0
P 68 132 255 0 0
P 69 132 255 0 0
P 70 132 255 0 0
P 71 132 255 0 0
P 72 132 255 0 0
P 73 132 255 0 0
P 74 132 255 0 0
P 45 133 255 0 0
P 46 133 255 0 0
P 47 133 255 0 0
P 48 133 255 0 0
P 49 133 255 0 0
P 50 133 255 0 0
P 51 133 255 0 0
P 52 133 255 0 0
P 53 133 255 0 0
P 54 133 255 0 0
P 55 133 255 0 0
P 56 133 255 0 0
P 57 133 255 0 0
P 58 133 255 0 0
P 59 133 255 0 0
P 60 133 255 0 0
P 61 133 255 0 0
P 62 133 255 0 0
P 63 133 255 0 0
P 64 133 255 0 0
P 65 133 255 0 0
P 66 133 255 0 0
P 67 133 255 0 0
P 68 133 255 0 0
P 69 133 255 0 0
P 70 133 255 0 0
P 71 133 255 0 0
P 72 133 255 0 0
P 73 133 255 0 0
P 45 134 255 0 0
P 46 134 255 0 0
P 47 134 255 0 0
P 48 134 255 0 0
P 49 134 255 0 0
P 50 134 255 0 0
P 51 134 255 0 0
P 52 134 255 0 0
P 53 134 255 0 0
P 54 134 255 0 0
P 55 134 255 0 0
P 56 134 255 0 0
P 57 134 255 0 0
P 58 134 255 0 0
P 59 134 255 0 0
P 60 134 255 0 0
P 61 134 255 0 0
P 62 134 255 0 0
P 63 134 255 0 0
P 64 134 255 0 0
P 65 134 255 0 0
P 66 134 255 0 0
P 67 134 255 0 0
P 68 134 255 0 0
P 69 134 255 0 0
P 70 134 255 0 0
P 71 134 255 0 0
P 72 134 255 0 0
P 73 134 255 0 0
P 45 135 255 0 0
P 46 135 255 0 0
P 47 135 255 0 0
P 48 135 255 0 0
P 49 135 255 0 0
P 50 135 255 0 0
P 51 135 255 0 0
P 52 135 255 0 0
P 53 135 255 0 0
P 54 135 255 0 0
P 55 135 255 0 0
P 56 135 255 0 0
P 57 135 255 0 0
P 58 135 255 0 0
P 59 135 255 0 0
P 60 135 255 0 0
P 61 135 255 0 0
P 62 135 255 0 0
P 63 135 255 0 0
P 64 135 255 0 0
P 65 135 255 0 0
P 66 135 255 0 0
P 67 135 255 0 0
P 68 135 255 0 0
P 69 135 255 0 0
P 70 135 255 0 0
P 71 135 255 0 0
P 72 135 255 0 0
P 45 136 255 0 0
P 46 136 255 0 0
P 47 136 255 0 0
P 48 136 255 0 0
P 49 136 255 0 0
P 50 136 255 0 0
P 51 136 255 0 0
P 52 136 255 0 0
P 53 136 255 0 0
P 54 136 255 0 0
P 55 136 255 0 0
P 56 136 255 0 0
P 57 136 255 0 0
P 58 136 255 0 0
P 59 136 255 0 0
P 60 136 255 0 0
P 61 136 255 0 0
P 62 136 255 0 0
P 63 136 255 0 0
P 64 136 255 0 0
P 65 136 255 0 0
P 66 136 255 0 0
P 67 136 255 0 0
P 68 136 255 0 0
P 69 136 255 0 0
P 70 136 255 0 0
P 71 136 255 0 0
P 45 137 255 0 0
P 46 137 255 0 0
P 47 137 255 0 0
P 48 137 255 0 0
P 49 137 255 0 0
P 50 137 255 0 0
P 51 137 255 0 0
P 52 137 255 0 0
P 53 137 255 0 0
P 54 137 255 0 0
P 55 137 255 0 0
P 56 137 255 0 0
P 57 137 255 0 0
P 58 137 255 0 0
P 59 137 255 0 0
P 60 137 255 0 0
P 61 137 255 0 0
P 62 137 255 0 0
P 63 137 255 0 0
P 64 137 255 0 0
P 65 137 255 0 0
P 66 137 255 0 0
P 67 137 255 0 0
P 68 137 255 0 0
P 69 137 255 0 0
P 70 137 255 0 0
P 71 137 255 0 0
P 45 138 255 0 0
P 46 138 255 0 0
P 47 138 255 0 0
P 48 138 255 0 0
P 49 138 255 0 0
P 50 138 255 0 0
P 51 138 255 0 0
P 52 138 255 0 0
P 53 138 255 0 0
P 54 138 255 0 0
P 55 138 255 0 0
P 56 138 255 0 0
P 57 138 255 0 0
P 58 138 255 0 0
P 59 138 255 0 0
P 60 138 255 0 0
P 61 138 255 0 0
P 62 138 255 0 0
P 63 138 255 0 0
P 64 138 255 0 0
P 65 138 255 0 0
P 66 138 255 0 0
P 67 138 255 0 0
P 68 138 255 0 0
P 69 138 255 0 0
P 70 138 255 0 0
P 45 139 255 0 0
P 46 139 255 0 0
P 47 139 255 0 0
P 48 139 255 0 0
P 49 139 255 0 0
P 50 139 255 0 0
P 51 139 255 0 0
P 52 139 255 0 0
P 53 139 255 0 0
P 54 139 255 0 0
P 55 139 255 0 0
P 56 139 255 0 0
P 57 139 255 0 0
P 58 139 255 0 0
P 59 139 255 0 0
P 60 139 255 0 0
P 61 139 255 0 0
P 62 139 255 0 0
P 63 139 255 0 0
P 64 139 255 0 0
P 65 139 255 0 0
P 66 139 255 0 0
P 67 139 255 0 0
P 68 139 255 0 0
P 69 139 255 0 0
P 70 139 255 0 0
P 45 140 255 0 0
P 46 140 255 0 0
P 47 140 255 0 0
P 48 140 255 0 0
P 49 140 255 0 0
P 50 140 255 0 0
P 51 140 255 0 0
P 52 140 255 0 0
P 53 140 255 0 0
P 54 140 255 0 0
P 55 140 255 0 0
P 56 140 255 0 0
P 57 140 255 0 0
P 58 140 255 0 0
P 59 140 255 0 0
P 60 140 255 0 0
P 61 140 255 0 0
P 62 140 255 0 0
P 63 140 255 0 0
P 64 140 255 0 0
P 65 140 255 0 0
P 66 140 255 0 0
P 67 140 255 0 0
P 68 140 255 0 0
P 69 140 255 0 0
P 45 141 255 0 0
P 46 141 255 0 0
P 47 141 255 0 0
P 48 141 255 0 0
P 49 141 255 0 0
P 50 141 255 0 0
P 51 141 255 0 0
P 52 141 255 0 0
P 53 141 255 0 0
P 54 141 255 0 0
P 55 141 255 0 0
P 56 141 255 0 0
P 57 141 255 0 0
P 58 141 255 0 0
P 59 141 255 0 0
P 60 141 255 0 0
P 61 141 255 0 0
P 62 141 255 0 0
P 63 141 255 0 0
P 64 141 255 0 0
P 65 141 255 0 0
P 66 141 255 0 0
P 67 141 255 0 0
P 68 141 255 0 0
P 69 141 255 0 0
P 45 142 255 0 0
P 46 142 255 0 0
P 47 142 255 0 0
P 48 142 255 0 0
P 49 142 255 0 0
P 50 142 255 0 0
P 51 142 255 0 0
P 52 142 255 0 0
P 53 142 255 0 0
P 54 142 255 0 0
P 55 142 255 0 0
P 56 142 255 0 0
P 57 142 255 0 0
P 58 142 255 0 0
P 59 142 255 0 0
P 60 142 255 0 0
P 61 142 255 0 0
P 62 142 255 0 0
P 63 142 255 0 0
P 64 142 255 0 0
P 65 142 255 0 0
P 66 142 255 0 0
P 67 142 255 0 0
P 68 142 255 0 0
P 46 143 255 0 0
P 47 143 255 0 0
P 48 143 255 0 0
P 49 143 255 0 0
P 50 143 255 0 0
P 51 143 255 0 0
P 52 143 255 0 0
P 53 143 255 0 0
P 54 143 255 0 0
P 55 143 255 0 0
P 56 143 255 0 0
P 57 143 255 0 0
P 58 143 255 0 0
P 59 143 255 0 0
P 60 143 255 0 0
P 61 143 255 0 0
P 62 143 255 0 0
P 63 143 255 0 0
P 64 143 255 0 0
P 65 143 255 0 0
P 66 143 255 0 0
P 67 143 255 0 0
P 68 143 255 0 0
P 46 144 255 0 0
P 47 144 255 0 0
P 48 144 255 0 0
P 49 144 255 0 0
P 50 144 255 0 0
P 51 144 255 0 0
P 52 144 255 0 0
P 53 144 255 0 0
P 54 144 255 0 0
P 55 144 255 0 0
P 56 144 255 0 0
P 57 144 255 0 0
P 58 144 255 0 0
P 59 144 255 0 0
P 60 144 255 0 0
P 61 144 255 0 0
P 62 144 255 0 0
P 63 144 255 0 0
P 64 144 255 0 0
P 65 144 255 0 0
P 66 144 255 0 0
P 67 144 255 0 0
P 46 145 255 0 0
P 47 145 255 0 0
P 48 145 255 0 0
P 49 145 255 0 0
P 50 145 255 0 0
P 51 145 255 0 0
P 52 145 255 0 0
P 53 145 255 0 0
P 54 145 255 0 0
P 55 145 255 0 0
P 56 145 255 0 0
P 57 145 255 0 0
P 58 145 255 0 0
P 59 145 255 0 0
P 60 145 255 0 0
P 61 145 255 0 0
P 62 145 255 0 0
P 63 145 255 0 0
P 64 145 255 0 0
P 65 145 255 0 0
P 66 145 255 0 0
P 46 146 255 0 0
P 47 146 255 0 0
P 48 146 255 0 0
P 49 146 255 0 0
P 50 146 255 0 0
P 51 146 255 0 0
P 52 146 255 0 0
P 53 146 255 0 0
P 54 146 255 0 0
P 55 146 255 0 0
P 56 146 255 0 0
P 57 146 255 0 0
P 58 146 255 0 0
P 59 146 255 0 0
P 60 146 255 0 0
P 61 146 255 0 0
P 62 146 255 0 0
P 63 146 255 0 0
P 64 146 255 0 0
P 65 146 255 0 0
P 66 146 255 0 0
P 46 147 255 0 0
P 47 147 255 0 0
P 48 147 255 0 0
P 49 147 255 0 0
P 50 147 255 0 0
P 51 147 255 0 0
P 52 147 255 0 0
P 53 147 255 0 0
P 54 147 255 0 0
P 55 147 255 0 0
P 56 147 255 0 0
P 57 147 255 0 0
P 58 147 255 0 0
P 59 147 255 0 0
P 60 147 255 0 0
P 61 147 255 0 0
P 62 147 255 0 0
P 63 147 255 0 0
P 64 147 255 0 0
P 65 147 255 0 0
P 46 148 255 0 0
P 47 148 255 0 0
P 48 148 255 0 0
P 49 148 255 0 0
P 50 148 255 0 0
P 51 148 255 0 0
P 52 148 255 0 0
P 53 148 255 0 0
P 54 148 255 0 0
P 55 148 255 0 0
P 56 148 255 0 0
P 57 148 255 0 0
P 58 148 255 0 0
P 59 148 255 0 0
P 60 148 255 0 0
P 61 148 255 0 0
P 62 148 255 0 0
P 63 148 255 0 0
P 64 148 255 0 0
P 65 148 255 0 0
P 46 149 255 0 0
P 47 149 255 0 0
P 48 149 255 0 0
P 49 149 255 0 0
P 50 149 255 0 0
P 51 149 255 0 0
P 52 149 255 0 0
P 53 149 255 0 0
P 54 149 255 0 0
P 55 149 255 0 0
P 56 149 255 0 0
P 57 149 255 0 0
P 58 149 255 0 0
P 59 149 255 0 0
P 60 149 255 0 0
P 61 149 255 0 0
P 62 149 255 0 0
P 63 149 255 0 0
P 64 149 255 0 0
P 46 150 255 0 0
P 47 150 255 0 0
P 48 150 255 0 0
P 49 150 255 0 0
P 50 150 255 0 0
P 51 150 255 0 0
P 52 150 255 0 0
P 53 150 255 0 0
P 54 150 255 0 0
P 55 150 255 0 0
P 56 150 255 0 0
P 57 150 255 0 0
P 58 150 255 0 0
P 59 150 255 0 0
P 60 150 255 0 0
P 61 150 255 0 0
P 62 150 255 0 0
P 63 150 255 0 0
P 64 150 255 0 0
P 46 151 255 0 0
P 47 151 255 0 0
P 48 151 255 0 0
P 49 151 255 0 0
P 50 151 255 0 0
P 51 151 255 0 0
P 52 151 255 0 0
P 53 151 255 0 0
P 54 151 255 0 0
P 55 151 255 0 0
P 56 151 255 0 0
P 57 151 255 0 0
P 58 151 255 0 0
P 59 151 255 0 0
P 60 151 255 0 0
P 61 151 255 0 0
P 62 151 255 0 0
P 63 151 255 0 0
P 46 152 255 0 0
P 47 152 255 0 0
P 48 152 255 0 0
P 49 152 255 0 0
P 50 152 255 0 0
P 51 152 255 0 0
P 52 152 255 0 0
P 53 152 255 0 0
P 54 152 255 0 0
P 55 152 255 0 0
P 56 152 255 0 0
P 57 152 255 0 0
P 58 152 255 0 0
P 59 152 255 0 0
P 60 152 255 0 0
P 61 152 255 0 0
P 62 152 255 0 0
P 46 153 255 0 0
P 47 153 255 0 0
P 48 153 255 0 0
P 49 153 255 0 0
P 50 153 255 0 0
P 51 153 255 0 0
P 52 153 255 0 0
P 53 153 255 0 0
P 54 153 255 0 0
P 55 153 255 0 0
P 56 153 255 0 0
P 57 153 255 0 0
P 58 153 255 0 0
P 59 153 255 0 0
P 60 153 255 0 0
P 61 153 255 0 0
P 62 153 255 0 0
P 46 154 255 0 0
P 47 154 255 0 0
P 48 154 255 0 0
P 49 154 255 0 0
P 50 154 255 0 0
P 51 154 255 0 0
P 52 154 255 0 0
P 53 154 255 0 0
P 54 154 255 0 0
P 55 154 255 0 0
P 56 154 255 0 0
P 57 154 255 0 0
P 58 154 255 0 0
P 59 154 255 0 0
P 60 154 255 0 0
P 61 154 255 0 0
P 46 155 255 0 0
P 47 155 255 0 0
P 48 155 255 0 0
P 49 155 255 0 0
P 50 155 255 0 0
P 51 155 255 0 0
P 52 155 255 0 0
P 53 155 255 0 0
P 54 155 255 0 0
P 55 155 255 0 0
P 56 155 255 0 0
P 57 155 255 0 0
P 58 155 255 0 0
P 59 155 255 0 0
P 60 155 255 0 0
P 61 155 255 0 0
P 46 156 255 0 0
P 47 156 255 0 0
P 48 156 255 0 0
P 49 156 255 0 0
P 50 156 255 0 0
P 51 156 255 0 0
P 52 156 255 0 0
P 53 156 255 0 0
P 54 156 255 0 0
P 55 156 255 0 0
P 56 156 255 0 0
P 57 156 255 0 0
P 58 156 255 0 0
P 59 156 255 0 0
P 60 156 255 0 0
P 46 157 255 0 0
P 47 157 255 0 0
P 48 157 255 0 0
P 49 157 255 0 0
P 50 157 255 0 0
P 51 157 255 0 0
P 52 157 255 0 0
P 53 157 255 0 0
P 54 157 255 0 0
P 55 157 255 0 0
P 56 157 255 0 0
P 57 157 255 0 0
P 58 157 255 0 0
P 59 157 255 0 0
P 60 157 255 0 0
P 47 158 255 0 0
P 48 158 255 0 0
P 49 158 255 0 0
P 50 158 255 0 0
P 51 158 255 0 0
P 52 158 255 0 0
P 53 158 255 0 0
P 54 158 255 0 0
P 55 158 255 0 0
P 56 158 255 0 0
P 57 158 255 0 0
P 58 158 255 0 0
P 59 158 255 0 0
P 47 159 255 0 0
P 48 159 255 0 0
P 49 159 255 0 0
P 50 159 255 0 0
P 51 159 255 0 0
P 52 159 255 0 0
P 53 159 255 0 0
P 54 159 255 0 0
P 55 159 255 0 0
P 56 159 255 0 0
P 57 159 255 0 0
P 58 159 255 0 0
P 59 159 255 0 0
P 47 160 255 0 0
P 48 160 255 0 0
P 49 160 255 0 0
P 50 160 255 0 0
P 51 160 255 0 0
P 52 160 255 0 0
P 53 160 255 0 0
P 54 160 255 0 0
P 55 160 255 0 0
P 56 160 255 0 0
P 57 160 255 0 0
P 58 160 255 0 0
P 47 161 255 0 0
P 48 161 255 0 0
P 49 161 255 0 0
P 50 161 255 0 0
P 51 161 255 0 0
P 52 161 255 0 0
P 53 161 255 0 0
P 54 161 255 0 0
P 55 161 255 0 0
P 56 161 255 0 0
P 57 161 255 0 0
P 47 162 255 0 0
P 48 162 255 0 0
P 49 162 255 0 0
P 50 162 255 0 0
P 51 162 255 0 0
P 52 162 255 0 0
P 53 162 255 0 0
P 54 162 255 0 0
P 55 162 255 0 0
P 56 162 255 0 0
P 57 162 255 0 0
P 47 163 255 0 0
P 48 163 255 0 0
P 49 163 255 0 0
P 50 163 255 0 0
P 51 163 255 0 0
P 52 163 255 0 0
P 53 163 255 0 0
P 54 163 255 0 0
P 55 163 255 0 0
P 56 163 255 0 0
P 47 164 255 0 0
P 48 164 255 0 0
P 49 164 255 0 0
P 50 164 255 0 0
P 51 164 255 0 0
P 52 164 255 0 0
P 53 164 255 0 0
P 54 164 255 0 0
P 55 164 255 0 0
P 56 164 255 0 0
P 47 165 255 0 0
P 48 165 255 0 0
P 49 165 255 0 0
P 50 165 255 0 0
P 51 165 255 0 0
P 52 165 255 0 0
P 53 165 255 0 0
P 54 165 255 0 0
P 55 165 255 0 0
P 47 166 255 0 0
P 48 166 255 0 0
P 49 166 255 0 0
P 50 166 255 0 0
P 51 166 255 0 0
P 52 166 255 0 0
P 53 166 255 0 0
P 54 166 255 0 0
P 55 166 255 0 0
P 47 167 255 0 0
P 48 167 255 0 0
P 49 167 255 0 0
P 50 167 255 0 0
P 51 167 255 0 0
P 52 167 255 0 0
P 53 167 255 0 0
P 54 167 255 0 0
P 47 168 255 0 0
P 48 168 255 0 0
P 49 168 255 0 0
P 50 168 255 0 0
P 51 168 255 0 0
P 52 168 255 0 0
P 53 168 255 0 0
P 47 169 255 0 0
P 48 169 255 0 0
P 49 169 255 0 0
P 50 169 255 0 0
P 51 169 255 0 0
P 52 169 255 0 0
P 53 169 255 0 0
P 47 170 255 0 0
P 48 170 255 0 0
P 49 170 255 0 0
P 50 170 255 0 0
P 51 170 255 0 0
P 52 170 255 0 0
P 47 171 255 0 0
P 48 171 255 0 0
P 49 171 255 0 0
P 50 171 255 0 0
P 51 171 255 0 0
P 52 171 255 0 0
P 47 172 255 0 0
P 48 172 255 0 0
P 49 172 255 0 0
P 50 172 255 0 0
P 51 172 255 0 0
P 48 173 255 0 0
P 49 173 255 0 0
P 50 173 255 0 0
P 51 173 255 0 0
P 48 174 255 0 0
P 49 174 255 0 0
P 50 174 255 0 0
P 48 175 255 0 0
P 49 175 255 0 0
P 50 175 255 0 0
P 48 176 255 0 0
P 49 176 255 0 0
P 48 177 255 0 0
P 48 178 255 0 0
