# shape E mode ssolo4 ntri 4
# select hard 0 soft 1
# v0 40.0000000 60.0000000
# v1 120.0000000 52.0000000
# v2 200.0000000 64.0000000
# v3 280.0000000 56.0000000
# v4 48.0000000 180.0000000
# v5 128.0000000 188.0000000
# v6 208.0000000 176.0000000
# v7 288.0000000 184.0000000
# t0 0 4 1
# t1 4 5 1
# t2 1 5 2
# t3 5 6 2
# counters drawn=0 software=0 declined=0
# mode hardware
P 199 65 255 255 0
P 199 66 255 255 0
P 198 67 255 255 0
P 199 67 255 255 0
P 197 68 255 255 0
P 198 68 255 255 0
P 199 68 255 255 0
P 197 69 255 255 0
P 198 69 255 255 0
P 199 69 255 255 0
P 196 70 255 255 0
P 197 70 255 255 0
P 198 70 255 255 0
P 199 70 255 255 0
P 196 71 255 255 0
P 197 71 255 255 0
P 198 71 255 255 0
P 199 71 255 255 0
P 200 71 255 255 0
P 195 72 255 255 0
P 196 72 255 255 0
P 197 72 255 255 0
P 198 72 255 255 0
P 199 72 255 255 0
P 200 72 255 255 0
P 194 73 255 255 0
P 195 73 255 255 0
P 196 73 255 255 0
P 197 73 255 255 0
P 198 73 255 255 0
P 199 73 255 255 0
P 200 73 255 255 0
P 194 74 255 255 0
P 195 74 255 255 0
P 196 74 255 255 0
P 197 74 255 255 0
P 198 74 255 255 0
P 199 74 255 255 0
P 200 74 255 255 0
P 193 75 255 255 0
P 194 75 255 255 0
P 195 75 255 255 0
P 196 75 255 255 0
P 197 75 255 255 0
P 198 75 255 255 0
P 199 75 255 255 0
P 200 75 255 255 0
P 193 76 255 255 0
P 194 76 255 255 0
P 195 76 255 255 0
P 196 76 255 255 0
P 197 76 255 255 0
P 198 76 255 255 0
P 199 76 255 255 0
P 200 76 255 255 0
P 192 77 255 255 0
P 193 77 255 255 0
P 194 77 255 255 0
P 195 77 255 255 0
P 196 77 255 255 0
P 197 77 255 255 0
P 198 77 255 255 0
P 199 77 255 255 0
P 200 77 255 255 0
P 192 78 255 255 0
P 193 78 255 255 0
P 194 78 255 255 0
P 195 78 255 255 0
P 196 78 255 255 0
P 197 78 255 255 0
P 198 78 255 255 0
P 199 78 255 255 0
P 200 78 255 255 0
P 191 79 255 255 0
P 192 79 255 255 0
P 193 79 255 255 0
P 194 79 255 255 0
P 195 79 255 255 0
P 196 79 255 255 0
P 197 79 255 255 0
P 198 79 255 255 0
P 199 79 255 255 0
P 200 79 255 255 0
P 190 80 255 255 0
P 191 80 255 255 0
P 192 80 255 255 0
P 193 80 255 255 0
P 194 80 255 255 0
P 195 80 255 255 0
P 196 80 255 255 0
P 197 80 255 255 0
P 198 80 255 255 0
P 199 80 255 255 0
P 200 80 255 255 0
P 190 81 255 255 0
P 191 81 255 255 0
P 192 81 255 255 0
P 193 81 255 255 0
P 194 81 255 255 0
P 195 81 255 255 0
P 196 81 255 255 0
P 197 81 255 255 0
P 198 81 255 255 0
P 199 81 255 255 0
P 200 81 255 255 0
P 189 82 255 255 0
P 190 82 255 255 0
P 191 82 255 255 0
P 192 82 255 255 0
P 193 82 255 255 0
P 194 82 255 255 0
P 195 82 255 255 0
P 196 82 255 255 0
P 197 82 255 255 0
P 198 82 255 255 0
P 199 82 255 255 0
P 200 82 255 255 0
P 189 83 255 255 0
P 190 83 255 255 0
P 191 83 255 255 0
P 192 83 255 255 0
P 193 83 255 255 0
P 194 83 255 255 0
P 195 83 255 255 0
P 196 83 255 255 0
P 197 83 255 255 0
P 198 83 255 255 0
P 199 83 255 255 0
P 200 83 255 255 0
P 188 84 255 255 0
P 189 84 255 255 0
P 190 84 255 255 0
P 191 84 255 255 0
P 192 84 255 255 0
P 193 84 255 255 0
P 194 84 255 255 0
P 195 84 255 255 0
P 196 84 255 255 0
P 197 84 255 255 0
P 198 84 255 255 0
P 199 84 255 255 0
P 200 84 255 255 0
P 188 85 255 255 0
P 189 85 255 255 0
P 190 85 255 255 0
P 191 85 255 255 0
P 192 85 255 255 0
P 193 85 255 255 0
P 194 85 255 255 0
P 195 85 255 255 0
P 196 85 255 255 0
P 197 85 255 255 0
P 198 85 255 255 0
P 199 85 255 255 0
P 200 85 255 255 0
P 201 85 255 255 0
P 187 86 255 255 0
P 188 86 255 255 0
P 189 86 255 255 0
P 190 86 255 255 0
P 191 86 255 255 0
P 192 86 255 255 0
P 193 86 255 255 0
P 194 86 255 255 0
P 195 86 255 255 0
P 196 86 255 255 0
P 197 86 255 255 0
P 198 86 255 255 0
P 199 86 255 255 0
P 200 86 255 255 0
P 201 86 255 255 0
P 186 87 255 255 0
P 187 87 255 255 0
P 188 87 255 255 0
P 189 87 255 255 0
P 190 87 255 255 0
P 191 87 255 255 0
P 192 87 255 255 0
P 193 87 255 255 0
P 194 87 255 255 0
P 195 87 255 255 0
P 196 87 255 255 0
P 197 87 255 255 0
P 198 87 255 255 0
P 199 87 255 255 0
P 200 87 255 255 0
P 201 87 255 255 0
P 186 88 255 255 0
P 187 88 255 255 0
P 188 88 255 255 0
P 189 88 255 255 0
P 190 88 255 255 0
P 191 88 255 255 0
P 192 88 255 255 0
P 193 88 255 255 0
P 194 88 255 255 0
P 195 88 255 255 0
P 196 88 255 255 0
P 197 88 255 255 0
P 198 88 255 255 0
P 199 88 255 255 0
P 200 88 255 255 0
P 201 88 255 255 0
P 185 89 255 255 0
P 186 89 255 255 0
P 187 89 255 255 0
P 188 89 255 255 0
P 189 89 255 255 0
P 190 89 255 255 0
P 191 89 255 255 0
P 192 89 255 255 0
P 193 89 255 255 0
P 194 89 255 255 0
P 195 89 255 255 0
P 196 89 255 255 0
P 197 89 255 255 0
P 198 89 255 255 0
P 199 89 255 255 0
P 200 89 255 255 0
P 201 89 255 255 0
P 185 90 255 255 0
P 186 90 255 255 0
P 187 90 255 255 0
P 188 90 255 255 0
P 189 90 255 255 0
P 190 90 255 255 0
P 191 90 255 255 0
P 192 90 255 255 0
P 193 90 255 255 0
P 194 90 255 255 0
P 195 90 255 255 0
P 196 90 255 255 0
P 197 90 255 255 0
P 198 90 255 255 0
P 199 90 255 255 0
P 200 90 255 255 0
P 201 90 255 255 0
P 184 91 255 255 0
P 185 91 255 255 0
P 186 91 255 255 0
P 187 91 255 255 0
P 188 91 255 255 0
P 189 91 255 255 0
P 190 91 255 255 0
P 191 91 255 255 0
P 192 91 255 255 0
P 193 91 255 255 0
P 194 91 255 255 0
P 195 91 255 255 0
P 196 91 255 255 0
P 197 91 255 255 0
P 198 91 255 255 0
P 199 91 255 255 0
P 200 91 255 255 0
P 201 91 255 255 0
P 183 92 255 255 0
P 184 92 255 255 0
P 185 92 255 255 0
P 186 92 255 255 0
P 187 92 255 255 0
P 188 92 255 255 0
P 189 92 255 255 0
P 190 92 255 255 0
P 191 92 255 255 0
P 192 92 255 255 0
P 193 92 255 255 0
P 194 92 255 255 0
P 195 92 255 255 0
P 196 92 255 255 0
P 197 92 255 255 0
P 198 92 255 255 0
P 199 92 255 255 0
P 200 92 255 255 0
P 201 92 255 255 0
P 183 93 255 255 0
P 184 93 255 255 0
P 185 93 255 255 0
P 186 93 255 255 0
P 187 93 255 255 0
P 188 93 255 255 0
P 189 93 255 255 0
P 190 93 255 255 0
P 191 93 255 255 0
P 192 93 255 255 0
P 193 93 255 255 0
P 194 93 255 255 0
P 195 93 255 255 0
P 196 93 255 255 0
P 197 93 255 255 0
P 198 93 255 255 0
P 199 93 255 255 0
P 200 93 255 255 0
P 201 93 255 255 0
P 182 94 255 255 0
P 183 94 255 255 0
P 184 94 255 255 0
P 185 94 255 255 0
P 186 94 255 255 0
P 187 94 255 255 0
P 188 94 255 255 0
P 189 94 255 255 0
P 190 94 255 255 0
P 191 94 255 255 0
P 192 94 255 255 0
P 193 94 255 255 0
P 194 94 255 255 0
P 195 94 255 255 0
P 196 94 255 255 0
P 197 94 255 255 0
P 198 94 255 255 0
P 199 94 255 255 0
P 200 94 255 255 0
P 201 94 255 255 0
P 182 95 255 255 0
P 183 95 255 255 0
P 184 95 255 255 0
P 185 95 255 255 0
P 186 95 255 255 0
P 187 95 255 255 0
P 188 95 255 255 0
P 189 95 255 255 0
P 190 95 255 255 0
P 191 95 255 255 0
P 192 95 255 255 0
P 193 95 255 255 0
P 194 95 255 255 0
P 195 95 255 255 0
P 196 95 255 255 0
P 197 95 255 255 0
P 198 95 255 255 0
P 199 95 255 255 0
P 200 95 255 255 0
P 201 95 255 255 0
P 181 96 255 255 0
P 182 96 255 255 0
P 183 96 255 255 0
P 184 96 255 255 0
P 185 96 255 255 0
P 186 96 255 255 0
P 187 96 255 255 0
P 188 96 255 255 0
P 189 96 255 255 0
P 190 96 255 255 0
P 191 96 255 255 0
P 192 96 255 255 0
P 193 96 255 255 0
P 194 96 255 255 0
P 195 96 255 255 0
P 196 96 255 255 0
P 197 96 255 255 0
P 198 96 255 255 0
P 199 96 255 255 0
P 200 96 255 255 0
P 201 96 255 255 0
P 181 97 255 255 0
P 182 97 255 255 0
P 183 97 255 255 0
P 184 97 255 255 0
P 185 97 255 255 0
P 186 97 255 255 0
P 187 97 255 255 0
P 188 97 255 255 0
P 189 97 255 255 0
P 190 97 255 255 0
P 191 97 255 255 0
P 192 97 255 255 0
P 193 97 255 255 0
P 194 97 255 255 0
P 195 97 255 255 0
P 196 97 255 255 0
P 197 97 255 255 0
P 198 97 255 255 0
P 199 97 255 255 0
P 200 97 255 255 0
P 201 97 255 255 0
P 180 98 255 255 0
P 181 98 255 255 0
P 182 98 255 255 0
P 183 98 255 255 0
P 184 98 255 255 0
P 185 98 255 255 0
P 186 98 255 255 0
P 187 98 255 255 0
P 188 98 255 255 0
P 189 98 255 255 0
P 190 98 255 255 0
P 191 98 255 255 0
P 192 98 255 255 0
P 193 98 255 255 0
P 194 98 255 255 0
P 195 98 255 255 0
P 196 98 255 255 0
P 197 98 255 255 0
P 198 98 255 255 0
P 199 98 255 255 0
P 200 98 255 255 0
P 201 98 255 255 0
P 179 99 255 255 0
P 180 99 255 255 0
P 181 99 255 255 0
P 182 99 255 255 0
P 183 99 255 255 0
P 184 99 255 255 0
P 185 99 255 255 0
P 186 99 255 255 0
P 187 99 255 255 0
P 188 99 255 255 0
P 189 99 255 255 0
P 190 99 255 255 0
P 191 99 255 255 0
P 192 99 255 255 0
P 193 99 255 255 0
P 194 99 255 255 0
P 195 99 255 255 0
P 196 99 255 255 0
P 197 99 255 255 0
P 198 99 255 255 0
P 199 99 255 255 0
P 200 99 255 255 0
P 201 99 255 255 0
P 202 99 255 255 0
P 179 100 255 255 0
P 180 100 255 255 0
P 181 100 255 255 0
P 182 100 255 255 0
P 183 100 255 255 0
P 184 100 255 255 0
P 185 100 255 255 0
P 186 100 255 255 0
P 187 100 255 255 0
P 188 100 255 255 0
P 189 100 255 255 0
P 190 100 255 255 0
P 191 100 255 255 0
P 192 100 255 255 0
P 193 100 255 255 0
P 194 100 255 255 0
P 195 100 255 255 0
P 196 100 255 255 0
P 197 100 255 255 0
P 198 100 255 255 0
P 199 100 255 255 0
P 200 100 255 255 0
P 201 100 255 255 0
P 202 100 255 255 0
P 178 101 255 255 0
P 179 101 255 255 0
P 180 101 255 255 0
P 181 101 255 255 0
P 182 101 255 255 0
P 183 101 255 255 0
P 184 101 255 255 0
P 185 101 255 255 0
P 186 101 255 255 0
P 187 101 255 255 0
P 188 101 255 255 0
P 189 101 255 255 0
P 190 101 255 255 0
P 191 101 255 255 0
P 192 101 255 255 0
P 193 101 255 255 0
P 194 101 255 255 0
P 195 101 255 255 0
P 196 101 255 255 0
P 197 101 255 255 0
P 198 101 255 255 0
P 199 101 255 255 0
P 200 101 255 255 0
P 201 101 255 255 0
P 202 101 255 255 0
P 178 102 255 255 0
P 179 102 255 255 0
P 180 102 255 255 0
P 181 102 255 255 0
P 182 102 255 255 0
P 183 102 255 255 0
P 184 102 255 255 0
P 185 102 255 255 0
P 186 102 255 255 0
P 187 102 255 255 0
P 188 102 255 255 0
P 189 102 255 255 0
P 190 102 255 255 0
P 191 102 255 255 0
P 192 102 255 255 0
P 193 102 255 255 0
P 194 102 255 255 0
P 195 102 255 255 0
P 196 102 255 255 0
P 197 102 255 255 0
P 198 102 255 255 0
P 199 102 255 255 0
P 200 102 255 255 0
P 201 102 255 255 0
P 202 102 255 255 0
P 177 103 255 255 0
P 178 103 255 255 0
P 179 103 255 255 0
P 180 103 255 255 0
P 181 103 255 255 0
P 182 103 255 255 0
P 183 103 255 255 0
P 184 103 255 255 0
P 185 103 255 255 0
P 186 103 255 255 0
P 187 103 255 255 0
P 188 103 255 255 0
P 189 103 255 255 0
P 190 103 255 255 0
P 191 103 255 255 0
P 192 103 255 255 0
P 193 103 255 255 0
P 194 103 255 255 0
P 195 103 255 255 0
P 196 103 255 255 0
P 197 103 255 255 0
P 198 103 255 255 0
P 199 103 255 255 0
P 200 103 255 255 0
P 201 103 255 255 0
P 202 103 255 255 0
P 176 104 255 255 0
P 177 104 255 255 0
P 178 104 255 255 0
P 179 104 255 255 0
P 180 104 255 255 0
P 181 104 255 255 0
P 182 104 255 255 0
P 183 104 255 255 0
P 184 104 255 255 0
P 185 104 255 255 0
P 186 104 255 255 0
P 187 104 255 255 0
P 188 104 255 255 0
P 189 104 255 255 0
P 190 104 255 255 0
P 191 104 255 255 0
P 192 104 255 255 0
P 193 104 255 255 0
P 194 104 255 255 0
P 195 104 255 255 0
P 196 104 255 255 0
P 197 104 255 255 0
P 198 104 255 255 0
P 199 104 255 255 0
P 200 104 255 255 0
P 201 104 255 255 0
P 202 104 255 255 0
P 176 105 255 255 0
P 177 105 255 255 0
P 178 105 255 255 0
P 179 105 255 255 0
P 180 105 255 255 0
P 181 105 255 255 0
P 182 105 255 255 0
P 183 105 255 255 0
P 184 105 255 255 0
P 185 105 255 255 0
P 186 105 255 255 0
P 187 105 255 255 0
P 188 105 255 255 0
P 189 105 255 255 0
P 190 105 255 255 0
P 191 105 255 255 0
P 192 105 255 255 0
P 193 105 255 255 0
P 194 105 255 255 0
P 195 105 255 255 0
P 196 105 255 255 0
P 197 105 255 255 0
P 198 105 255 255 0
P 199 105 255 255 0
P 200 105 255 255 0
P 201 105 255 255 0
P 202 105 255 255 0
P 175 106 255 255 0
P 176 106 255 255 0
P 177 106 255 255 0
P 178 106 255 255 0
P 179 106 255 255 0
P 180 106 255 255 0
P 181 106 255 255 0
P 182 106 255 255 0
P 183 106 255 255 0
P 184 106 255 255 0
P 185 106 255 255 0
P 186 106 255 255 0
P 187 106 255 255 0
P 188 106 255 255 0
P 189 106 255 255 0
P 190 106 255 255 0
P 191 106 255 255 0
P 192 106 255 255 0
P 193 106 255 255 0
P 194 106 255 255 0
P 195 106 255 255 0
P 196 106 255 255 0
P 197 106 255 255 0
P 198 106 255 255 0
P 199 106 255 255 0
P 200 106 255 255 0
P 201 106 255 255 0
P 202 106 255 255 0
P 175 107 255 255 0
P 176 107 255 255 0
P 177 107 255 255 0
P 178 107 255 255 0
P 179 107 255 255 0
P 180 107 255 255 0
P 181 107 255 255 0
P 182 107 255 255 0
P 183 107 255 255 0
P 184 107 255 255 0
P 185 107 255 255 0
P 186 107 255 255 0
P 187 107 255 255 0
P 188 107 255 255 0
P 189 107 255 255 0
P 190 107 255 255 0
P 191 107 255 255 0
P 192 107 255 255 0
P 193 107 255 255 0
P 194 107 255 255 0
P 195 107 255 255 0
P 196 107 255 255 0
P 197 107 255 255 0
P 198 107 255 255 0
P 199 107 255 255 0
P 200 107 255 255 0
P 201 107 255 255 0
P 202 107 255 255 0
P 174 108 255 255 0
P 175 108 255 255 0
P 176 108 255 255 0
P 177 108 255 255 0
P 178 108 255 255 0
P 179 108 255 255 0
P 180 108 255 255 0
P 181 108 255 255 0
P 182 108 255 255 0
P 183 108 255 255 0
P 184 108 255 255 0
P 185 108 255 255 0
P 186 108 255 255 0
P 187 108 255 255 0
P 188 108 255 255 0
P 189 108 255 255 0
P 190 108 255 255 0
P 191 108 255 255 0
P 192 108 255 255 0
P 193 108 255 255 0
P 194 108 255 255 0
P 195 108 255 255 0
P 196 108 255 255 0
P 197 108 255 255 0
P 198 108 255 255 0
P 199 108 255 255 0
P 200 108 255 255 0
P 201 108 255 255 0
P 202 108 255 255 0
P 174 109 255 255 0
P 175 109 255 255 0
P 176 109 255 255 0
P 177 109 255 255 0
P 178 109 255 255 0
P 179 109 255 255 0
P 180 109 255 255 0
P 181 109 255 255 0
P 182 109 255 255 0
P 183 109 255 255 0
P 184 109 255 255 0
P 185 109 255 255 0
P 186 109 255 255 0
P 187 109 255 255 0
P 188 109 255 255 0
P 189 109 255 255 0
P 190 109 255 255 0
P 191 109 255 255 0
P 192 109 255 255 0
P 193 109 255 255 0
P 194 109 255 255 0
P 195 109 255 255 0
P 196 109 255 255 0
P 197 109 255 255 0
P 198 109 255 255 0
P 199 109 255 255 0
P 200 109 255 255 0
P 201 109 255 255 0
P 202 109 255 255 0
P 173 110 255 255 0
P 174 110 255 255 0
P 175 110 255 255 0
P 176 110 255 255 0
P 177 110 255 255 0
P 178 110 255 255 0
P 179 110 255 255 0
P 180 110 255 255 0
P 181 110 255 255 0
P 182 110 255 255 0
P 183 110 255 255 0
P 184 110 255 255 0
P 185 110 255 255 0
P 186 110 255 255 0
P 187 110 255 255 0
P 188 110 255 255 0
P 189 110 255 255 0
P 190 110 255 255 0
P 191 110 255 255 0
P 192 110 255 255 0
P 193 110 255 255 0
P 194 110 255 255 0
P 195 110 255 255 0
P 196 110 255 255 0
P 197 110 255 255 0
P 198 110 255 255 0
P 199 110 255 255 0
P 200 110 255 255 0
P 201 110 255 255 0
P 202 110 255 255 0
P 172 111 255 255 0
P 173 111 255 255 0
P 174 111 255 255 0
P 175 111 255 255 0
P 176 111 255 255 0
P 177 111 255 255 0
P 178 111 255 255 0
P 179 111 255 255 0
P 180 111 255 255 0
P 181 111 255 255 0
P 182 111 255 255 0
P 183 111 255 255 0
P 184 111 255 255 0
P 185 111 255 255 0
P 186 111 255 255 0
P 187 111 255 255 0
P 188 111 255 255 0
P 189 111 255 255 0
P 190 111 255 255 0
P 191 111 255 255 0
P 192 111 255 255 0
P 193 111 255 255 0
P 194 111 255 255 0
P 195 111 255 255 0
P 196 111 255 255 0
P 197 111 255 255 0
P 198 111 255 255 0
P 199 111 255 255 0
P 200 111 255 255 0
P 201 111 255 255 0
P 202 111 255 255 0
P 172 112 255 255 0
P 173 112 255 255 0
P 174 112 255 255 0
P 175 112 255 255 0
P 176 112 255 255 0
P 177 112 255 255 0
P 178 112 255 255 0
P 179 112 255 255 0
P 180 112 255 255 0
P 181 112 255 255 0
P 182 112 255 255 0
P 183 112 255 255 0
P 184 112 255 255 0
P 185 112 255 255 0
P 186 112 255 255 0
P 187 112 255 255 0
P 188 112 255 255 0
P 189 112 255 255 0
P 190 112 255 255 0
P 191 112 255 255 0
P 192 112 255 255 0
P 193 112 255 255 0
P 194 112 255 255 0
P 195 112 255 255 0
P 196 112 255 255 0
P 197 112 255 255 0
P 198 112 255 255 0
P 199 112 255 255 0
P 200 112 255 255 0
P 201 112 255 255 0
P 202 112 255 255 0
P 171 113 255 255 0
P 172 113 255 255 0
P 173 113 255 255 0
P 174 113 255 255 0
P 175 113 255 255 0
P 176 113 255 255 0
P 177 113 255 255 0
P 178 113 255 255 0
P 179 113 255 255 0
P 180 113 255 255 0
P 181 113 255 255 0
P 182 113 255 255 0
P 183 113 255 255 0
P 184 113 255 255 0
P 185 113 255 255 0
P 186 113 255 255 0
P 187 113 255 255 0
P 188 113 255 255 0
P 189 113 255 255 0
P 190 113 255 255 0
P 191 113 255 255 0
P 192 113 255 255 0
P 193 113 255 255 0
P 194 113 255 255 0
P 195 113 255 255 0
P 196 113 255 255 0
P 197 113 255 255 0
P 198 113 255 255 0
P 199 113 255 255 0
P 200 113 255 255 0
P 201 113 255 255 0
P 202 113 255 255 0
P 203 113 255 255 0
P 171 114 255 255 0
P 172 114 255 255 0
P 173 114 255 255 0
P 174 114 255 255 0
P 175 114 255 255 0
P 176 114 255 255 0
P 177 114 255 255 0
P 178 114 255 255 0
P 179 114 255 255 0
P 180 114 255 255 0
P 181 114 255 255 0
P 182 114 255 255 0
P 183 114 255 255 0
P 184 114 255 255 0
P 185 114 255 255 0
P 186 114 255 255 0
P 187 114 255 255 0
P 188 114 255 255 0
P 189 114 255 255 0
P 190 114 255 255 0
P 191 114 255 255 0
P 192 114 255 255 0
P 193 114 255 255 0
P 194 114 255 255 0
P 195 114 255 255 0
P 196 114 255 255 0
P 197 114 255 255 0
P 198 114 255 255 0
P 199 114 255 255 0
P 200 114 255 255 0
P 201 114 255 255 0
P 202 114 255 255 0
P 203 114 255 255 0
P 170 115 255 255 0
P 171 115 255 255 0
P 172 115 255 255 0
P 173 115 255 255 0
P 174 115 255 255 0
P 175 115 255 255 0
P 176 115 255 255 0
P 177 115 255 255 0
P 178 115 255 255 0
P 179 115 255 255 0
P 180 115 255 255 0
P 181 115 255 255 0
P 182 115 255 255 0
P 183 115 255 255 0
P 184 115 255 255 0
P 185 115 255 255 0
P 186 115 255 255 0
P 187 115 255 255 0
P 188 115 255 255 0
P 189 115 255 255 0
P 190 115 255 255 0
P 191 115 255 255 0
P 192 115 255 255 0
P 193 115 255 255 0
P 194 115 255 255 0
P 195 115 255 255 0
P 196 115 255 255 0
P 197 115 255 255 0
P 198 115 255 255 0
P 199 115 255 255 0
P 200 115 255 255 0
P 201 115 255 255 0
P 202 115 255 255 0
P 203 115 255 255 0
P 170 116 255 255 0
P 171 116 255 255 0
P 172 116 255 255 0
P 173 116 255 255 0
P 174 116 255 255 0
P 175 116 255 255 0
P 176 116 255 255 0
P 177 116 255 255 0
P 178 116 255 255 0
P 179 116 255 255 0
P 180 116 255 255 0
P 181 116 255 255 0
P 182 116 255 255 0
P 183 116 255 255 0
P 184 116 255 255 0
P 185 116 255 255 0
P 186 116 255 255 0
P 187 116 255 255 0
P 188 116 255 255 0
P 189 116 255 255 0
P 190 116 255 255 0
P 191 116 255 255 0
P 192 116 255 255 0
P 193 116 255 255 0
P 194 116 255 255 0
P 195 116 255 255 0
P 196 116 255 255 0
P 197 116 255 255 0
P 198 116 255 255 0
P 199 116 255 255 0
P 200 116 255 255 0
P 201 116 255 255 0
P 202 116 255 255 0
P 203 116 255 255 0
P 169 117 255 255 0
P 170 117 255 255 0
P 171 117 255 255 0
P 172 117 255 255 0
P 173 117 255 255 0
P 174 117 255 255 0
P 175 117 255 255 0
P 176 117 255 255 0
P 177 117 255 255 0
P 178 117 255 255 0
P 179 117 255 255 0
P 180 117 255 255 0
P 181 117 255 255 0
P 182 117 255 255 0
P 183 117 255 255 0
P 184 117 255 255 0
P 185 117 255 255 0
P 186 117 255 255 0
P 187 117 255 255 0
P 188 117 255 255 0
P 189 117 255 255 0
P 190 117 255 255 0
P 191 117 255 255 0
P 192 117 255 255 0
P 193 117 255 255 0
P 194 117 255 255 0
P 195 117 255 255 0
P 196 117 255 255 0
P 197 117 255 255 0
P 198 117 255 255 0
P 199 117 255 255 0
P 200 117 255 255 0
P 201 117 255 255 0
P 202 117 255 255 0
P 203 117 255 255 0
P 168 118 255 255 0
P 169 118 255 255 0
P 170 118 255 255 0
P 171 118 255 255 0
P 172 118 255 255 0
P 173 118 255 255 0
P 174 118 255 255 0
P 175 118 255 255 0
P 176 118 255 255 0
P 177 118 255 255 0
P 178 118 255 255 0
P 179 118 255 255 0
P 180 118 255 255 0
P 181 118 255 255 0
P 182 118 255 255 0
P 183 118 255 255 0
P 184 118 255 255 0
P 185 118 255 255 0
P 186 118 255 255 0
P 187 118 255 255 0
P 188 118 255 255 0
P 189 118 255 255 0
P 190 118 255 255 0
P 191 118 255 255 0
P 192 118 255 255 0
P 193 118 255 255 0
P 194 118 255 255 0
P 195 118 255 255 0
P 196 118 255 255 0
P 197 118 255 255 0
P 198 118 255 255 0
P 199 118 255 255 0
P 200 118 255 255 0
P 201 118 255 255 0
P 202 118 255 255 0
P 203 118 255 255 0
P 168 119 255 255 0
P 169 119 255 255 0
P 170 119 255 255 0
P 171 119 255 255 0
P 172 119 255 255 0
P 173 119 255 255 0
P 174 119 255 255 0
P 175 119 255 255 0
P 176 119 255 255 0
P 177 119 255 255 0
P 178 119 255 255 0
P 179 119 255 255 0
P 180 119 255 255 0
P 181 119 255 255 0
P 182 119 255 255 0
P 183 119 255 255 0
P 184 119 255 255 0
P 185 119 255 255 0
P 186 119 255 255 0
P 187 119 255 255 0
P 188 119 255 255 0
P 189 119 255 255 0
P 190 119 255 255 0
P 191 119 255 255 0
P 192 119 255 255 0
P 193 119 255 255 0
P 194 119 255 255 0
P 195 119 255 255 0
P 196 119 255 255 0
P 197 119 255 255 0
P 198 119 255 255 0
P 199 119 255 255 0
P 200 119 255 255 0
P 201 119 255 255 0
P 202 119 255 255 0
P 203 119 255 255 0
P 167 120 255 255 0
P 168 120 255 255 0
P 169 120 255 255 0
P 170 120 255 255 0
P 171 120 255 255 0
P 172 120 255 255 0
P 173 120 255 255 0
P 174 120 255 255 0
P 175 120 255 255 0
P 176 120 255 255 0
P 177 120 255 255 0
P 178 120 255 255 0
P 179 120 255 255 0
P 180 120 255 255 0
P 181 120 255 255 0
P 182 120 255 255 0
P 183 120 255 255 0
P 184 120 255 255 0
P 185 120 255 255 0
P 186 120 255 255 0
P 187 120 255 255 0
P 188 120 255 255 0
P 189 120 255 255 0
P 190 120 255 255 0
P 191 120 255 255 0
P 192 120 255 255 0
P 193 120 255 255 0
P 194 120 255 255 0
P 195 120 255 255 0
P 196 120 255 255 0
P 197 120 255 255 0
P 198 120 255 255 0
P 199 120 255 255 0
P 200 120 255 255 0
P 201 120 255 255 0
P 202 120 255 255 0
P 203 120 255 255 0
P 167 121 255 255 0
P 168 121 255 255 0
P 169 121 255 255 0
P 170 121 255 255 0
P 171 121 255 255 0
P 172 121 255 255 0
P 173 121 255 255 0
P 174 121 255 255 0
P 175 121 255 255 0
P 176 121 255 255 0
P 177 121 255 255 0
P 178 121 255 255 0
P 179 121 255 255 0
P 180 121 255 255 0
P 181 121 255 255 0
P 182 121 255 255 0
P 183 121 255 255 0
P 184 121 255 255 0
P 185 121 255 255 0
P 186 121 255 255 0
P 187 121 255 255 0
P 188 121 255 255 0
P 189 121 255 255 0
P 190 121 255 255 0
P 191 121 255 255 0
P 192 121 255 255 0
P 193 121 255 255 0
P 194 121 255 255 0
P 195 121 255 255 0
P 196 121 255 255 0
P 197 121 255 255 0
P 198 121 255 255 0
P 199 121 255 255 0
P 200 121 255 255 0
P 201 121 255 255 0
P 202 121 255 255 0
P 203 121 255 255 0
P 166 122 255 255 0
P 167 122 255 255 0
P 168 122 255 255 0
P 169 122 255 255 0
P 170 122 255 255 0
P 171 122 255 255 0
P 172 122 255 255 0
P 173 122 255 255 0
P 174 122 255 255 0
P 175 122 255 255 0
P 176 122 255 255 0
P 177 122 255 255 0
P 178 122 255 255 0
P 179 122 255 255 0
P 180 122 255 255 0
P 181 122 255 255 0
P 182 122 255 255 0
P 183 122 255 255 0
P 184 122 255 255 0
P 185 122 255 255 0
P 186 122 255 255 0
P 187 122 255 255 0
P 188 122 255 255 0
P 189 122 255 255 0
P 190 122 255 255 0
P 191 122 255 255 0
P 192 122 255 255 0
P 193 122 255 255 0
P 194 122 255 255 0
P 195 122 255 255 0
P 196 122 255 255 0
P 197 122 255 255 0
P 198 122 255 255 0
P 199 122 255 255 0
P 200 122 255 255 0
P 201 122 255 255 0
P 202 122 255 255 0
P 203 122 255 255 0
P 165 123 255 255 0
P 166 123 255 255 0
P 167 123 255 255 0
P 168 123 255 255 0
P 169 123 255 255 0
P 170 123 255 255 0
P 171 123 255 255 0
P 172 123 255 255 0
P 173 123 255 255 0
P 174 123 255 255 0
P 175 123 255 255 0
P 176 123 255 255 0
P 177 123 255 255 0
P 178 123 255 255 0
P 179 123 255 255 0
P 180 123 255 255 0
P 181 123 255 255 0
P 182 123 255 255 0
P 183 123 255 255 0
P 184 123 255 255 0
P 185 123 255 255 0
P 186 123 255 255 0
P 187 123 255 255 0
P 188 123 255 255 0
P 189 123 255 255 0
P 190 123 255 255 0
P 191 123 255 255 0
P 192 123 255 255 0
P 193 123 255 255 0
P 194 123 255 255 0
P 195 123 255 255 0
P 196 123 255 255 0
P 197 123 255 255 0
P 198 123 255 255 0
P 199 123 255 255 0
P 200 123 255 255 0
P 201 123 255 255 0
P 202 123 255 255 0
P 203 123 255 255 0
P 165 124 255 255 0
P 166 124 255 255 0
P 167 124 255 255 0
P 168 124 255 255 0
P 169 124 255 255 0
P 170 124 255 255 0
P 171 124 255 255 0
P 172 124 255 255 0
P 173 124 255 255 0
P 174 124 255 255 0
P 175 124 255 255 0
P 176 124 255 255 0
P 177 124 255 255 0
P 178 124 255 255 0
P 179 124 255 255 0
P 180 124 255 255 0
P 181 124 255 255 0
P 182 124 255 255 0
P 183 124 255 255 0
P 184 124 255 255 0
P 185 124 255 255 0
P 186 124 255 255 0
P 187 124 255 255 0
P 188 124 255 255 0
P 189 124 255 255 0
P 190 124 255 255 0
P 191 124 255 255 0
P 192 124 255 255 0
P 193 124 255 255 0
P 194 124 255 255 0
P 195 124 255 255 0
P 196 124 255 255 0
P 197 124 255 255 0
P 198 124 255 255 0
P 199 124 255 255 0
P 200 124 255 255 0
P 201 124 255 255 0
P 202 124 255 255 0
P 203 124 255 255 0
P 164 125 255 255 0
P 165 125 255 255 0
P 166 125 255 255 0
P 167 125 255 255 0
P 168 125 255 255 0
P 169 125 255 255 0
P 170 125 255 255 0
P 171 125 255 255 0
P 172 125 255 255 0
P 173 125 255 255 0
P 174 125 255 255 0
P 175 125 255 255 0
P 176 125 255 255 0
P 177 125 255 255 0
P 178 125 255 255 0
P 179 125 255 255 0
P 180 125 255 255 0
P 181 125 255 255 0
P 182 125 255 255 0
P 183 125 255 255 0
P 184 125 255 255 0
P 185 125 255 255 0
P 186 125 255 255 0
P 187 125 255 255 0
P 188 125 255 255 0
P 189 125 255 255 0
P 190 125 255 255 0
P 191 125 255 255 0
P 192 125 255 255 0
P 193 125 255 255 0
P 194 125 255 255 0
P 195 125 255 255 0
P 196 125 255 255 0
P 197 125 255 255 0
P 198 125 255 255 0
P 199 125 255 255 0
P 200 125 255 255 0
P 201 125 255 255 0
P 202 125 255 255 0
P 203 125 255 255 0
P 164 126 255 255 0
P 165 126 255 255 0
P 166 126 255 255 0
P 167 126 255 255 0
P 168 126 255 255 0
P 169 126 255 255 0
P 170 126 255 255 0
P 171 126 255 255 0
P 172 126 255 255 0
P 173 126 255 255 0
P 174 126 255 255 0
P 175 126 255 255 0
P 176 126 255 255 0
P 177 126 255 255 0
P 178 126 255 255 0
P 179 126 255 255 0
P 180 126 255 255 0
P 181 126 255 255 0
P 182 126 255 255 0
P 183 126 255 255 0
P 184 126 255 255 0
P 185 126 255 255 0
P 186 126 255 255 0
P 187 126 255 255 0
P 188 126 255 255 0
P 189 126 255 255 0
P 190 126 255 255 0
P 191 126 255 255 0
P 192 126 255 255 0
P 193 126 255 255 0
P 194 126 255 255 0
P 195 126 255 255 0
P 196 126 255 255 0
P 197 126 255 255 0
P 198 126 255 255 0
P 199 126 255 255 0
P 200 126 255 255 0
P 201 126 255 255 0
P 202 126 255 255 0
P 203 126 255 255 0
P 163 127 255 255 0
P 164 127 255 255 0
P 165 127 255 255 0
P 166 127 255 255 0
P 167 127 255 255 0
P 168 127 255 255 0
P 169 127 255 255 0
P 170 127 255 255 0
P 171 127 255 255 0
P 172 127 255 255 0
P 173 127 255 255 0
P 174 127 255 255 0
P 175 127 255 255 0
P 176 127 255 255 0
P 177 127 255 255 0
P 178 127 255 255 0
P 179 127 255 255 0
P 180 127 255 255 0
P 181 127 255 255 0
P 182 127 255 255 0
P 183 127 255 255 0
P 184 127 255 255 0
P 185 127 255 255 0
P 186 127 255 255 0
P 187 127 255 255 0
P 188 127 255 255 0
P 189 127 255 255 0
P 190 127 255 255 0
P 191 127 255 255 0
P 192 127 255 255 0
P 193 127 255 255 0
P 194 127 255 255 0
P 195 127 255 255 0
P 196 127 255 255 0
P 197 127 255 255 0
P 198 127 255 255 0
P 199 127 255 255 0
P 200 127 255 255 0
P 201 127 255 255 0
P 202 127 255 255 0
P 203 127 255 255 0
P 204 127 255 255 0
P 163 128 255 255 0
P 164 128 255 255 0
P 165 128 255 255 0
P 166 128 255 255 0
P 167 128 255 255 0
P 168 128 255 255 0
P 169 128 255 255 0
P 170 128 255 255 0
P 171 128 255 255 0
P 172 128 255 255 0
P 173 128 255 255 0
P 174 128 255 255 0
P 175 128 255 255 0
P 176 128 255 255 0
P 177 128 255 255 0
P 178 128 255 255 0
P 179 128 255 255 0
P 180 128 255 255 0
P 181 128 255 255 0
P 182 128 255 255 0
P 183 128 255 255 0
P 184 128 255 255 0
P 185 128 255 255 0
P 186 128 255 255 0
P 187 128 255 255 0
P 188 128 255 255 0
P 189 128 255 255 0
P 190 128 255 255 0
P 191 128 255 255 0
P 192 128 255 255 0
P 193 128 255 255 0
P 194 128 255 255 0
P 195 128 255 255 0
P 196 128 255 255 0
P 197 128 255 255 0
P 198 128 255 255 0
P 199 128 255 255 0
P 200 128 255 255 0
P 201 128 255 255 0
P 202 128 255 255 0
P 203 128 255 255 0
P 204 128 255 255 0
P 162 129 255 255 0
P 163 129 255 255 0
P 164 129 255 255 0
P 165 129 255 255 0
P 166 129 255 255 0
P 167 129 255 255 0
P 168 129 255 255 0
P 169 129 255 255 0
P 170 129 255 255 0
P 171 129 255 255 0
P 172 129 255 255 0
P 173 129 255 255 0
P 174 129 255 255 0
P 175 129 255 255 0
P 176 129 255 255 0
P 177 129 255 255 0
P 178 129 255 255 0
P 179 129 255 255 0
P 180 129 255 255 0
P 181 129 255 255 0
P 182 129 255 255 0
P 183 129 255 255 0
P 184 129 255 255 0
P 185 129 255 255 0
P 186 129 255 255 0
P 187 129 255 255 0
P 188 129 255 255 0
P 189 129 255 255 0
P 190 129 255 255 0
P 191 129 255 255 0
P 192 129 255 255 0
P 193 129 255 255 0
P 194 129 255 255 0
P 195 129 255 255 0
P 196 129 255 255 0
P 197 129 255 255 0
P 198 129 255 255 0
P 199 129 255 255 0
P 200 129 255 255 0
P 201 129 255 255 0
P 202 129 255 255 0
P 203 129 255 255 0
P 204 129 255 255 0
P 161 130 255 255 0
P 162 130 255 255 0
P 163 130 255 255 0
P 164 130 255 255 0
P 165 130 255 255 0
P 166 130 255 255 0
P 167 130 255 255 0
P 168 130 255 255 0
P 169 130 255 255 0
P 170 130 255 255 0
P 171 130 255 255 0
P 172 130 255 255 0
P 173 130 255 255 0
P 174 130 255 255 0
P 175 130 255 255 0
P 176 130 255 255 0
P 177 130 255 255 0
P 178 130 255 255 0
P 179 130 255 255 0
P 180 130 255 255 0
P 181 130 255 255 0
P 182 130 255 255 0
P 183 130 255 255 0
P 184 130 255 255 0
P 185 130 255 255 0
P 186 130 255 255 0
P 187 130 255 255 0
P 188 130 255 255 0
P 189 130 255 255 0
P 190 130 255 255 0
P 191 130 255 255 0
P 192 130 255 255 0
P 193 130 255 255 0
P 194 130 255 255 0
P 195 130 255 255 0
P 196 130 255 255 0
P 197 130 255 255 0
P 198 130 255 255 0
P 199 130 255 255 0
P 200 130 255 255 0
P 201 130 255 255 0
P 202 130 255 255 0
P 203 130 255 255 0
P 204 130 255 255 0
P 161 131 255 255 0
P 162 131 255 255 0
P 163 131 255 255 0
P 164 131 255 255 0
P 165 131 255 255 0
P 166 131 255 255 0
P 167 131 255 255 0
P 168 131 255 255 0
P 169 131 255 255 0
P 170 131 255 255 0
P 171 131 255 255 0
P 172 131 255 255 0
P 173 131 255 255 0
P 174 131 255 255 0
P 175 131 255 255 0
P 176 131 255 255 0
P 177 131 255 255 0
P 178 131 255 255 0
P 179 131 255 255 0
P 180 131 255 255 0
P 181 131 255 255 0
P 182 131 255 255 0
P 183 131 255 255 0
P 184 131 255 255 0
P 185 131 255 255 0
P 186 131 255 255 0
P 187 131 255 255 0
P 188 131 255 255 0
P 189 131 255 255 0
P 190 131 255 255 0
P 191 131 255 255 0
P 192 131 255 255 0
P 193 131 255 255 0
P 194 131 255 255 0
P 195 131 255 255 0
P 196 131 255 255 0
P 197 131 255 255 0
P 198 131 255 255 0
P 199 131 255 255 0
P 200 131 255 255 0
P 201 131 255 255 0
P 202 131 255 255 0
P 203 131 255 255 0
P 204 131 255 255 0
P 160 132 255 255 0
P 161 132 255 255 0
P 162 132 255 255 0
P 163 132 255 255 0
P 164 132 255 255 0
P 165 132 255 255 0
P 166 132 255 255 0
P 167 132 255 255 0
P 168 132 255 255 0
P 169 132 255 255 0
P 170 132 255 255 0
P 171 132 255 255 0
P 172 132 255 255 0
P 173 132 255 255 0
P 174 132 255 255 0
P 175 132 255 255 0
P 176 132 255 255 0
P 177 132 255 255 0
P 178 132 255 255 0
P 179 132 255 255 0
P 180 132 255 255 0
P 181 132 255 255 0
P 182 132 255 255 0
P 183 132 255 255 0
P 184 132 255 255 0
P 185 132 255 255 0
P 186 132 255 255 0
P 187 132 255 255 0
P 188 132 255 255 0
P 189 132 255 255 0
P 190 132 255 255 0
P 191 132 255 255 0
P 192 132 255 255 0
P 193 132 255 255 0
P 194 132 255 255 0
P 195 132 255 255 0
P 196 132 255 255 0
P 197 132 255 255 0
P 198 132 255 255 0
P 199 132 255 255 0
P 200 132 255 255 0
P 201 132 255 255 0
P 202 132 255 255 0
P 203 132 255 255 0
P 204 132 255 255 0
P 160 133 255 255 0
P 161 133 255 255 0
P 162 133 255 255 0
P 163 133 255 255 0
P 164 133 255 255 0
P 165 133 255 255 0
P 166 133 255 255 0
P 167 133 255 255 0
P 168 133 255 255 0
P 169 133 255 255 0
P 170 133 255 255 0
P 171 133 255 255 0
P 172 133 255 255 0
P 173 133 255 255 0
P 174 133 255 255 0
P 175 133 255 255 0
P 176 133 255 255 0
P 177 133 255 255 0
P 178 133 255 255 0
P 179 133 255 255 0
P 180 133 255 255 0
P 181 133 255 255 0
P 182 133 255 255 0
P 183 133 255 255 0
P 184 133 255 255 0
P 185 133 255 255 0
P 186 133 255 255 0
P 187 133 255 255 0
P 188 133 255 255 0
P 189 133 255 255 0
P 190 133 255 255 0
P 191 133 255 255 0
P 192 133 255 255 0
P 193 133 255 255 0
P 194 133 255 255 0
P 195 133 255 255 0
P 196 133 255 255 0
P 197 133 255 255 0
P 198 133 255 255 0
P 199 133 255 255 0
P 200 133 255 255 0
P 201 133 255 255 0
P 202 133 255 255 0
P 203 133 255 255 0
P 204 133 255 255 0
P 159 134 255 255 0
P 160 134 255 255 0
P 161 134 255 255 0
P 162 134 255 255 0
P 163 134 255 255 0
P 164 134 255 255 0
P 165 134 255 255 0
P 166 134 255 255 0
P 167 134 255 255 0
P 168 134 255 255 0
P 169 134 255 255 0
P 170 134 255 255 0
P 171 134 255 255 0
P 172 134 255 255 0
P 173 134 255 255 0
P 174 134 255 255 0
P 175 134 255 255 0
P 176 134 255 255 0
P 177 134 255 255 0
P 178 134 255 255 0
P 179 134 255 255 0
P 180 134 255 255 0
P 181 134 255 255 0
P 182 134 255 255 0
P 183 134 255 255 0
P 184 134 255 255 0
P 185 134 255 255 0
P 186 134 255 255 0
P 187 134 255 255 0
P 188 134 255 255 0
P 189 134 255 255 0
P 190 134 255 255 0
P 191 134 255 255 0
P 192 134 255 255 0
P 193 134 255 255 0
P 194 134 255 255 0
P 195 134 255 255 0
P 196 134 255 255 0
P 197 134 255 255 0
P 198 134 255 255 0
P 199 134 255 255 0
P 200 134 255 255 0
P 201 134 255 255 0
P 202 134 255 255 0
P 203 134 255 255 0
P 204 134 255 255 0
P 158 135 255 255 0
P 159 135 255 255 0
P 160 135 255 255 0
P 161 135 255 255 0
P 162 135 255 255 0
P 163 135 255 255 0
P 164 135 255 255 0
P 165 135 255 255 0
P 166 135 255 255 0
P 167 135 255 255 0
P 168 135 255 255 0
P 169 135 255 255 0
P 170 135 255 255 0
P 171 135 255 255 0
P 172 135 255 255 0
P 173 135 255 255 0
P 174 135 255 255 0
P 175 135 255 255 0
P 176 135 255 255 0
P 177 135 255 255 0
P 178 135 255 255 0
P 179 135 255 255 0
P 180 135 255 255 0
P 181 135 255 255 0
P 182 135 255 255 0
P 183 135 255 255 0
P 184 135 255 255 0
P 185 135 255 255 0
P 186 135 255 255 0
P 187 135 255 255 0
P 188 135 255 255 0
P 189 135 255 255 0
P 190 135 255 255 0
P 191 135 255 255 0
P 192 135 255 255 0
P 193 135 255 255 0
P 194 135 255 255 0
P 195 135 255 255 0
P 196 135 255 255 0
P 197 135 255 255 0
P 198 135 255 255 0
P 199 135 255 255 0
P 200 135 255 255 0
P 201 135 255 255 0
P 202 135 255 255 0
P 203 135 255 255 0
P 204 135 255 255 0
P 158 136 255 255 0
P 159 136 255 255 0
P 160 136 255 255 0
P 161 136 255 255 0
P 162 136 255 255 0
P 163 136 255 255 0
P 164 136 255 255 0
P 165 136 255 255 0
P 166 136 255 255 0
P 167 136 255 255 0
P 168 136 255 255 0
P 169 136 255 255 0
P 170 136 255 255 0
P 171 136 255 255 0
P 172 136 255 255 0
P 173 136 255 255 0
P 174 136 255 255 0
P 175 136 255 255 0
P 176 136 255 255 0
P 177 136 255 255 0
P 178 136 255 255 0
P 179 136 255 255 0
P 180 136 255 255 0
P 181 136 255 255 0
P 182 136 255 255 0
P 183 136 255 255 0
P 184 136 255 255 0
P 185 136 255 255 0
P 186 136 255 255 0
P 187 136 255 255 0
P 188 136 255 255 0
P 189 136 255 255 0
P 190 136 255 255 0
P 191 136 255 255 0
P 192 136 255 255 0
P 193 136 255 255 0
P 194 136 255 255 0
P 195 136 255 255 0
P 196 136 255 255 0
P 197 136 255 255 0
P 198 136 255 255 0
P 199 136 255 255 0
P 200 136 255 255 0
P 201 136 255 255 0
P 202 136 255 255 0
P 203 136 255 255 0
P 204 136 255 255 0
P 157 137 255 255 0
P 158 137 255 255 0
P 159 137 255 255 0
P 160 137 255 255 0
P 161 137 255 255 0
P 162 137 255 255 0
P 163 137 255 255 0
P 164 137 255 255 0
P 165 137 255 255 0
P 166 137 255 255 0
P 167 137 255 255 0
P 168 137 255 255 0
P 169 137 255 255 0
P 170 137 255 255 0
P 171 137 255 255 0
P 172 137 255 255 0
P 173 137 255 255 0
P 174 137 255 255 0
P 175 137 255 255 0
P 176 137 255 255 0
P 177 137 255 255 0
P 178 137 255 255 0
P 179 137 255 255 0
P 180 137 255 255 0
P 181 137 255 255 0
P 182 137 255 255 0
P 183 137 255 255 0
P 184 137 255 255 0
P 185 137 255 255 0
P 186 137 255 255 0
P 187 137 255 255 0
P 188 137 255 255 0
P 189 137 255 255 0
P 190 137 255 255 0
P 191 137 255 255 0
P 192 137 255 255 0
P 193 137 255 255 0
P 194 137 255 255 0
P 195 137 255 255 0
P 196 137 255 255 0
P 197 137 255 255 0
P 198 137 255 255 0
P 199 137 255 255 0
P 200 137 255 255 0
P 201 137 255 255 0
P 202 137 255 255 0
P 203 137 255 255 0
P 204 137 255 255 0
P 157 138 255 255 0
P 158 138 255 255 0
P 159 138 255 255 0
P 160 138 255 255 0
P 161 138 255 255 0
P 162 138 255 255 0
P 163 138 255 255 0
P 164 138 255 255 0
P 165 138 255 255 0
P 166 138 255 255 0
P 167 138 255 255 0
P 168 138 255 255 0
P 169 138 255 255 0
P 170 138 255 255 0
P 171 138 255 255 0
P 172 138 255 255 0
P 173 138 255 255 0
P 174 138 255 255 0
P 175 138 255 255 0
P 176 138 255 255 0
P 177 138 255 255 0
P 178 138 255 255 0
P 179 138 255 255 0
P 180 138 255 255 0
P 181 138 255 255 0
P 182 138 255 255 0
P 183 138 255 255 0
P 184 138 255 255 0
P 185 138 255 255 0
P 186 138 255 255 0
P 187 138 255 255 0
P 188 138 255 255 0
P 189 138 255 255 0
P 190 138 255 255 0
P 191 138 255 255 0
P 192 138 255 255 0
P 193 138 255 255 0
P 194 138 255 255 0
P 195 138 255 255 0
P 196 138 255 255 0
P 197 138 255 255 0
P 198 138 255 255 0
P 199 138 255 255 0
P 200 138 255 255 0
P 201 138 255 255 0
P 202 138 255 255 0
P 203 138 255 255 0
P 204 138 255 255 0
P 156 139 255 255 0
P 157 139 255 255 0
P 158 139 255 255 0
P 159 139 255 255 0
P 160 139 255 255 0
P 161 139 255 255 0
P 162 139 255 255 0
P 163 139 255 255 0
P 164 139 255 255 0
P 165 139 255 255 0
P 166 139 255 255 0
P 167 139 255 255 0
P 168 139 255 255 0
P 169 139 255 255 0
P 170 139 255 255 0
P 171 139 255 255 0
P 172 139 255 255 0
P 173 139 255 255 0
P 174 139 255 255 0
P 175 139 255 255 0
P 176 139 255 255 0
P 177 139 255 255 0
P 178 139 255 255 0
P 179 139 255 255 0
P 180 139 255 255 0
P 181 139 255 255 0
P 182 139 255 255 0
P 183 139 255 255 0
P 184 139 255 255 0
P 185 139 255 255 0
P 186 139 255 255 0
P 187 139 255 255 0
P 188 139 255 255 0
P 189 139 255 255 0
P 190 139 255 255 0
P 191 139 255 255 0
P 192 139 255 255 0
P 193 139 255 255 0
P 194 139 255 255 0
P 195 139 255 255 0
P 196 139 255 255 0
P 197 139 255 255 0
P 198 139 255 255 0
P 199 139 255 255 0
P 200 139 255 255 0
P 201 139 255 255 0
P 202 139 255 255 0
P 203 139 255 255 0
P 204 139 255 255 0
P 156 140 255 255 0
P 157 140 255 255 0
P 158 140 255 255 0
P 159 140 255 255 0
P 160 140 255 255 0
P 161 140 255 255 0
P 162 140 255 255 0
P 163 140 255 255 0
P 164 140 255 255 0
P 165 140 255 255 0
P 166 140 255 255 0
P 167 140 255 255 0
P 168 140 255 255 0
P 169 140 255 255 0
P 170 140 255 255 0
P 171 140 255 255 0
P 172 140 255 255 0
P 173 140 255 255 0
P 174 140 255 255 0
P 175 140 255 255 0
P 176 140 255 255 0
P 177 140 255 255 0
P 178 140 255 255 0
P 179 140 255 255 0
P 180 140 255 255 0
P 181 140 255 255 0
P 182 140 255 255 0
P 183 140 255 255 0
P 184 140 255 255 0
P 185 140 255 255 0
P 186 140 255 255 0
P 187 140 255 255 0
P 188 140 255 255 0
P 189 140 255 255 0
P 190 140 255 255 0
P 191 140 255 255 0
P 192 140 255 255 0
P 193 140 255 255 0
P 194 140 255 255 0
P 195 140 255 255 0
P 196 140 255 255 0
P 197 140 255 255 0
P 198 140 255 255 0
P 199 140 255 255 0
P 200 140 255 255 0
P 201 140 255 255 0
P 202 140 255 255 0
P 203 140 255 255 0
P 204 140 255 255 0
P 155 141 255 255 0
P 156 141 255 255 0
P 157 141 255 255 0
P 158 141 255 255 0
P 159 141 255 255 0
P 160 141 255 255 0
P 161 141 255 255 0
P 162 141 255 255 0
P 163 141 255 255 0
P 164 141 255 255 0
P 165 141 255 255 0
P 166 141 255 255 0
P 167 141 255 255 0
P 168 141 255 255 0
P 169 141 255 255 0
P 170 141 255 255 0
P 171 141 255 255 0
P 172 141 255 255 0
P 173 141 255 255 0
P 174 141 255 255 0
P 175 141 255 255 0
P 176 141 255 255 0
P 177 141 255 255 0
P 178 141 255 255 0
P 179 141 255 255 0
P 180 141 255 255 0
P 181 141 255 255 0
P 182 141 255 255 0
P 183 141 255 255 0
P 184 141 255 255 0
P 185 141 255 255 0
P 186 141 255 255 0
P 187 141 255 255 0
P 188 141 255 255 0
P 189 141 255 255 0
P 190 141 255 255 0
P 191 141 255 255 0
P 192 141 255 255 0
P 193 141 255 255 0
P 194 141 255 255 0
P 195 141 255 255 0
P 196 141 255 255 0
P 197 141 255 255 0
P 198 141 255 255 0
P 199 141 255 255 0
P 200 141 255 255 0
P 201 141 255 255 0
P 202 141 255 255 0
P 203 141 255 255 0
P 204 141 255 255 0
P 205 141 255 255 0
P 154 142 255 255 0
P 155 142 255 255 0
P 156 142 255 255 0
P 157 142 255 255 0
P 158 142 255 255 0
P 159 142 255 255 0
P 160 142 255 255 0
P 161 142 255 255 0
P 162 142 255 255 0
P 163 142 255 255 0
P 164 142 255 255 0
P 165 142 255 255 0
P 166 142 255 255 0
P 167 142 255 255 0
P 168 142 255 255 0
P 169 142 255 255 0
P 170 142 255 255 0
P 171 142 255 255 0
P 172 142 255 255 0
P 173 142 255 255 0
P 174 142 255 255 0
P 175 142 255 255 0
P 176 142 255 255 0
P 177 142 255 255 0
P 178 142 255 255 0
P 179 142 255 255 0
P 180 142 255 255 0
P 181 142 255 255 0
P 182 142 255 255 0
P 183 142 255 255 0
P 184 142 255 255 0
P 185 142 255 255 0
P 186 142 255 255 0
P 187 142 255 255 0
P 188 142 255 255 0
P 189 142 255 255 0
P 190 142 255 255 0
P 191 142 255 255 0
P 192 142 255 255 0
P 193 142 255 255 0
P 194 142 255 255 0
P 195 142 255 255 0
P 196 142 255 255 0
P 197 142 255 255 0
P 198 142 255 255 0
P 199 142 255 255 0
P 200 142 255 255 0
P 201 142 255 255 0
P 202 142 255 255 0
P 203 142 255 255 0
P 204 142 255 255 0
P 205 142 255 255 0
P 154 143 255 255 0
P 155 143 255 255 0
P 156 143 255 255 0
P 157 143 255 255 0
P 158 143 255 255 0
P 159 143 255 255 0
P 160 143 255 255 0
P 161 143 255 255 0
P 162 143 255 255 0
P 163 143 255 255 0
P 164 143 255 255 0
P 165 143 255 255 0
P 166 143 255 255 0
P 167 143 255 255 0
P 168 143 255 255 0
P 169 143 255 255 0
P 170 143 255 255 0
P 171 143 255 255 0
P 172 143 255 255 0
P 173 143 255 255 0
P 174 143 255 255 0
P 175 143 255 255 0
P 176 143 255 255 0
P 177 143 255 255 0
P 178 143 255 255 0
P 179 143 255 255 0
P 180 143 255 255 0
P 181 143 255 255 0
P 182 143 255 255 0
P 183 143 255 255 0
P 184 143 255 255 0
P 185 143 255 255 0
P 186 143 255 255 0
P 187 143 255 255 0
P 188 143 255 255 0
P 189 143 255 255 0
P 190 143 255 255 0
P 191 143 255 255 0
P 192 143 255 255 0
P 193 143 255 255 0
P 194 143 255 255 0
P 195 143 255 255 0
P 196 143 255 255 0
P 197 143 255 255 0
P 198 143 255 255 0
P 199 143 255 255 0
P 200 143 255 255 0
P 201 143 255 255 0
P 202 143 255 255 0
P 203 143 255 255 0
P 204 143 255 255 0
P 205 143 255 255 0
P 153 144 255 255 0
P 154 144 255 255 0
P 155 144 255 255 0
P 156 144 255 255 0
P 157 144 255 255 0
P 158 144 255 255 0
P 159 144 255 255 0
P 160 144 255 255 0
P 161 144 255 255 0
P 162 144 255 255 0
P 163 144 255 255 0
P 164 144 255 255 0
P 165 144 255 255 0
P 166 144 255 255 0
P 167 144 255 255 0
P 168 144 255 255 0
P 169 144 255 255 0
P 170 144 255 255 0
P 171 144 255 255 0
P 172 144 255 255 0
P 173 144 255 255 0
P 174 144 255 255 0
P 175 144 255 255 0
P 176 144 255 255 0
P 177 144 255 255 0
P 178 144 255 255 0
P 179 144 255 255 0
P 180 144 255 255 0
P 181 144 255 255 0
P 182 144 255 255 0
P 183 144 255 255 0
P 184 144 255 255 0
P 185 144 255 255 0
P 186 144 255 255 0
P 187 144 255 255 0
P 188 144 255 255 0
P 189 144 255 255 0
P 190 144 255 255 0
P 191 144 255 255 0
P 192 144 255 255 0
P 193 144 255 255 0
P 194 144 255 255 0
P 195 144 255 255 0
P 196 144 255 255 0
P 197 144 255 255 0
P 198 144 255 255 0
P 199 144 255 255 0
P 200 144 255 255 0
P 201 144 255 255 0
P 202 144 255 255 0
P 203 144 255 255 0
P 204 144 255 255 0
P 205 144 255 255 0
P 153 145 255 255 0
P 154 145 255 255 0
P 155 145 255 255 0
P 156 145 255 255 0
P 157 145 255 255 0
P 158 145 255 255 0
P 159 145 255 255 0
P 160 145 255 255 0
P 161 145 255 255 0
P 162 145 255 255 0
P 163 145 255 255 0
P 164 145 255 255 0
P 165 145 255 255 0
P 166 145 255 255 0
P 167 145 255 255 0
P 168 145 255 255 0
P 169 145 255 255 0
P 170 145 255 255 0
P 171 145 255 255 0
P 172 145 255 255 0
P 173 145 255 255 0
P 174 145 255 255 0
P 175 145 255 255 0
P 176 145 255 255 0
P 177 145 255 255 0
P 178 145 255 255 0
P 179 145 255 255 0
P 180 145 255 255 0
P 181 145 255 255 0
P 182 145 255 255 0
P 183 145 255 255 0
P 184 145 255 255 0
P 185 145 255 255 0
P 186 145 255 255 0
P 187 145 255 255 0
P 188 145 255 255 0
P 189 145 255 255 0
P 190 145 255 255 0
P 191 145 255 255 0
P 192 145 255 255 0
P 193 145 255 255 0
P 194 145 255 255 0
P 195 145 255 255 0
P 196 145 255 255 0
P 197 145 255 255 0
P 198 145 255 255 0
P 199 145 255 255 0
P 200 145 255 255 0
P 201 145 255 255 0
P 202 145 255 255 0
P 203 145 255 255 0
P 204 145 255 255 0
P 205 145 255 255 0
P 152 146 255 255 0
P 153 146 255 255 0
P 154 146 255 255 0
P 155 146 255 255 0
P 156 146 255 255 0
P 157 146 255 255 0
P 158 146 255 255 0
P 159 146 255 255 0
P 160 146 255 255 0
P 161 146 255 255 0
P 162 146 255 255 0
P 163 146 255 255 0
P 164 146 255 255 0
P 165 146 255 255 0
P 166 146 255 255 0
P 167 146 255 255 0
P 168 146 255 255 0
P 169 146 255 255 0
P 170 146 255 255 0
P 171 146 255 255 0
P 172 146 255 255 0
P 173 146 255 255 0
P 174 146 255 255 0
P 175 146 255 255 0
P 176 146 255 255 0
P 177 146 255 255 0
P 178 146 255 255 0
P 179 146 255 255 0
P 180 146 255 255 0
P 181 146 255 255 0
P 182 146 255 255 0
P 183 146 255 255 0
P 184 146 255 255 0
P 185 146 255 255 0
P 186 146 255 255 0
P 187 146 255 255 0
P 188 146 255 255 0
P 189 146 255 255 0
P 190 146 255 255 0
P 191 146 255 255 0
P 192 146 255 255 0
P 193 146 255 255 0
P 194 146 255 255 0
P 195 146 255 255 0
P 196 146 255 255 0
P 197 146 255 255 0
P 198 146 255 255 0
P 199 146 255 255 0
P 200 146 255 255 0
P 201 146 255 255 0
P 202 146 255 255 0
P 203 146 255 255 0
P 204 146 255 255 0
P 205 146 255 255 0
P 152 147 255 255 0
P 153 147 255 255 0
P 154 147 255 255 0
P 155 147 255 255 0
P 156 147 255 255 0
P 157 147 255 255 0
P 158 147 255 255 0
P 159 147 255 255 0
P 160 147 255 255 0
P 161 147 255 255 0
P 162 147 255 255 0
P 163 147 255 255 0
P 164 147 255 255 0
P 165 147 255 255 0
P 166 147 255 255 0
P 167 147 255 255 0
P 168 147 255 255 0
P 169 147 255 255 0
P 170 147 255 255 0
P 171 147 255 255 0
P 172 147 255 255 0
P 173 147 255 255 0
P 174 147 255 255 0
P 175 147 255 255 0
P 176 147 255 255 0
P 177 147 255 255 0
P 178 147 255 255 0
P 179 147 255 255 0
P 180 147 255 255 0
P 181 147 255 255 0
P 182 147 255 255 0
P 183 147 255 255 0
P 184 147 255 255 0
P 185 147 255 255 0
P 186 147 255 255 0
P 187 147 255 255 0
P 188 147 255 255 0
P 189 147 255 255 0
P 190 147 255 255 0
P 191 147 255 255 0
P 192 147 255 255 0
P 193 147 255 255 0
P 194 147 255 255 0
P 195 147 255 255 0
P 196 147 255 255 0
P 197 147 255 255 0
P 198 147 255 255 0
P 199 147 255 255 0
P 200 147 255 255 0
P 201 147 255 255 0
P 202 147 255 255 0
P 203 147 255 255 0
P 204 147 255 255 0
P 205 147 255 255 0
P 151 148 255 255 0
P 152 148 255 255 0
P 153 148 255 255 0
P 154 148 255 255 0
P 155 148 255 255 0
P 156 148 255 255 0
P 157 148 255 255 0
P 158 148 255 255 0
P 159 148 255 255 0
P 160 148 255 255 0
P 161 148 255 255 0
P 162 148 255 255 0
P 163 148 255 255 0
P 164 148 255 255 0
P 165 148 255 255 0
P 166 148 255 255 0
P 167 148 255 255 0
P 168 148 255 255 0
P 169 148 255 255 0
P 170 148 255 255 0
P 171 148 255 255 0
P 172 148 255 255 0
P 173 148 255 255 0
P 174 148 255 255 0
P 175 148 255 255 0
P 176 148 255 255 0
P 177 148 255 255 0
P 178 148 255 255 0
P 179 148 255 255 0
P 180 148 255 255 0
P 181 148 255 255 0
P 182 148 255 255 0
P 183 148 255 255 0
P 184 148 255 255 0
P 185 148 255 255 0
P 186 148 255 255 0
P 187 148 255 255 0
P 188 148 255 255 0
P 189 148 255 255 0
P 190 148 255 255 0
P 191 148 255 255 0
P 192 148 255 255 0
P 193 148 255 255 0
P 194 148 255 255 0
P 195 148 255 255 0
P 196 148 255 255 0
P 197 148 255 255 0
P 198 148 255 255 0
P 199 148 255 255 0
P 200 148 255 255 0
P 201 148 255 255 0
P 202 148 255 255 0
P 203 148 255 255 0
P 204 148 255 255 0
P 205 148 255 255 0
P 150 149 255 255 0
P 151 149 255 255 0
P 152 149 255 255 0
P 153 149 255 255 0
P 154 149 255 255 0
P 155 149 255 255 0
P 156 149 255 255 0
P 157 149 255 255 0
P 158 149 255 255 0
P 159 149 255 255 0
P 160 149 255 255 0
P 161 149 255 255 0
P 162 149 255 255 0
P 163 149 255 255 0
P 164 149 255 255 0
P 165 149 255 255 0
P 166 149 255 255 0
P 167 149 255 255 0
P 168 149 255 255 0
P 169 149 255 255 0
P 170 149 255 255 0
P 171 149 255 255 0
P 172 149 255 255 0
P 173 149 255 255 0
P 174 149 255 255 0
P 175 149 255 255 0
P 176 149 255 255 0
P 177 149 255 255 0
P 178 149 255 255 0
P 179 149 255 255 0
P 180 149 255 255 0
P 181 149 255 255 0
P 182 149 255 255 0
P 183 149 255 255 0
P 184 149 255 255 0
P 185 149 255 255 0
P 186 149 255 255 0
P 187 149 255 255 0
P 188 149 255 255 0
P 189 149 255 255 0
P 190 149 255 255 0
P 191 149 255 255 0
P 192 149 255 255 0
P 193 149 255 255 0
P 194 149 255 255 0
P 195 149 255 255 0
P 196 149 255 255 0
P 197 149 255 255 0
P 198 149 255 255 0
P 199 149 255 255 0
P 200 149 255 255 0
P 201 149 255 255 0
P 202 149 255 255 0
P 203 149 255 255 0
P 204 149 255 255 0
P 205 149 255 255 0
P 150 150 255 255 0
P 151 150 255 255 0
P 152 150 255 255 0
P 153 150 255 255 0
P 154 150 255 255 0
P 155 150 255 255 0
P 156 150 255 255 0
P 157 150 255 255 0
P 158 150 255 255 0
P 159 150 255 255 0
P 160 150 255 255 0
P 161 150 255 255 0
P 162 150 255 255 0
P 163 150 255 255 0
P 164 150 255 255 0
P 165 150 255 255 0
P 166 150 255 255 0
P 167 150 255 255 0
P 168 150 255 255 0
P 169 150 255 255 0
P 170 150 255 255 0
P 171 150 255 255 0
P 172 150 255 255 0
P 173 150 255 255 0
P 174 150 255 255 0
P 175 150 255 255 0
P 176 150 255 255 0
P 177 150 255 255 0
P 178 150 255 255 0
P 179 150 255 255 0
P 180 150 255 255 0
P 181 150 255 255 0
P 182 150 255 255 0
P 183 150 255 255 0
P 184 150 255 255 0
P 185 150 255 255 0
P 186 150 255 255 0
P 187 150 255 255 0
P 188 150 255 255 0
P 189 150 255 255 0
P 190 150 255 255 0
P 191 150 255 255 0
P 192 150 255 255 0
P 193 150 255 255 0
P 194 150 255 255 0
P 195 150 255 255 0
P 196 150 255 255 0
P 197 150 255 255 0
P 198 150 255 255 0
P 199 150 255 255 0
P 200 150 255 255 0
P 201 150 255 255 0
P 202 150 255 255 0
P 203 150 255 255 0
P 204 150 255 255 0
P 205 150 255 255 0
P 149 151 255 255 0
P 150 151 255 255 0
P 151 151 255 255 0
P 152 151 255 255 0
P 153 151 255 255 0
P 154 151 255 255 0
P 155 151 255 255 0
P 156 151 255 255 0
P 157 151 255 255 0
P 158 151 255 255 0
P 159 151 255 255 0
P 160 151 255 255 0
P 161 151 255 255 0
P 162 151 255 255 0
P 163 151 255 255 0
P 164 151 255 255 0
P 165 151 255 255 0
P 166 151 255 255 0
P 167 151 255 255 0
P 168 151 255 255 0
P 169 151 255 255 0
P 170 151 255 255 0
P 171 151 255 255 0
P 172 151 255 255 0
P 173 151 255 255 0
P 174 151 255 255 0
P 175 151 255 255 0
P 176 151 255 255 0
P 177 151 255 255 0
P 178 151 255 255 0
P 179 151 255 255 0
P 180 151 255 255 0
P 181 151 255 255 0
P 182 151 255 255 0
P 183 151 255 255 0
P 184 151 255 255 0
P 185 151 255 255 0
P 186 151 255 255 0
P 187 151 255 255 0
P 188 151 255 255 0
P 189 151 255 255 0
P 190 151 255 255 0
P 191 151 255 255 0
P 192 151 255 255 0
P 193 151 255 255 0
P 194 151 255 255 0
P 195 151 255 255 0
P 196 151 255 255 0
P 197 151 255 255 0
P 198 151 255 255 0
P 199 151 255 255 0
P 200 151 255 255 0
P 201 151 255 255 0
P 202 151 255 255 0
P 203 151 255 255 0
P 204 151 255 255 0
P 205 151 255 255 0
P 149 152 255 255 0
P 150 152 255 255 0
P 151 152 255 255 0
P 152 152 255 255 0
P 153 152 255 255 0
P 154 152 255 255 0
P 155 152 255 255 0
P 156 152 255 255 0
P 157 152 255 255 0
P 158 152 255 255 0
P 159 152 255 255 0
P 160 152 255 255 0
P 161 152 255 255 0
P 162 152 255 255 0
P 163 152 255 255 0
P 164 152 255 255 0
P 165 152 255 255 0
P 166 152 255 255 0
P 167 152 255 255 0
P 168 152 255 255 0
P 169 152 255 255 0
P 170 152 255 255 0
P 171 152 255 255 0
P 172 152 255 255 0
P 173 152 255 255 0
P 174 152 255 255 0
P 175 152 255 255 0
P 176 152 255 255 0
P 177 152 255 255 0
P 178 152 255 255 0
P 179 152 255 255 0
P 180 152 255 255 0
P 181 152 255 255 0
P 182 152 255 255 0
P 183 152 255 255 0
P 184 152 255 255 0
P 185 152 255 255 0
P 186 152 255 255 0
P 187 152 255 255 0
P 188 152 255 255 0
P 189 152 255 255 0
P 190 152 255 255 0
P 191 152 255 255 0
P 192 152 255 255 0
P 193 152 255 255 0
P 194 152 255 255 0
P 195 152 255 255 0
P 196 152 255 255 0
P 197 152 255 255 0
P 198 152 255 255 0
P 199 152 255 255 0
P 200 152 255 255 0
P 201 152 255 255 0
P 202 152 255 255 0
P 203 152 255 255 0
P 204 152 255 255 0
P 205 152 255 255 0
P 148 153 255 255 0
P 149 153 255 255 0
P 150 153 255 255 0
P 151 153 255 255 0
P 152 153 255 255 0
P 153 153 255 255 0
P 154 153 255 255 0
P 155 153 255 255 0
P 156 153 255 255 0
P 157 153 255 255 0
P 158 153 255 255 0
P 159 153 255 255 0
P 160 153 255 255 0
P 161 153 255 255 0
P 162 153 255 255 0
P 163 153 255 255 0
P 164 153 255 255 0
P 165 153 255 255 0
P 166 153 255 255 0
P 167 153 255 255 0
P 168 153 255 255 0
P 169 153 255 255 0
P 170 153 255 255 0
P 171 153 255 255 0
P 172 153 255 255 0
P 173 153 255 255 0
P 174 153 255 255 0
P 175 153 255 255 0
P 176 153 255 255 0
P 177 153 255 255 0
P 178 153 255 255 0
P 179 153 255 255 0
P 180 153 255 255 0
P 181 153 255 255 0
P 182 153 255 255 0
P 183 153 255 255 0
P 184 153 255 255 0
P 185 153 255 255 0
P 186 153 255 255 0
P 187 153 255 255 0
P 188 153 255 255 0
P 189 153 255 255 0
P 190 153 255 255 0
P 191 153 255 255 0
P 192 153 255 255 0
P 193 153 255 255 0
P 194 153 255 255 0
P 195 153 255 255 0
P 196 153 255 255 0
P 197 153 255 255 0
P 198 153 255 255 0
P 199 153 255 255 0
P 200 153 255 255 0
P 201 153 255 255 0
P 202 153 255 255 0
P 203 153 255 255 0
P 204 153 255 255 0
P 205 153 255 255 0
P 147 154 255 255 0
P 148 154 255 255 0
P 149 154 255 255 0
P 150 154 255 255 0
P 151 154 255 255 0
P 152 154 255 255 0
P 153 154 255 255 0
P 154 154 255 255 0
P 155 154 255 255 0
P 156 154 255 255 0
P 157 154 255 255 0
P 158 154 255 255 0
P 159 154 255 255 0
P 160 154 255 255 0
P 161 154 255 255 0
P 162 154 255 255 0
P 163 154 255 255 0
P 164 154 255 255 0
P 165 154 255 255 0
P 166 154 255 255 0
P 167 154 255 255 0
P 168 154 255 255 0
P 169 154 255 255 0
P 170 154 255 255 0
P 171 154 255 255 0
P 172 154 255 255 0
P 173 154 255 255 0
P 174 154 255 255 0
P 175 154 255 255 0
P 176 154 255 255 0
P 177 154 255 255 0
P 178 154 255 255 0
P 179 154 255 255 0
P 180 154 255 255 0
P 181 154 255 255 0
P 182 154 255 255 0
P 183 154 255 255 0
P 184 154 255 255 0
P 185 154 255 255 0
P 186 154 255 255 0
P 187 154 255 255 0
P 188 154 255 255 0
P 189 154 255 255 0
P 190 154 255 255 0
P 191 154 255 255 0
P 192 154 255 255 0
P 193 154 255 255 0
P 194 154 255 255 0
P 195 154 255 255 0
P 196 154 255 255 0
P 197 154 255 255 0
P 198 154 255 255 0
P 199 154 255 255 0
P 200 154 255 255 0
P 201 154 255 255 0
P 202 154 255 255 0
P 203 154 255 255 0
P 204 154 255 255 0
P 205 154 255 255 0
P 147 155 255 255 0
P 148 155 255 255 0
P 149 155 255 255 0
P 150 155 255 255 0
P 151 155 255 255 0
P 152 155 255 255 0
P 153 155 255 255 0
P 154 155 255 255 0
P 155 155 255 255 0
P 156 155 255 255 0
P 157 155 255 255 0
P 158 155 255 255 0
P 159 155 255 255 0
P 160 155 255 255 0
P 161 155 255 255 0
P 162 155 255 255 0
P 163 155 255 255 0
P 164 155 255 255 0
P 165 155 255 255 0
P 166 155 255 255 0
P 167 155 255 255 0
P 168 155 255 255 0
P 169 155 255 255 0
P 170 155 255 255 0
P 171 155 255 255 0
P 172 155 255 255 0
P 173 155 255 255 0
P 174 155 255 255 0
P 175 155 255 255 0
P 176 155 255 255 0
P 177 155 255 255 0
P 178 155 255 255 0
P 179 155 255 255 0
P 180 155 255 255 0
P 181 155 255 255 0
P 182 155 255 255 0
P 183 155 255 255 0
P 184 155 255 255 0
P 185 155 255 255 0
P 186 155 255 255 0
P 187 155 255 255 0
P 188 155 255 255 0
P 189 155 255 255 0
P 190 155 255 255 0
P 191 155 255 255 0
P 192 155 255 255 0
P 193 155 255 255 0
P 194 155 255 255 0
P 195 155 255 255 0
P 196 155 255 255 0
P 197 155 255 255 0
P 198 155 255 255 0
P 199 155 255 255 0
P 200 155 255 255 0
P 201 155 255 255 0
P 202 155 255 255 0
P 203 155 255 255 0
P 204 155 255 255 0
P 205 155 255 255 0
P 206 155 255 255 0
P 146 156 255 255 0
P 147 156 255 255 0
P 148 156 255 255 0
P 149 156 255 255 0
P 150 156 255 255 0
P 151 156 255 255 0
P 152 156 255 255 0
P 153 156 255 255 0
P 154 156 255 255 0
P 155 156 255 255 0
P 156 156 255 255 0
P 157 156 255 255 0
P 158 156 255 255 0
P 159 156 255 255 0
P 160 156 255 255 0
P 161 156 255 255 0
P 162 156 255 255 0
P 163 156 255 255 0
P 164 156 255 255 0
P 165 156 255 255 0
P 166 156 255 255 0
P 167 156 255 255 0
P 168 156 255 255 0
P 169 156 255 255 0
P 170 156 255 255 0
P 171 156 255 255 0
P 172 156 255 255 0
P 173 156 255 255 0
P 174 156 255 255 0
P 175 156 255 255 0
P 176 156 255 255 0
P 177 156 255 255 0
P 178 156 255 255 0
P 179 156 255 255 0
P 180 156 255 255 0
P 181 156 255 255 0
P 182 156 255 255 0
P 183 156 255 255 0
P 184 156 255 255 0
P 185 156 255 255 0
P 186 156 255 255 0
P 187 156 255 255 0
P 188 156 255 255 0
P 189 156 255 255 0
P 190 156 255 255 0
P 191 156 255 255 0
P 192 156 255 255 0
P 193 156 255 255 0
P 194 156 255 255 0
P 195 156 255 255 0
P 196 156 255 255 0
P 197 156 255 255 0
P 198 156 255 255 0
P 199 156 255 255 0
P 200 156 255 255 0
P 201 156 255 255 0
P 202 156 255 255 0
P 203 156 255 255 0
P 204 156 255 255 0
P 205 156 255 255 0
P 206 156 255 255 0
P 146 157 255 255 0
P 147 157 255 255 0
P 148 157 255 255 0
P 149 157 255 255 0
P 150 157 255 255 0
P 151 157 255 255 0
P 152 157 255 255 0
P 153 157 255 255 0
P 154 157 255 255 0
P 155 157 255 255 0
P 156 157 255 255 0
P 157 157 255 255 0
P 158 157 255 255 0
P 159 157 255 255 0
P 160 157 255 255 0
P 161 157 255 255 0
P 162 157 255 255 0
P 163 157 255 255 0
P 164 157 255 255 0
P 165 157 255 255 0
P 166 157 255 255 0
P 167 157 255 255 0
P 168 157 255 255 0
P 169 157 255 255 0
P 170 157 255 255 0
P 171 157 255 255 0
P 172 157 255 255 0
P 173 157 255 255 0
P 174 157 255 255 0
P 175 157 255 255 0
P 176 157 255 255 0
P 177 157 255 255 0
P 178 157 255 255 0
P 179 157 255 255 0
P 180 157 255 255 0
P 181 157 255 255 0
P 182 157 255 255 0
P 183 157 255 255 0
P 184 157 255 255 0
P 185 157 255 255 0
P 186 157 255 255 0
P 187 157 255 255 0
P 188 157 255 255 0
P 189 157 255 255 0
P 190 157 255 255 0
P 191 157 255 255 0
P 192 157 255 255 0
P 193 157 255 255 0
P 194 157 255 255 0
P 195 157 255 255 0
P 196 157 255 255 0
P 197 157 255 255 0
P 198 157 255 255 0
P 199 157 255 255 0
P 200 157 255 255 0
P 201 157 255 255 0
P 202 157 255 255 0
P 203 157 255 255 0
P 204 157 255 255 0
P 205 157 255 255 0
P 206 157 255 255 0
P 145 158 255 255 0
P 146 158 255 255 0
P 147 158 255 255 0
P 148 158 255 255 0
P 149 158 255 255 0
P 150 158 255 255 0
P 151 158 255 255 0
P 152 158 255 255 0
P 153 158 255 255 0
P 154 158 255 255 0
P 155 158 255 255 0
P 156 158 255 255 0
P 157 158 255 255 0
P 158 158 255 255 0
P 159 158 255 255 0
P 160 158 255 255 0
P 161 158 255 255 0
P 162 158 255 255 0
P 163 158 255 255 0
P 164 158 255 255 0
P 165 158 255 255 0
P 166 158 255 255 0
P 167 158 255 255 0
P 168 158 255 255 0
P 169 158 255 255 0
P 170 158 255 255 0
P 171 158 255 255 0
P 172 158 255 255 0
P 173 158 255 255 0
P 174 158 255 255 0
P 175 158 255 255 0
P 176 158 255 255 0
P 177 158 255 255 0
P 178 158 255 255 0
P 179 158 255 255 0
P 180 158 255 255 0
P 181 158 255 255 0
P 182 158 255 255 0
P 183 158 255 255 0
P 184 158 255 255 0
P 185 158 255 255 0
P 186 158 255 255 0
P 187 158 255 255 0
P 188 158 255 255 0
P 189 158 255 255 0
P 190 158 255 255 0
P 191 158 255 255 0
P 192 158 255 255 0
P 193 158 255 255 0
P 194 158 255 255 0
P 195 158 255 255 0
P 196 158 255 255 0
P 197 158 255 255 0
P 198 158 255 255 0
P 199 158 255 255 0
P 200 158 255 255 0
P 201 158 255 255 0
P 202 158 255 255 0
P 203 158 255 255 0
P 204 158 255 255 0
P 205 158 255 255 0
P 206 158 255 255 0
P 145 159 255 255 0
P 146 159 255 255 0
P 147 159 255 255 0
P 148 159 255 255 0
P 149 159 255 255 0
P 150 159 255 255 0
P 151 159 255 255 0
P 152 159 255 255 0
P 153 159 255 255 0
P 154 159 255 255 0
P 155 159 255 255 0
P 156 159 255 255 0
P 157 159 255 255 0
P 158 159 255 255 0
P 159 159 255 255 0
P 160 159 255 255 0
P 161 159 255 255 0
P 162 159 255 255 0
P 163 159 255 255 0
P 164 159 255 255 0
P 165 159 255 255 0
P 166 159 255 255 0
P 167 159 255 255 0
P 168 159 255 255 0
P 169 159 255 255 0
P 170 159 255 255 0
P 171 159 255 255 0
P 172 159 255 255 0
P 173 159 255 255 0
P 174 159 255 255 0
P 175 159 255 255 0
P 176 159 255 255 0
P 177 159 255 255 0
P 178 159 255 255 0
P 179 159 255 255 0
P 180 159 255 255 0
P 181 159 255 255 0
P 182 159 255 255 0
P 183 159 255 255 0
P 184 159 255 255 0
P 185 159 255 255 0
P 186 159 255 255 0
P 187 159 255 255 0
P 188 159 255 255 0
P 189 159 255 255 0
P 190 159 255 255 0
P 191 159 255 255 0
P 192 159 255 255 0
P 193 159 255 255 0
P 194 159 255 255 0
P 195 159 255 255 0
P 196 159 255 255 0
P 197 159 255 255 0
P 198 159 255 255 0
P 199 159 255 255 0
P 200 159 255 255 0
P 201 159 255 255 0
P 202 159 255 255 0
P 203 159 255 255 0
P 204 159 255 255 0
P 205 159 255 255 0
P 206 159 255 255 0
P 144 160 255 255 0
P 145 160 255 255 0
P 146 160 255 255 0
P 147 160 255 255 0
P 148 160 255 255 0
P 149 160 255 255 0
P 150 160 255 255 0
P 151 160 255 255 0
P 152 160 255 255 0
P 153 160 255 255 0
P 154 160 255 255 0
P 155 160 255 255 0
P 156 160 255 255 0
P 157 160 255 255 0
P 158 160 255 255 0
P 159 160 255 255 0
P 160 160 255 255 0
P 161 160 255 255 0
P 162 160 255 255 0
P 163 160 255 255 0
P 164 160 255 255 0
P 165 160 255 255 0
P 166 160 255 255 0
P 167 160 255 255 0
P 168 160 255 255 0
P 169 160 255 255 0
P 170 160 255 255 0
P 171 160 255 255 0
P 172 160 255 255 0
P 173 160 255 255 0
P 174 160 255 255 0
P 175 160 255 255 0
P 176 160 255 255 0
P 177 160 255 255 0
P 178 160 255 255 0
P 179 160 255 255 0
P 180 160 255 255 0
P 181 160 255 255 0
P 182 160 255 255 0
P 183 160 255 255 0
P 184 160 255 255 0
P 185 160 255 255 0
P 186 160 255 255 0
P 187 160 255 255 0
P 188 160 255 255 0
P 189 160 255 255 0
P 190 160 255 255 0
P 191 160 255 255 0
P 192 160 255 255 0
P 193 160 255 255 0
P 194 160 255 255 0
P 195 160 255 255 0
P 196 160 255 255 0
P 197 160 255 255 0
P 198 160 255 255 0
P 199 160 255 255 0
P 200 160 255 255 0
P 201 160 255 255 0
P 202 160 255 255 0
P 203 160 255 255 0
P 204 160 255 255 0
P 205 160 255 255 0
P 206 160 255 255 0
P 143 161 255 255 0
P 144 161 255 255 0
P 145 161 255 255 0
P 146 161 255 255 0
P 147 161 255 255 0
P 148 161 255 255 0
P 149 161 255 255 0
P 150 161 255 255 0
P 151 161 255 255 0
P 152 161 255 255 0
P 153 161 255 255 0
P 154 161 255 255 0
P 155 161 255 255 0
P 156 161 255 255 0
P 157 161 255 255 0
P 158 161 255 255 0
P 159 161 255 255 0
P 160 161 255 255 0
P 161 161 255 255 0
P 162 161 255 255 0
P 163 161 255 255 0
P 164 161 255 255 0
P 165 161 255 255 0
P 166 161 255 255 0
P 167 161 255 255 0
P 168 161 255 255 0
P 169 161 255 255 0
P 170 161 255 255 0
P 171 161 255 255 0
P 172 161 255 255 0
P 173 161 255 255 0
P 174 161 255 255 0
P 175 161 255 255 0
P 176 161 255 255 0
P 177 161 255 255 0
P 178 161 255 255 0
P 179 161 255 255 0
P 180 161 255 255 0
P 181 161 255 255 0
P 182 161 255 255 0
P 183 161 255 255 0
P 184 161 255 255 0
P 185 161 255 255 0
P 186 161 255 255 0
P 187 161 255 255 0
P 188 161 255 255 0
P 189 161 255 255 0
P 190 161 255 255 0
P 191 161 255 255 0
P 192 161 255 255 0
P 193 161 255 255 0
P 194 161 255 255 0
P 195 161 255 255 0
P 196 161 255 255 0
P 197 161 255 255 0
P 198 161 255 255 0
P 199 161 255 255 0
P 200 161 255 255 0
P 201 161 255 255 0
P 202 161 255 255 0
P 203 161 255 255 0
P 204 161 255 255 0
P 205 161 255 255 0
P 206 161 255 255 0
P 143 162 255 255 0
P 144 162 255 255 0
P 145 162 255 255 0
P 146 162 255 255 0
P 147 162 255 255 0
P 148 162 255 255 0
P 149 162 255 255 0
P 150 162 255 255 0
P 151 162 255 255 0
P 152 162 255 255 0
P 153 162 255 255 0
P 154 162 255 255 0
P 155 162 255 255 0
P 156 162 255 255 0
P 157 162 255 255 0
P 158 162 255 255 0
P 159 162 255 255 0
P 160 162 255 255 0
P 161 162 255 255 0
P 162 162 255 255 0
P 163 162 255 255 0
P 164 162 255 255 0
P 165 162 255 255 0
P 166 162 255 255 0
P 167 162 255 255 0
P 168 162 255 255 0
P 169 162 255 255 0
P 170 162 255 255 0
P 171 162 255 255 0
P 172 162 255 255 0
P 173 162 255 255 0
P 174 162 255 255 0
P 175 162 255 255 0
P 176 162 255 255 0
P 177 162 255 255 0
P 178 162 255 255 0
P 179 162 255 255 0
P 180 162 255 255 0
P 181 162 255 255 0
P 182 162 255 255 0
P 183 162 255 255 0
P 184 162 255 255 0
P 185 162 255 255 0
P 186 162 255 255 0
P 187 162 255 255 0
P 188 162 255 255 0
P 189 162 255 255 0
P 190 162 255 255 0
P 191 162 255 255 0
P 192 162 255 255 0
P 193 162 255 255 0
P 194 162 255 255 0
P 195 162 255 255 0
P 196 162 255 255 0
P 197 162 255 255 0
P 198 162 255 255 0
P 199 162 255 255 0
P 200 162 255 255 0
P 201 162 255 255 0
P 202 162 255 255 0
P 203 162 255 255 0
P 204 162 255 255 0
P 205 162 255 255 0
P 206 162 255 255 0
P 142 163 255 255 0
P 143 163 255 255 0
P 144 163 255 255 0
P 145 163 255 255 0
P 146 163 255 255 0
P 147 163 255 255 0
P 148 163 255 255 0
P 149 163 255 255 0
P 150 163 255 255 0
P 151 163 255 255 0
P 152 163 255 255 0
P 153 163 255 255 0
P 154 163 255 255 0
P 155 163 255 255 0
P 156 163 255 255 0
P 157 163 255 255 0
P 158 163 255 255 0
P 159 163 255 255 0
P 160 163 255 255 0
P 161 163 255 255 0
P 162 163 255 255 0
P 163 163 255 255 0
P 164 163 255 255 0
P 165 163 255 255 0
P 166 163 255 255 0
P 167 163 255 255 0
P 168 163 255 255 0
P 169 163 255 255 0
P 170 163 255 255 0
P 171 163 255 255 0
P 172 163 255 255 0
P 173 163 255 255 0
P 174 163 255 255 0
P 175 163 255 255 0
P 176 163 255 255 0
P 177 163 255 255 0
P 178 163 255 255 0
P 179 163 255 255 0
P 180 163 255 255 0
P 181 163 255 255 0
P 182 163 255 255 0
P 183 163 255 255 0
P 184 163 255 255 0
P 185 163 255 255 0
P 186 163 255 255 0
P 187 163 255 255 0
P 188 163 255 255 0
P 189 163 255 255 0
P 190 163 255 255 0
P 191 163 255 255 0
P 192 163 255 255 0
P 193 163 255 255 0
P 194 163 255 255 0
P 195 163 255 255 0
P 196 163 255 255 0
P 197 163 255 255 0
P 198 163 255 255 0
P 199 163 255 255 0
P 200 163 255 255 0
P 201 163 255 255 0
P 202 163 255 255 0
P 203 163 255 255 0
P 204 163 255 255 0
P 205 163 255 255 0
P 206 163 255 255 0
P 142 164 255 255 0
P 143 164 255 255 0
P 144 164 255 255 0
P 145 164 255 255 0
P 146 164 255 255 0
P 147 164 255 255 0
P 148 164 255 255 0
P 149 164 255 255 0
P 150 164 255 255 0
P 151 164 255 255 0
P 152 164 255 255 0
P 153 164 255 255 0
P 154 164 255 255 0
P 155 164 255 255 0
P 156 164 255 255 0
P 157 164 255 255 0
P 158 164 255 255 0
P 159 164 255 255 0
P 160 164 255 255 0
P 161 164 255 255 0
P 162 164 255 255 0
P 163 164 255 255 0
P 164 164 255 255 0
P 165 164 255 255 0
P 166 164 255 255 0
P 167 164 255 255 0
P 168 164 255 255 0
P 169 164 255 255 0
P 170 164 255 255 0
P 171 164 255 255 0
P 172 164 255 255 0
P 173 164 255 255 0
P 174 164 255 255 0
P 175 164 255 255 0
P 176 164 255 255 0
P 177 164 255 255 0
P 178 164 255 255 0
P 179 164 255 255 0
P 180 164 255 255 0
P 181 164 255 255 0
P 182 164 255 255 0
P 183 164 255 255 0
P 184 164 255 255 0
P 185 164 255 255 0
P 186 164 255 255 0
P 187 164 255 255 0
P 188 164 255 255 0
P 189 164 255 255 0
P 190 164 255 255 0
P 191 164 255 255 0
P 192 164 255 255 0
P 193 164 255 255 0
P 194 164 255 255 0
P 195 164 255 255 0
P 196 164 255 255 0
P 197 164 255 255 0
P 198 164 255 255 0
P 199 164 255 255 0
P 200 164 255 255 0
P 201 164 255 255 0
P 202 164 255 255 0
P 203 164 255 255 0
P 204 164 255 255 0
P 205 164 255 255 0
P 206 164 255 255 0
P 141 165 255 255 0
P 142 165 255 255 0
P 143 165 255 255 0
P 144 165 255 255 0
P 145 165 255 255 0
P 146 165 255 255 0
P 147 165 255 255 0
P 148 165 255 255 0
P 149 165 255 255 0
P 150 165 255 255 0
P 151 165 255 255 0
P 152 165 255 255 0
P 153 165 255 255 0
P 154 165 255 255 0
P 155 165 255 255 0
P 156 165 255 255 0
P 157 165 255 255 0
P 158 165 255 255 0
P 159 165 255 255 0
P 160 165 255 255 0
P 161 165 255 255 0
P 162 165 255 255 0
P 163 165 255 255 0
P 164 165 255 255 0
P 165 165 255 255 0
P 166 165 255 255 0
P 167 165 255 255 0
P 168 165 255 255 0
P 169 165 255 255 0
P 170 165 255 255 0
P 171 165 255 255 0
P 172 165 255 255 0
P 173 165 255 255 0
P 174 165 255 255 0
P 175 165 255 255 0
P 176 165 255 255 0
P 177 165 255 255 0
P 178 165 255 255 0
P 179 165 255 255 0
P 180 165 255 255 0
P 181 165 255 255 0
P 182 165 255 255 0
P 183 165 255 255 0
P 184 165 255 255 0
P 185 165 255 255 0
P 186 165 255 255 0
P 187 165 255 255 0
P 188 165 255 255 0
P 189 165 255 255 0
P 190 165 255 255 0
P 191 165 255 255 0
P 192 165 255 255 0
P 193 165 255 255 0
P 194 165 255 255 0
P 195 165 255 255 0
P 196 165 255 255 0
P 197 165 255 255 0
P 198 165 255 255 0
P 199 165 255 255 0
P 200 165 255 255 0
P 201 165 255 255 0
P 202 165 255 255 0
P 203 165 255 255 0
P 204 165 255 255 0
P 205 165 255 255 0
P 206 165 255 255 0
P 140 166 255 255 0
P 141 166 255 255 0
P 142 166 255 255 0
P 143 166 255 255 0
P 144 166 255 255 0
P 145 166 255 255 0
P 146 166 255 255 0
P 147 166 255 255 0
P 148 166 255 255 0
P 149 166 255 255 0
P 150 166 255 255 0
P 151 166 255 255 0
P 152 166 255 255 0
P 153 166 255 255 0
P 154 166 255 255 0
P 155 166 255 255 0
P 156 166 255 255 0
P 157 166 255 255 0
P 158 166 255 255 0
P 159 166 255 255 0
P 160 166 255 255 0
P 161 166 255 255 0
P 162 166 255 255 0
P 163 166 255 255 0
P 164 166 255 255 0
P 165 166 255 255 0
P 166 166 255 255 0
P 167 166 255 255 0
P 168 166 255 255 0
P 169 166 255 255 0
P 170 166 255 255 0
P 171 166 255 255 0
P 172 166 255 255 0
P 173 166 255 255 0
P 174 166 255 255 0
P 175 166 255 255 0
P 176 166 255 255 0
P 177 166 255 255 0
P 178 166 255 255 0
P 179 166 255 255 0
P 180 166 255 255 0
P 181 166 255 255 0
P 182 166 255 255 0
P 183 166 255 255 0
P 184 166 255 255 0
P 185 166 255 255 0
P 186 166 255 255 0
P 187 166 255 255 0
P 188 166 255 255 0
P 189 166 255 255 0
P 190 166 255 255 0
P 191 166 255 255 0
P 192 166 255 255 0
P 193 166 255 255 0
P 194 166 255 255 0
P 195 166 255 255 0
P 196 166 255 255 0
P 197 166 255 255 0
P 198 166 255 255 0
P 199 166 255 255 0
P 200 166 255 255 0
P 201 166 255 255 0
P 202 166 255 255 0
P 203 166 255 255 0
P 204 166 255 255 0
P 205 166 255 255 0
P 206 166 255 255 0
P 140 167 255 255 0
P 141 167 255 255 0
P 142 167 255 255 0
P 143 167 255 255 0
P 144 167 255 255 0
P 145 167 255 255 0
P 146 167 255 255 0
P 147 167 255 255 0
P 148 167 255 255 0
P 149 167 255 255 0
P 150 167 255 255 0
P 151 167 255 255 0
P 152 167 255 255 0
P 153 167 255 255 0
P 154 167 255 255 0
P 155 167 255 255 0
P 156 167 255 255 0
P 157 167 255 255 0
P 158 167 255 255 0
P 159 167 255 255 0
P 160 167 255 255 0
P 161 167 255 255 0
P 162 167 255 255 0
P 163 167 255 255 0
P 164 167 255 255 0
P 165 167 255 255 0
P 166 167 255 255 0
P 167 167 255 255 0
P 168 167 255 255 0
P 169 167 255 255 0
P 170 167 255 255 0
P 171 167 255 255 0
P 172 167 255 255 0
P 173 167 255 255 0
P 174 167 255 255 0
P 175 167 255 255 0
P 176 167 255 255 0
P 177 167 255 255 0
P 178 167 255 255 0
P 179 167 255 255 0
P 180 167 255 255 0
P 181 167 255 255 0
P 182 167 255 255 0
P 183 167 255 255 0
P 184 167 255 255 0
P 185 167 255 255 0
P 186 167 255 255 0
P 187 167 255 255 0
P 188 167 255 255 0
P 189 167 255 255 0
P 190 167 255 255 0
P 191 167 255 255 0
P 192 167 255 255 0
P 193 167 255 255 0
P 194 167 255 255 0
P 195 167 255 255 0
P 196 167 255 255 0
P 197 167 255 255 0
P 198 167 255 255 0
P 199 167 255 255 0
P 200 167 255 255 0
P 201 167 255 255 0
P 202 167 255 255 0
P 203 167 255 255 0
P 204 167 255 255 0
P 205 167 255 255 0
P 206 167 255 255 0
P 139 168 255 255 0
P 140 168 255 255 0
P 141 168 255 255 0
P 142 168 255 255 0
P 143 168 255 255 0
P 144 168 255 255 0
P 145 168 255 255 0
P 146 168 255 255 0
P 147 168 255 255 0
P 148 168 255 255 0
P 149 168 255 255 0
P 150 168 255 255 0
P 151 168 255 255 0
P 152 168 255 255 0
P 153 168 255 255 0
P 154 168 255 255 0
P 155 168 255 255 0
P 156 168 255 255 0
P 157 168 255 255 0
P 158 168 255 255 0
P 159 168 255 255 0
P 160 168 255 255 0
P 161 168 255 255 0
P 162 168 255 255 0
P 163 168 255 255 0
P 164 168 255 255 0
P 165 168 255 255 0
P 166 168 255 255 0
P 167 168 255 255 0
P 168 168 255 255 0
P 169 168 255 255 0
P 170 168 255 255 0
P 171 168 255 255 0
P 172 168 255 255 0
P 173 168 255 255 0
P 174 168 255 255 0
P 175 168 255 255 0
P 176 168 255 255 0
P 177 168 255 255 0
P 178 168 255 255 0
P 179 168 255 255 0
P 180 168 255 255 0
P 181 168 255 255 0
P 182 168 255 255 0
P 183 168 255 255 0
P 184 168 255 255 0
P 185 168 255 255 0
P 186 168 255 255 0
P 187 168 255 255 0
P 188 168 255 255 0
P 189 168 255 255 0
P 190 168 255 255 0
P 191 168 255 255 0
P 192 168 255 255 0
P 193 168 255 255 0
P 194 168 255 255 0
P 195 168 255 255 0
P 196 168 255 255 0
P 197 168 255 255 0
P 198 168 255 255 0
P 199 168 255 255 0
P 200 168 255 255 0
P 201 168 255 255 0
P 202 168 255 255 0
P 203 168 255 255 0
P 204 168 255 255 0
P 205 168 255 255 0
P 206 168 255 255 0
P 139 169 255 255 0
P 140 169 255 255 0
P 141 169 255 255 0
P 142 169 255 255 0
P 143 169 255 255 0
P 144 169 255 255 0
P 145 169 255 255 0
P 146 169 255 255 0
P 147 169 255 255 0
P 148 169 255 255 0
P 149 169 255 255 0
P 150 169 255 255 0
P 151 169 255 255 0
P 152 169 255 255 0
P 153 169 255 255 0
P 154 169 255 255 0
P 155 169 255 255 0
P 156 169 255 255 0
P 157 169 255 255 0
P 158 169 255 255 0
P 159 169 255 255 0
P 160 169 255 255 0
P 161 169 255 255 0
P 162 169 255 255 0
P 163 169 255 255 0
P 164 169 255 255 0
P 165 169 255 255 0
P 166 169 255 255 0
P 167 169 255 255 0
P 168 169 255 255 0
P 169 169 255 255 0
P 170 169 255 255 0
P 171 169 255 255 0
P 172 169 255 255 0
P 173 169 255 255 0
P 174 169 255 255 0
P 175 169 255 255 0
P 176 169 255 255 0
P 177 169 255 255 0
P 178 169 255 255 0
P 179 169 255 255 0
P 180 169 255 255 0
P 181 169 255 255 0
P 182 169 255 255 0
P 183 169 255 255 0
P 184 169 255 255 0
P 185 169 255 255 0
P 186 169 255 255 0
P 187 169 255 255 0
P 188 169 255 255 0
P 189 169 255 255 0
P 190 169 255 255 0
P 191 169 255 255 0
P 192 169 255 255 0
P 193 169 255 255 0
P 194 169 255 255 0
P 195 169 255 255 0
P 196 169 255 255 0
P 197 169 255 255 0
P 198 169 255 255 0
P 199 169 255 255 0
P 200 169 255 255 0
P 201 169 255 255 0
P 202 169 255 255 0
P 203 169 255 255 0
P 204 169 255 255 0
P 205 169 255 255 0
P 206 169 255 255 0
P 207 169 255 255 0
P 138 170 255 255 0
P 139 170 255 255 0
P 140 170 255 255 0
P 141 170 255 255 0
P 142 170 255 255 0
P 143 170 255 255 0
P 144 170 255 255 0
P 145 170 255 255 0
P 146 170 255 255 0
P 147 170 255 255 0
P 148 170 255 255 0
P 149 170 255 255 0
P 150 170 255 255 0
P 151 170 255 255 0
P 152 170 255 255 0
P 153 170 255 255 0
P 154 170 255 255 0
P 155 170 255 255 0
P 156 170 255 255 0
P 157 170 255 255 0
P 158 170 255 255 0
P 159 170 255 255 0
P 160 170 255 255 0
P 161 170 255 255 0
P 162 170 255 255 0
P 163 170 255 255 0
P 164 170 255 255 0
P 165 170 255 255 0
P 166 170 255 255 0
P 167 170 255 255 0
P 168 170 255 255 0
P 169 170 255 255 0
P 170 170 255 255 0
P 171 170 255 255 0
P 172 170 255 255 0
P 173 170 255 255 0
P 174 170 255 255 0
P 175 170 255 255 0
P 176 170 255 255 0
P 177 170 255 255 0
P 178 170 255 255 0
P 179 170 255 255 0
P 180 170 255 255 0
P 181 170 255 255 0
P 182 170 255 255 0
P 183 170 255 255 0
P 184 170 255 255 0
P 185 170 255 255 0
P 186 170 255 255 0
P 187 170 255 255 0
P 188 170 255 255 0
P 189 170 255 255 0
P 190 170 255 255 0
P 191 170 255 255 0
P 192 170 255 255 0
P 193 170 255 255 0
P 194 170 255 255 0
P 195 170 255 255 0
P 196 170 255 255 0
P 197 170 255 255 0
P 198 170 255 255 0
P 199 170 255 255 0
P 200 170 255 255 0
P 201 170 255 255 0
P 202 170 255 255 0
P 203 170 255 255 0
P 204 170 255 255 0
P 205 170 255 255 0
P 206 170 255 255 0
P 207 170 255 255 0
P 138 171 255 255 0
P 139 171 255 255 0
P 140 171 255 255 0
P 141 171 255 255 0
P 142 171 255 255 0
P 143 171 255 255 0
P 144 171 255 255 0
P 145 171 255 255 0
P 146 171 255 255 0
P 147 171 255 255 0
P 148 171 255 255 0
P 149 171 255 255 0
P 150 171 255 255 0
P 151 171 255 255 0
P 152 171 255 255 0
P 153 171 255 255 0
P 154 171 255 255 0
P 155 171 255 255 0
P 156 171 255 255 0
P 157 171 255 255 0
P 158 171 255 255 0
P 159 171 255 255 0
P 160 171 255 255 0
P 161 171 255 255 0
P 162 171 255 255 0
P 163 171 255 255 0
P 164 171 255 255 0
P 165 171 255 255 0
P 166 171 255 255 0
P 167 171 255 255 0
P 168 171 255 255 0
P 169 171 255 255 0
P 170 171 255 255 0
P 171 171 255 255 0
P 172 171 255 255 0
P 173 171 255 255 0
P 174 171 255 255 0
P 175 171 255 255 0
P 176 171 255 255 0
P 177 171 255 255 0
P 178 171 255 255 0
P 179 171 255 255 0
P 180 171 255 255 0
P 181 171 255 255 0
P 182 171 255 255 0
P 183 171 255 255 0
P 184 171 255 255 0
P 185 171 255 255 0
P 186 171 255 255 0
P 187 171 255 255 0
P 188 171 255 255 0
P 189 171 255 255 0
P 190 171 255 255 0
P 191 171 255 255 0
P 192 171 255 255 0
P 193 171 255 255 0
P 194 171 255 255 0
P 195 171 255 255 0
P 196 171 255 255 0
P 197 171 255 255 0
P 198 171 255 255 0
P 199 171 255 255 0
P 200 171 255 255 0
P 201 171 255 255 0
P 202 171 255 255 0
P 203 171 255 255 0
P 204 171 255 255 0
P 205 171 255 255 0
P 206 171 255 255 0
P 207 171 255 255 0
P 137 172 255 255 0
P 138 172 255 255 0
P 139 172 255 255 0
P 140 172 255 255 0
P 141 172 255 255 0
P 142 172 255 255 0
P 143 172 255 255 0
P 144 172 255 255 0
P 145 172 255 255 0
P 146 172 255 255 0
P 147 172 255 255 0
P 148 172 255 255 0
P 149 172 255 255 0
P 150 172 255 255 0
P 151 172 255 255 0
P 152 172 255 255 0
P 153 172 255 255 0
P 154 172 255 255 0
P 155 172 255 255 0
P 156 172 255 255 0
P 157 172 255 255 0
P 158 172 255 255 0
P 159 172 255 255 0
P 160 172 255 255 0
P 161 172 255 255 0
P 162 172 255 255 0
P 163 172 255 255 0
P 164 172 255 255 0
P 165 172 255 255 0
P 166 172 255 255 0
P 167 172 255 255 0
P 168 172 255 255 0
P 169 172 255 255 0
P 170 172 255 255 0
P 171 172 255 255 0
P 172 172 255 255 0
P 173 172 255 255 0
P 174 172 255 255 0
P 175 172 255 255 0
P 176 172 255 255 0
P 177 172 255 255 0
P 178 172 255 255 0
P 179 172 255 255 0
P 180 172 255 255 0
P 181 172 255 255 0
P 182 172 255 255 0
P 183 172 255 255 0
P 184 172 255 255 0
P 185 172 255 255 0
P 186 172 255 255 0
P 187 172 255 255 0
P 188 172 255 255 0
P 189 172 255 255 0
P 190 172 255 255 0
P 191 172 255 255 0
P 192 172 255 255 0
P 193 172 255 255 0
P 194 172 255 255 0
P 195 172 255 255 0
P 196 172 255 255 0
P 197 172 255 255 0
P 198 172 255 255 0
P 199 172 255 255 0
P 200 172 255 255 0
P 201 172 255 255 0
P 202 172 255 255 0
P 203 172 255 255 0
P 204 172 255 255 0
P 205 172 255 255 0
P 206 172 255 255 0
P 207 172 255 255 0
P 136 173 255 255 0
P 137 173 255 255 0
P 138 173 255 255 0
P 139 173 255 255 0
P 140 173 255 255 0
P 141 173 255 255 0
P 142 173 255 255 0
P 143 173 255 255 0
P 144 173 255 255 0
P 145 173 255 255 0
P 146 173 255 255 0
P 147 173 255 255 0
P 148 173 255 255 0
P 149 173 255 255 0
P 150 173 255 255 0
P 151 173 255 255 0
P 152 173 255 255 0
P 153 173 255 255 0
P 154 173 255 255 0
P 155 173 255 255 0
P 156 173 255 255 0
P 157 173 255 255 0
P 158 173 255 255 0
P 159 173 255 255 0
P 160 173 255 255 0
P 161 173 255 255 0
P 162 173 255 255 0
P 163 173 255 255 0
P 164 173 255 255 0
P 165 173 255 255 0
P 166 173 255 255 0
P 167 173 255 255 0
P 168 173 255 255 0
P 169 173 255 255 0
P 170 173 255 255 0
P 171 173 255 255 0
P 172 173 255 255 0
P 173 173 255 255 0
P 174 173 255 255 0
P 175 173 255 255 0
P 176 173 255 255 0
P 177 173 255 255 0
P 178 173 255 255 0
P 179 173 255 255 0
P 180 173 255 255 0
P 181 173 255 255 0
P 182 173 255 255 0
P 183 173 255 255 0
P 184 173 255 255 0
P 185 173 255 255 0
P 186 173 255 255 0
P 187 173 255 255 0
P 188 173 255 255 0
P 189 173 255 255 0
P 190 173 255 255 0
P 191 173 255 255 0
P 192 173 255 255 0
P 193 173 255 255 0
P 194 173 255 255 0
P 195 173 255 255 0
P 196 173 255 255 0
P 197 173 255 255 0
P 198 173 255 255 0
P 199 173 255 255 0
P 200 173 255 255 0
P 201 173 255 255 0
P 202 173 255 255 0
P 203 173 255 255 0
P 204 173 255 255 0
P 205 173 255 255 0
P 206 173 255 255 0
P 207 173 255 255 0
P 136 174 255 255 0
P 137 174 255 255 0
P 138 174 255 255 0
P 139 174 255 255 0
P 140 174 255 255 0
P 141 174 255 255 0
P 142 174 255 255 0
P 143 174 255 255 0
P 144 174 255 255 0
P 145 174 255 255 0
P 146 174 255 255 0
P 147 174 255 255 0
P 148 174 255 255 0
P 149 174 255 255 0
P 150 174 255 255 0
P 151 174 255 255 0
P 152 174 255 255 0
P 153 174 255 255 0
P 154 174 255 255 0
P 155 174 255 255 0
P 156 174 255 255 0
P 157 174 255 255 0
P 158 174 255 255 0
P 159 174 255 255 0
P 160 174 255 255 0
P 161 174 255 255 0
P 162 174 255 255 0
P 163 174 255 255 0
P 164 174 255 255 0
P 165 174 255 255 0
P 166 174 255 255 0
P 167 174 255 255 0
P 168 174 255 255 0
P 169 174 255 255 0
P 170 174 255 255 0
P 171 174 255 255 0
P 172 174 255 255 0
P 173 174 255 255 0
P 174 174 255 255 0
P 175 174 255 255 0
P 176 174 255 255 0
P 177 174 255 255 0
P 178 174 255 255 0
P 179 174 255 255 0
P 180 174 255 255 0
P 181 174 255 255 0
P 182 174 255 255 0
P 183 174 255 255 0
P 184 174 255 255 0
P 185 174 255 255 0
P 186 174 255 255 0
P 187 174 255 255 0
P 188 174 255 255 0
P 189 174 255 255 0
P 190 174 255 255 0
P 191 174 255 255 0
P 192 174 255 255 0
P 193 174 255 255 0
P 194 174 255 255 0
P 195 174 255 255 0
P 196 174 255 255 0
P 197 174 255 255 0
P 198 174 255 255 0
P 199 174 255 255 0
P 200 174 255 255 0
P 201 174 255 255 0
P 202 174 255 255 0
P 203 174 255 255 0
P 204 174 255 255 0
P 205 174 255 255 0
P 206 174 255 255 0
P 207 174 255 255 0
P 135 175 255 255 0
P 136 175 255 255 0
P 137 175 255 255 0
P 138 175 255 255 0
P 139 175 255 255 0
P 140 175 255 255 0
P 141 175 255 255 0
P 142 175 255 255 0
P 143 175 255 255 0
P 144 175 255 255 0
P 145 175 255 255 0
P 146 175 255 255 0
P 147 175 255 255 0
P 148 175 255 255 0
P 149 175 255 255 0
P 150 175 255 255 0
P 151 175 255 255 0
P 152 175 255 255 0
P 153 175 255 255 0
P 154 175 255 255 0
P 155 175 255 255 0
P 156 175 255 255 0
P 157 175 255 255 0
P 158 175 255 255 0
P 159 175 255 255 0
P 160 175 255 255 0
P 161 175 255 255 0
P 162 175 255 255 0
P 163 175 255 255 0
P 164 175 255 255 0
P 165 175 255 255 0
P 166 175 255 255 0
P 167 175 255 255 0
P 168 175 255 255 0
P 169 175 255 255 0
P 170 175 255 255 0
P 171 175 255 255 0
P 172 175 255 255 0
P 173 175 255 255 0
P 174 175 255 255 0
P 175 175 255 255 0
P 176 175 255 255 0
P 177 175 255 255 0
P 178 175 255 255 0
P 179 175 255 255 0
P 180 175 255 255 0
P 181 175 255 255 0
P 182 175 255 255 0
P 183 175 255 255 0
P 184 175 255 255 0
P 185 175 255 255 0
P 186 175 255 255 0
P 187 175 255 255 0
P 188 175 255 255 0
P 189 175 255 255 0
P 190 175 255 255 0
P 191 175 255 255 0
P 192 175 255 255 0
P 193 175 255 255 0
P 194 175 255 255 0
P 195 175 255 255 0
P 196 175 255 255 0
P 197 175 255 255 0
P 198 175 255 255 0
P 199 175 255 255 0
P 200 175 255 255 0
P 201 175 255 255 0
P 202 175 255 255 0
P 203 175 255 255 0
P 204 175 255 255 0
P 205 175 255 255 0
P 206 175 255 255 0
P 207 175 255 255 0
P 135 176 255 255 0
P 136 176 255 255 0
P 137 176 255 255 0
P 138 176 255 255 0
P 139 176 255 255 0
P 140 176 255 255 0
P 141 176 255 255 0
P 142 176 255 255 0
P 143 176 255 255 0
P 144 176 255 255 0
P 145 176 255 255 0
P 146 176 255 255 0
P 147 176 255 255 0
P 148 176 255 255 0
P 149 176 255 255 0
P 150 176 255 255 0
P 151 176 255 255 0
P 152 176 255 255 0
P 153 176 255 255 0
P 154 176 255 255 0
P 155 176 255 255 0
P 156 176 255 255 0
P 157 176 255 255 0
P 158 176 255 255 0
P 159 176 255 255 0
P 160 176 255 255 0
P 161 176 255 255 0
P 162 176 255 255 0
P 163 176 255 255 0
P 164 176 255 255 0
P 165 176 255 255 0
P 166 176 255 255 0
P 167 176 255 255 0
P 168 176 255 255 0
P 169 176 255 255 0
P 170 176 255 255 0
P 171 176 255 255 0
P 172 176 255 255 0
P 173 176 255 255 0
P 174 176 255 255 0
P 175 176 255 255 0
P 176 176 255 255 0
P 177 176 255 255 0
P 178 176 255 255 0
P 179 176 255 255 0
P 180 176 255 255 0
P 181 176 255 255 0
P 182 176 255 255 0
P 183 176 255 255 0
P 184 176 255 255 0
P 185 176 255 255 0
P 186 176 255 255 0
P 187 176 255 255 0
P 188 176 255 255 0
P 189 176 255 255 0
P 190 176 255 255 0
P 191 176 255 255 0
P 192 176 255 255 0
P 193 176 255 255 0
P 194 176 255 255 0
P 195 176 255 255 0
P 196 176 255 255 0
P 197 176 255 255 0
P 198 176 255 255 0
P 199 176 255 255 0
P 200 176 255 255 0
P 201 176 255 255 0
P 202 176 255 255 0
P 203 176 255 255 0
P 204 176 255 255 0
P 134 177 255 255 0
P 135 177 255 255 0
P 136 177 255 255 0
P 137 177 255 255 0
P 138 177 255 255 0
P 139 177 255 255 0
P 140 177 255 255 0
P 141 177 255 255 0
P 142 177 255 255 0
P 143 177 255 255 0
P 144 177 255 255 0
P 145 177 255 255 0
P 146 177 255 255 0
P 147 177 255 255 0
P 148 177 255 255 0
P 149 177 255 255 0
P 150 177 255 255 0
P 151 177 255 255 0
P 152 177 255 255 0
P 153 177 255 255 0
P 154 177 255 255 0
P 155 177 255 255 0
P 156 177 255 255 0
P 157 177 255 255 0
P 158 177 255 255 0
P 159 177 255 255 0
P 160 177 255 255 0
P 161 177 255 255 0
P 162 177 255 255 0
P 163 177 255 255 0
P 164 177 255 255 0
P 165 177 255 255 0
P 166 177 255 255 0
P 167 177 255 255 0
P 168 177 255 255 0
P 169 177 255 255 0
P 170 177 255 255 0
P 171 177 255 255 0
P 172 177 255 255 0
P 173 177 255 255 0
P 174 177 255 255 0
P 175 177 255 255 0
P 176 177 255 255 0
P 177 177 255 255 0
P 178 177 255 255 0
P 179 177 255 255 0
P 180 177 255 255 0
P 181 177 255 255 0
P 182 177 255 255 0
P 183 177 255 255 0
P 184 177 255 255 0
P 185 177 255 255 0
P 186 177 255 255 0
P 187 177 255 255 0
P 188 177 255 255 0
P 189 177 255 255 0
P 190 177 255 255 0
P 191 177 255 255 0
P 192 177 255 255 0
P 193 177 255 255 0
P 194 177 255 255 0
P 195 177 255 255 0
P 196 177 255 255 0
P 197 177 255 255 0
P 134 178 255 255 0
P 135 178 255 255 0
P 136 178 255 255 0
P 137 178 255 255 0
P 138 178 255 255 0
P 139 178 255 255 0
P 140 178 255 255 0
P 141 178 255 255 0
P 142 178 255 255 0
P 143 178 255 255 0
P 144 178 255 255 0
P 145 178 255 255 0
P 146 178 255 255 0
P 147 178 255 255 0
P 148 178 255 255 0
P 149 178 255 255 0
P 150 178 255 255 0
P 151 178 255 255 0
P 152 178 255 255 0
P 153 178 255 255 0
P 154 178 255 255 0
P 155 178 255 255 0
P 156 178 255 255 0
P 157 178 255 255 0
P 158 178 255 255 0
P 159 178 255 255 0
P 160 178 255 255 0
P 161 178 255 255 0
P 162 178 255 255 0
P 163 178 255 255 0
P 164 178 255 255 0
P 165 178 255 255 0
P 166 178 255 255 0
P 167 178 255 255 0
P 168 178 255 255 0
P 169 178 255 255 0
P 170 178 255 255 0
P 171 178 255 255 0
P 172 178 255 255 0
P 173 178 255 255 0
P 174 178 255 255 0
P 175 178 255 255 0
P 176 178 255 255 0
P 177 178 255 255 0
P 178 178 255 255 0
P 179 178 255 255 0
P 180 178 255 255 0
P 181 178 255 255 0
P 182 178 255 255 0
P 183 178 255 255 0
P 184 178 255 255 0
P 185 178 255 255 0
P 186 178 255 255 0
P 187 178 255 255 0
P 188 178 255 255 0
P 189 178 255 255 0
P 190 178 255 255 0
P 133 179 255 255 0
P 134 179 255 255 0
P 135 179 255 255 0
P 136 179 255 255 0
P 137 179 255 255 0
P 138 179 255 255 0
P 139 179 255 255 0
P 140 179 255 255 0
P 141 179 255 255 0
P 142 179 255 255 0
P 143 179 255 255 0
P 144 179 255 255 0
P 145 179 255 255 0
P 146 179 255 255 0
P 147 179 255 255 0
P 148 179 255 255 0
P 149 179 255 255 0
P 150 179 255 255 0
P 151 179 255 255 0
P 152 179 255 255 0
P 153 179 255 255 0
P 154 179 255 255 0
P 155 179 255 255 0
P 156 179 255 255 0
P 157 179 255 255 0
P 158 179 255 255 0
P 159 179 255 255 0
P 160 179 255 255 0
P 161 179 255 255 0
P 162 179 255 255 0
P 163 179 255 255 0
P 164 179 255 255 0
P 165 179 255 255 0
P 166 179 255 255 0
P 167 179 255 255 0
P 168 179 255 255 0
P 169 179 255 255 0
P 170 179 255 255 0
P 171 179 255 255 0
P 172 179 255 255 0
P 173 179 255 255 0
P 174 179 255 255 0
P 175 179 255 255 0
P 176 179 255 255 0
P 177 179 255 255 0
P 178 179 255 255 0
P 179 179 255 255 0
P 180 179 255 255 0
P 181 179 255 255 0
P 182 179 255 255 0
P 183 179 255 255 0
P 184 179 255 255 0
P 132 180 255 255 0
P 133 180 255 255 0
P 134 180 255 255 0
P 135 180 255 255 0
P 136 180 255 255 0
P 137 180 255 255 0
P 138 180 255 255 0
P 139 180 255 255 0
P 140 180 255 255 0
P 141 180 255 255 0
P 142 180 255 255 0
P 143 180 255 255 0
P 144 180 255 255 0
P 145 180 255 255 0
P 146 180 255 255 0
P 147 180 255 255 0
P 148 180 255 255 0
P 149 180 255 255 0
P 150 180 255 255 0
P 151 180 255 255 0
P 152 180 255 255 0
P 153 180 255 255 0
P 154 180 255 255 0
P 155 180 255 255 0
P 156 180 255 255 0
P 157 180 255 255 0
P 158 180 255 255 0
P 159 180 255 255 0
P 160 180 255 255 0
P 161 180 255 255 0
P 162 180 255 255 0
P 163 180 255 255 0
P 164 180 255 255 0
P 165 180 255 255 0
P 166 180 255 255 0
P 167 180 255 255 0
P 168 180 255 255 0
P 169 180 255 255 0
P 170 180 255 255 0
P 171 180 255 255 0
P 172 180 255 255 0
P 173 180 255 255 0
P 174 180 255 255 0
P 175 180 255 255 0
P 176 180 255 255 0
P 177 180 255 255 0
P 132 181 255 255 0
P 133 181 255 255 0
P 134 181 255 255 0
P 135 181 255 255 0
P 136 181 255 255 0
P 137 181 255 255 0
P 138 181 255 255 0
P 139 181 255 255 0
P 140 181 255 255 0
P 141 181 255 255 0
P 142 181 255 255 0
P 143 181 255 255 0
P 144 181 255 255 0
P 145 181 255 255 0
P 146 181 255 255 0
P 147 181 255 255 0
P 148 181 255 255 0
P 149 181 255 255 0
P 150 181 255 255 0
P 151 181 255 255 0
P 152 181 255 255 0
P 153 181 255 255 0
P 154 181 255 255 0
P 155 181 255 255 0
P 156 181 255 255 0
P 157 181 255 255 0
P 158 181 255 255 0
P 159 181 255 255 0
P 160 181 255 255 0
P 161 181 255 255 0
P 162 181 255 255 0
P 163 181 255 255 0
P 164 181 255 255 0
P 165 181 255 255 0
P 166 181 255 255 0
P 167 181 255 255 0
P 168 181 255 255 0
P 169 181 255 255 0
P 170 181 255 255 0
P 131 182 255 255 0
P 132 182 255 255 0
P 133 182 255 255 0
P 134 182 255 255 0
P 135 182 255 255 0
P 136 182 255 255 0
P 137 182 255 255 0
P 138 182 255 255 0
P 139 182 255 255 0
P 140 182 255 255 0
P 141 182 255 255 0
P 142 182 255 255 0
P 143 182 255 255 0
P 144 182 255 255 0
P 145 182 255 255 0
P 146 182 255 255 0
P 147 182 255 255 0
P 148 182 255 255 0
P 149 182 255 255 0
P 150 182 255 255 0
P 151 182 255 255 0
P 152 182 255 255 0
P 153 182 255 255 0
P 154 182 255 255 0
P 155 182 255 255 0
P 156 182 255 255 0
P 157 182 255 255 0
P 158 182 255 255 0
P 159 182 255 255 0
P 160 182 255 255 0
P 161 182 255 255 0
P 162 182 255 255 0
P 163 182 255 255 0
P 164 182 255 255 0
P 131 183 255 255 0
P 132 183 255 255 0
P 133 183 255 255 0
P 134 183 255 255 0
P 135 183 255 255 0
P 136 183 255 255 0
P 137 183 255 255 0
P 138 183 255 255 0
P 139 183 255 255 0
P 140 183 255 255 0
P 141 183 255 255 0
P 142 183 255 255 0
P 143 183 255 255 0
P 144 183 255 255 0
P 145 183 255 255 0
P 146 183 255 255 0
P 147 183 255 255 0
P 148 183 255 255 0
P 149 183 255 255 0
P 150 183 255 255 0
P 151 183 255 255 0
P 152 183 255 255 0
P 153 183 255 255 0
P 154 183 255 255 0
P 155 183 255 255 0
P 156 183 255 255 0
P 157 183 255 255 0
P 130 184 255 255 0
P 131 184 255 255 0
P 132 184 255 255 0
P 133 184 255 255 0
P 134 184 255 255 0
P 135 184 255 255 0
P 136 184 255 255 0
P 137 184 255 255 0
P 138 184 255 255 0
P 139 184 255 255 0
P 140 184 255 255 0
P 141 184 255 255 0
P 142 184 255 255 0
P 143 184 255 255 0
P 144 184 255 255 0
P 145 184 255 255 0
P 146 184 255 255 0
P 147 184 255 255 0
P 148 184 255 255 0
P 149 184 255 255 0
P 150 184 255 255 0
P 129 185 255 255 0
P 130 185 255 255 0
P 131 185 255 255 0
P 132 185 255 255 0
P 133 185 255 255 0
P 134 185 255 255 0
P 135 185 255 255 0
P 136 185 255 255 0
P 137 185 255 255 0
P 138 185 255 255 0
P 139 185 255 255 0
P 140 185 255 255 0
P 141 185 255 255 0
P 142 185 255 255 0
P 143 185 255 255 0
P 144 185 255 255 0
P 129 186 255 255 0
P 130 186 255 255 0
P 131 186 255 255 0
P 132 186 255 255 0
P 133 186 255 255 0
P 134 186 255 255 0
P 135 186 255 255 0
P 136 186 255 255 0
P 137 186 255 255 0
P 128 187 255 255 0
P 129 187 255 255 0
P 130 187 255 255 0
