# shape E mode hsolo2 ntri 4
# select hard 0 soft 0
# v0 40.0000000 60.0000000
# v1 120.0000000 52.0000000
# v2 200.0000000 64.0000000
# v3 280.0000000 56.0000000
# v4 48.0000000 180.0000000
# v5 128.0000000 188.0000000
# v6 208.0000000 176.0000000
# v7 288.0000000 184.0000000
# t0 0 4 1
# t1 4 5 1
# t2 1 5 2
# t3 5 6 2
# counters drawn=1 software=0 declined=0
# mode hardware
P 119 53 0 255 0
P 119 54 0 255 0
P 118 55 0 255 0
P 119 55 0 255 0
P 117 56 0 255 0
P 118 56 0 255 0
P 119 56 0 255 0
P 117 57 0 255 0
P 118 57 0 255 0
P 119 57 0 255 0
P 116 58 0 255 0
P 117 58 0 255 0
P 118 58 0 255 0
P 119 58 0 255 0
P 116 59 0 255 0
P 117 59 0 255 0
P 118 59 0 255 0
P 119 59 0 255 0
P 115 60 0 255 0
P 116 60 0 255 0
P 117 60 0 255 0
P 118 60 0 255 0
P 119 60 0 255 0
P 115 61 0 255 0
P 116 61 0 255 0
P 117 61 0 255 0
P 118 61 0 255 0
P 119 61 0 255 0
P 120 61 0 255 0
P 114 62 0 255 0
P 115 62 0 255 0
P 116 62 0 255 0
P 117 62 0 255 0
P 118 62 0 255 0
P 119 62 0 255 0
P 120 62 0 255 0
P 114 63 0 255 0
P 115 63 0 255 0
P 116 63 0 255 0
P 117 63 0 255 0
P 118 63 0 255 0
P 119 63 0 255 0
P 120 63 0 255 0
P 113 64 0 255 0
P 114 64 0 255 0
P 115 64 0 255 0
P 116 64 0 255 0
P 117 64 0 255 0
P 118 64 0 255 0
P 119 64 0 255 0
P 120 64 0 255 0
P 112 65 0 255 0
P 113 65 0 255 0
P 114 65 0 255 0
P 115 65 0 255 0
P 116 65 0 255 0
P 117 65 0 255 0
P 118 65 0 255 0
P 119 65 0 255 0
P 120 65 0 255 0
P 112 66 0 255 0
P 113 66 0 255 0
P 114 66 0 255 0
P 115 66 0 255 0
P 116 66 0 255 0
P 117 66 0 255 0
P 118 66 0 255 0
P 119 66 0 255 0
P 120 66 0 255 0
P 111 67 0 255 0
P 112 67 0 255 0
P 113 67 0 255 0
P 114 67 0 255 0
P 115 67 0 255 0
P 116 67 0 255 0
P 117 67 0 255 0
P 118 67 0 255 0
P 119 67 0 255 0
P 120 67 0 255 0
P 111 68 0 255 0
P 112 68 0 255 0
P 113 68 0 255 0
P 114 68 0 255 0
P 115 68 0 255 0
P 116 68 0 255 0
P 117 68 0 255 0
P 118 68 0 255 0
P 119 68 0 255 0
P 120 68 0 255 0
P 110 69 0 255 0
P 111 69 0 255 0
P 112 69 0 255 0
P 113 69 0 255 0
P 114 69 0 255 0
P 115 69 0 255 0
P 116 69 0 255 0
P 117 69 0 255 0
P 118 69 0 255 0
P 119 69 0 255 0
P 120 69 0 255 0
P 110 70 0 255 0
P 111 70 0 255 0
P 112 70 0 255 0
P 113 70 0 255 0
P 114 70 0 255 0
P 115 70 0 255 0
P 116 70 0 255 0
P 117 70 0 255 0
P 118 70 0 255 0
P 119 70 0 255 0
P 120 70 0 255 0
P 109 71 0 255 0
P 110 71 0 255 0
P 111 71 0 255 0
P 112 71 0 255 0
P 113 71 0 255 0
P 114 71 0 255 0
P 115 71 0 255 0
P 116 71 0 255 0
P 117 71 0 255 0
P 118 71 0 255 0
P 119 71 0 255 0
P 120 71 0 255 0
P 108 72 0 255 0
P 109 72 0 255 0
P 110 72 0 255 0
P 111 72 0 255 0
P 112 72 0 255 0
P 113 72 0 255 0
P 114 72 0 255 0
P 115 72 0 255 0
P 116 72 0 255 0
P 117 72 0 255 0
P 118 72 0 255 0
P 119 72 0 255 0
P 120 72 0 255 0
P 108 73 0 255 0
P 109 73 0 255 0
P 110 73 0 255 0
P 111 73 0 255 0
P 112 73 0 255 0
P 113 73 0 255 0
P 114 73 0 255 0
P 115 73 0 255 0
P 116 73 0 255 0
P 117 73 0 255 0
P 118 73 0 255 0
P 119 73 0 255 0
P 120 73 0 255 0
P 107 74 0 255 0
P 108 74 0 255 0
P 109 74 0 255 0
P 110 74 0 255 0
P 111 74 0 255 0
P 112 74 0 255 0
P 113 74 0 255 0
P 114 74 0 255 0
P 115 74 0 255 0
P 116 74 0 255 0
P 117 74 0 255 0
P 118 74 0 255 0
P 119 74 0 255 0
P 120 74 0 255 0
P 107 75 0 255 0
P 108 75 0 255 0
P 109 75 0 255 0
P 110 75 0 255 0
P 111 75 0 255 0
P 112 75 0 255 0
P 113 75 0 255 0
P 114 75 0 255 0
P 115 75 0 255 0
P 116 75 0 255 0
P 117 75 0 255 0
P 118 75 0 255 0
P 119 75 0 255 0
P 120 75 0 255 0
P 106 76 0 255 0
P 107 76 0 255 0
P 108 76 0 255 0
P 109 76 0 255 0
P 110 76 0 255 0
P 111 76 0 255 0
P 112 76 0 255 0
P 113 76 0 255 0
P 114 76 0 255 0
P 115 76 0 255 0
P 116 76 0 255 0
P 117 76 0 255 0
P 118 76 0 255 0
P 119 76 0 255 0
P 120 76 0 255 0
P 106 77 0 255 0
P 107 77 0 255 0
P 108 77 0 255 0
P 109 77 0 255 0
P 110 77 0 255 0
P 111 77 0 255 0
P 112 77 0 255 0
P 113 77 0 255 0
P 114 77 0 255 0
P 115 77 0 255 0
P 116 77 0 255 0
P 117 77 0 255 0
P 118 77 0 255 0
P 119 77 0 255 0
P 120 77 0 255 0
P 105 78 0 255 0
P 106 78 0 255 0
P 107 78 0 255 0
P 108 78 0 255 0
P 109 78 0 255 0
P 110 78 0 255 0
P 111 78 0 255 0
P 112 78 0 255 0
P 113 78 0 255 0
P 114 78 0 255 0
P 115 78 0 255 0
P 116 78 0 255 0
P 117 78 0 255 0
P 118 78 0 255 0
P 119 78 0 255 0
P 120 78 0 255 0
P 121 78 0 255 0
P 105 79 0 255 0
P 106 79 0 255 0
P 107 79 0 255 0
P 108 79 0 255 0
P 109 79 0 255 0
P 110 79 0 255 0
P 111 79 0 255 0
P 112 79 0 255 0
P 113 79 0 255 0
P 114 79 0 255 0
P 115 79 0 255 0
P 116 79 0 255 0
P 117 79 0 255 0
P 118 79 0 255 0
P 119 79 0 255 0
P 120 79 0 255 0
P 121 79 0 255 0
P 104 80 0 255 0
P 105 80 0 255 0
P 106 80 0 255 0
P 107 80 0 255 0
P 108 80 0 255 0
P 109 80 0 255 0
P 110 80 0 255 0
P 111 80 0 255 0
P 112 80 0 255 0
P 113 80 0 255 0
P 114 80 0 255 0
P 115 80 0 255 0
P 116 80 0 255 0
P 117 80 0 255 0
P 118 80 0 255 0
P 119 80 0 255 0
P 120 80 0 255 0
P 121 80 0 255 0
P 103 81 0 255 0
P 104 81 0 255 0
P 105 81 0 255 0
P 106 81 0 255 0
P 107 81 0 255 0
P 108 81 0 255 0
P 109 81 0 255 0
P 110 81 0 255 0
P 111 81 0 255 0
P 112 81 0 255 0
P 113 81 0 255 0
P 114 81 0 255 0
P 115 81 0 255 0
P 116 81 0 255 0
P 117 81 0 255 0
P 118 81 0 255 0
P 119 81 0 255 0
P 120 81 0 255 0
P 121 81 0 255 0
P 103 82 0 255 0
P 104 82 0 255 0
P 105 82 0 255 0
P 106 82 0 255 0
P 107 82 0 255 0
P 108 82 0 255 0
P 109 82 0 255 0
P 110 82 0 255 0
P 111 82 0 255 0
P 112 82 0 255 0
P 113 82 0 255 0
P 114 82 0 255 0
P 115 82 0 255 0
P 116 82 0 255 0
P 117 82 0 255 0
P 118 82 0 255 0
P 119 82 0 255 0
P 120 82 0 255 0
P 121 82 0 255 0
P 102 83 0 255 0
P 103 83 0 255 0
P 104 83 0 255 0
P 105 83 0 255 0
P 106 83 0 255 0
P 107 83 0 255 0
P 108 83 0 255 0
P 109 83 0 255 0
P 110 83 0 255 0
P 111 83 0 255 0
P 112 83 0 255 0
P 113 83 0 255 0
P 114 83 0 255 0
P 115 83 0 255 0
P 116 83 0 255 0
P 117 83 0 255 0
P 118 83 0 255 0
P 119 83 0 255 0
P 120 83 0 255 0
P 121 83 0 255 0
P 102 84 0 255 0
P 103 84 0 255 0
P 104 84 0 255 0
P 105 84 0 255 0
P 106 84 0 255 0
P 107 84 0 255 0
P 108 84 0 255 0
P 109 84 0 255 0
P 110 84 0 255 0
P 111 84 0 255 0
P 112 84 0 255 0
P 113 84 0 255 0
P 114 84 0 255 0
P 115 84 0 255 0
P 116 84 0 255 0
P 117 84 0 255 0
P 118 84 0 255 0
P 119 84 0 255 0
P 120 84 0 255 0
P 121 84 0 255 0
P 101 85 0 255 0
P 102 85 0 255 0
P 103 85 0 255 0
P 104 85 0 255 0
P 105 85 0 255 0
P 106 85 0 255 0
P 107 85 0 255 0
P 108 85 0 255 0
P 109 85 0 255 0
P 110 85 0 255 0
P 111 85 0 255 0
P 112 85 0 255 0
P 113 85 0 255 0
P 114 85 0 255 0
P 115 85 0 255 0
P 116 85 0 255 0
P 117 85 0 255 0
P 118 85 0 255 0
P 119 85 0 255 0
P 120 85 0 255 0
P 121 85 0 255 0
P 101 86 0 255 0
P 102 86 0 255 0
P 103 86 0 255 0
P 104 86 0 255 0
P 105 86 0 255 0
P 106 86 0 255 0
P 107 86 0 255 0
P 108 86 0 255 0
P 109 86 0 255 0
P 110 86 0 255 0
P 111 86 0 255 0
P 112 86 0 255 0
P 113 86 0 255 0
P 114 86 0 255 0
P 115 86 0 255 0
P 116 86 0 255 0
P 117 86 0 255 0
P 118 86 0 255 0
P 119 86 0 255 0
P 120 86 0 255 0
P 121 86 0 255 0
P 100 87 0 255 0
P 101 87 0 255 0
P 102 87 0 255 0
P 103 87 0 255 0
P 104 87 0 255 0
P 105 87 0 255 0
P 106 87 0 255 0
P 107 87 0 255 0
P 108 87 0 255 0
P 109 87 0 255 0
P 110 87 0 255 0
P 111 87 0 255 0
P 112 87 0 255 0
P 113 87 0 255 0
P 114 87 0 255 0
P 115 87 0 255 0
P 116 87 0 255 0
P 117 87 0 255 0
P 118 87 0 255 0
P 119 87 0 255 0
P 120 87 0 255 0
P 121 87 0 255 0
P 99 88 0 255 0
P 100 88 0 255 0
P 101 88 0 255 0
P 102 88 0 255 0
P 103 88 0 255 0
P 104 88 0 255 0
P 105 88 0 255 0
P 106 88 0 255 0
P 107 88 0 255 0
P 108 88 0 255 0
P 109 88 0 255 0
P 110 88 0 255 0
P 111 88 0 255 0
P 112 88 0 255 0
P 113 88 0 255 0
P 114 88 0 255 0
P 115 88 0 255 0
P 116 88 0 255 0
P 117 88 0 255 0
P 118 88 0 255 0
P 119 88 0 255 0
P 120 88 0 255 0
P 121 88 0 255 0
P 99 89 0 255 0
P 100 89 0 255 0
P 101 89 0 255 0
P 102 89 0 255 0
P 103 89 0 255 0
P 104 89 0 255 0
P 105 89 0 255 0
P 106 89 0 255 0
P 107 89 0 255 0
P 108 89 0 255 0
P 109 89 0 255 0
P 110 89 0 255 0
P 111 89 0 255 0
P 112 89 0 255 0
P 113 89 0 255 0
P 114 89 0 255 0
P 115 89 0 255 0
P 116 89 0 255 0
P 117 89 0 255 0
P 118 89 0 255 0
P 119 89 0 255 0
P 120 89 0 255 0
P 121 89 0 255 0
P 98 90 0 255 0
P 99 90 0 255 0
P 100 90 0 255 0
P 101 90 0 255 0
P 102 90 0 255 0
P 103 90 0 255 0
P 104 90 0 255 0
P 105 90 0 255 0
P 106 90 0 255 0
P 107 90 0 255 0
P 108 90 0 255 0
P 109 90 0 255 0
P 110 90 0 255 0
P 111 90 0 255 0
P 112 90 0 255 0
P 113 90 0 255 0
P 114 90 0 255 0
P 115 90 0 255 0
P 116 90 0 255 0
P 117 90 0 255 0
P 118 90 0 255 0
P 119 90 0 255 0
P 120 90 0 255 0
P 121 90 0 255 0
P 98 91 0 255 0
P 99 91 0 255 0
P 100 91 0 255 0
P 101 91 0 255 0
P 102 91 0 255 0
P 103 91 0 255 0
P 104 91 0 255 0
P 105 91 0 255 0
P 106 91 0 255 0
P 107 91 0 255 0
P 108 91 0 255 0
P 109 91 0 255 0
P 110 91 0 255 0
P 111 91 0 255 0
P 112 91 0 255 0
P 113 91 0 255 0
P 114 91 0 255 0
P 115 91 0 255 0
P 116 91 0 255 0
P 117 91 0 255 0
P 118 91 0 255 0
P 119 91 0 255 0
P 120 91 0 255 0
P 121 91 0 255 0
P 97 92 0 255 0
P 98 92 0 255 0
P 99 92 0 255 0
P 100 92 0 255 0
P 101 92 0 255 0
P 102 92 0 255 0
P 103 92 0 255 0
P 104 92 0 255 0
P 105 92 0 255 0
P 106 92 0 255 0
P 107 92 0 255 0
P 108 92 0 255 0
P 109 92 0 255 0
P 110 92 0 255 0
P 111 92 0 255 0
P 112 92 0 255 0
P 113 92 0 255 0
P 114 92 0 255 0
P 115 92 0 255 0
P 116 92 0 255 0
P 117 92 0 255 0
P 118 92 0 255 0
P 119 92 0 255 0
P 120 92 0 255 0
P 121 92 0 255 0
P 97 93 0 255 0
P 98 93 0 255 0
P 99 93 0 255 0
P 100 93 0 255 0
P 101 93 0 255 0
P 102 93 0 255 0
P 103 93 0 255 0
P 104 93 0 255 0
P 105 93 0 255 0
P 106 93 0 255 0
P 107 93 0 255 0
P 108 93 0 255 0
P 109 93 0 255 0
P 110 93 0 255 0
P 111 93 0 255 0
P 112 93 0 255 0
P 113 93 0 255 0
P 114 93 0 255 0
P 115 93 0 255 0
P 116 93 0 255 0
P 117 93 0 255 0
P 118 93 0 255 0
P 119 93 0 255 0
P 120 93 0 255 0
P 121 93 0 255 0
P 96 94 0 255 0
P 97 94 0 255 0
P 98 94 0 255 0
P 99 94 0 255 0
P 100 94 0 255 0
P 101 94 0 255 0
P 102 94 0 255 0
P 103 94 0 255 0
P 104 94 0 255 0
P 105 94 0 255 0
P 106 94 0 255 0
P 107 94 0 255 0
P 108 94 0 255 0
P 109 94 0 255 0
P 110 94 0 255 0
P 111 94 0 255 0
P 112 94 0 255 0
P 113 94 0 255 0
P 114 94 0 255 0
P 115 94 0 255 0
P 116 94 0 255 0
P 117 94 0 255 0
P 118 94 0 255 0
P 119 94 0 255 0
P 120 94 0 255 0
P 121 94 0 255 0
P 96 95 0 255 0
P 97 95 0 255 0
P 98 95 0 255 0
P 99 95 0 255 0
P 100 95 0 255 0
P 101 95 0 255 0
P 102 95 0 255 0
P 103 95 0 255 0
P 104 95 0 255 0
P 105 95 0 255 0
P 106 95 0 255 0
P 107 95 0 255 0
P 108 95 0 255 0
P 109 95 0 255 0
P 110 95 0 255 0
P 111 95 0 255 0
P 112 95 0 255 0
P 113 95 0 255 0
P 114 95 0 255 0
P 115 95 0 255 0
P 116 95 0 255 0
P 117 95 0 255 0
P 118 95 0 255 0
P 119 95 0 255 0
P 120 95 0 255 0
P 121 95 0 255 0
P 122 95 0 255 0
P 95 96 0 255 0
P 96 96 0 255 0
P 97 96 0 255 0
P 98 96 0 255 0
P 99 96 0 255 0
P 100 96 0 255 0
P 101 96 0 255 0
P 102 96 0 255 0
P 103 96 0 255 0
P 104 96 0 255 0
P 105 96 0 255 0
P 106 96 0 255 0
P 107 96 0 255 0
P 108 96 0 255 0
P 109 96 0 255 0
P 110 96 0 255 0
P 111 96 0 255 0
P 112 96 0 255 0
P 113 96 0 255 0
P 114 96 0 255 0
P 115 96 0 255 0
P 116 96 0 255 0
P 117 96 0 255 0
P 118 96 0 255 0
P 119 96 0 255 0
P 120 96 0 255 0
P 121 96 0 255 0
P 122 96 0 255 0
P 94 97 0 255 0
P 95 97 0 255 0
P 96 97 0 255 0
P 97 97 0 255 0
P 98 97 0 255 0
P 99 97 0 255 0
P 100 97 0 255 0
P 101 97 0 255 0
P 102 97 0 255 0
P 103 97 0 255 0
P 104 97 0 255 0
P 105 97 0 255 0
P 106 97 0 255 0
P 107 97 0 255 0
P 108 97 0 255 0
P 109 97 0 255 0
P 110 97 0 255 0
P 111 97 0 255 0
P 112 97 0 255 0
P 113 97 0 255 0
P 114 97 0 255 0
P 115 97 0 255 0
P 116 97 0 255 0
P 117 97 0 255 0
P 118 97 0 255 0
P 119 97 0 255 0
P 120 97 0 255 0
P 121 97 0 255 0
P 122 97 0 255 0
P 94 98 0 255 0
P 95 98 0 255 0
P 96 98 0 255 0
P 97 98 0 255 0
P 98 98 0 255 0
P 99 98 0 255 0
P 100 98 0 255 0
P 101 98 0 255 0
P 102 98 0 255 0
P 103 98 0 255 0
P 104 98 0 255 0
P 105 98 0 255 0
P 106 98 0 255 0
P 107 98 0 255 0
P 108 98 0 255 0
P 109 98 0 255 0
P 110 98 0 255 0
P 111 98 0 255 0
P 112 98 0 255 0
P 113 98 0 255 0
P 114 98 0 255 0
P 115 98 0 255 0
P 116 98 0 255 0
P 117 98 0 255 0
P 118 98 0 255 0
P 119 98 0 255 0
P 120 98 0 255 0
P 121 98 0 255 0
P 122 98 0 255 0
P 93 99 0 255 0
P 94 99 0 255 0
P 95 99 0 255 0
P 96 99 0 255 0
P 97 99 0 255 0
P 98 99 0 255 0
P 99 99 0 255 0
P 100 99 0 255 0
P 101 99 0 255 0
P 102 99 0 255 0
P 103 99 0 255 0
P 104 99 0 255 0
P 105 99 0 255 0
P 106 99 0 255 0
P 107 99 0 255 0
P 108 99 0 255 0
P 109 99 0 255 0
P 110 99 0 255 0
P 111 99 0 255 0
P 112 99 0 255 0
P 113 99 0 255 0
P 114 99 0 255 0
P 115 99 0 255 0
P 116 99 0 255 0
P 117 99 0 255 0
P 118 99 0 255 0
P 119 99 0 255 0
P 120 99 0 255 0
P 121 99 0 255 0
P 122 99 0 255 0
P 93 100 0 255 0
P 94 100 0 255 0
P 95 100 0 255 0
P 96 100 0 255 0
P 97 100 0 255 0
P 98 100 0 255 0
P 99 100 0 255 0
P 100 100 0 255 0
P 101 100 0 255 0
P 102 100 0 255 0
P 103 100 0 255 0
P 104 100 0 255 0
P 105 100 0 255 0
P 106 100 0 255 0
P 107 100 0 255 0
P 108 100 0 255 0
P 109 100 0 255 0
P 110 100 0 255 0
P 111 100 0 255 0
P 112 100 0 255 0
P 113 100 0 255 0
P 114 100 0 255 0
P 115 100 0 255 0
P 116 100 0 255 0
P 117 100 0 255 0
P 118 100 0 255 0
P 119 100 0 255 0
P 120 100 0 255 0
P 121 100 0 255 0
P 122 100 0 255 0
P 92 101 0 255 0
P 93 101 0 255 0
P 94 101 0 255 0
P 95 101 0 255 0
P 96 101 0 255 0
P 97 101 0 255 0
P 98 101 0 255 0
P 99 101 0 255 0
P 100 101 0 255 0
P 101 101 0 255 0
P 102 101 0 255 0
P 103 101 0 255 0
P 104 101 0 255 0
P 105 101 0 255 0
P 106 101 0 255 0
P 107 101 0 255 0
P 108 101 0 255 0
P 109 101 0 255 0
P 110 101 0 255 0
P 111 101 0 255 0
P 112 101 0 255 0
P 113 101 0 255 0
P 114 101 0 255 0
P 115 101 0 255 0
P 116 101 0 255 0
P 117 101 0 255 0
P 118 101 0 255 0
P 119 101 0 255 0
P 120 101 0 255 0
P 121 101 0 255 0
P 122 101 0 255 0
P 92 102 0 255 0
P 93 102 0 255 0
P 94 102 0 255 0
P 95 102 0 255 0
P 96 102 0 255 0
P 97 102 0 255 0
P 98 102 0 255 0
P 99 102 0 255 0
P 100 102 0 255 0
P 101 102 0 255 0
P 102 102 0 255 0
P 103 102 0 255 0
P 104 102 0 255 0
P 105 102 0 255 0
P 106 102 0 255 0
P 107 102 0 255 0
P 108 102 0 255 0
P 109 102 0 255 0
P 110 102 0 255 0
P 111 102 0 255 0
P 112 102 0 255 0
P 113 102 0 255 0
P 114 102 0 255 0
P 115 102 0 255 0
P 116 102 0 255 0
P 117 102 0 255 0
P 118 102 0 255 0
P 119 102 0 255 0
P 120 102 0 255 0
P 121 102 0 255 0
P 122 102 0 255 0
P 91 103 0 255 0
P 92 103 0 255 0
P 93 103 0 255 0
P 94 103 0 255 0
P 95 103 0 255 0
P 96 103 0 255 0
P 97 103 0 255 0
P 98 103 0 255 0
P 99 103 0 255 0
P 100 103 0 255 0
P 101 103 0 255 0
P 102 103 0 255 0
P 103 103 0 255 0
P 104 103 0 255 0
P 105 103 0 255 0
P 106 103 0 255 0
P 107 103 0 255 0
P 108 103 0 255 0
P 109 103 0 255 0
P 110 103 0 255 0
P 111 103 0 255 0
P 112 103 0 255 0
P 113 103 0 255 0
P 114 103 0 255 0
P 115 103 0 255 0
P 116 103 0 255 0
P 117 103 0 255 0
P 118 103 0 255 0
P 119 103 0 255 0
P 120 103 0 255 0
P 121 103 0 255 0
P 122 103 0 255 0
P 90 104 0 255 0
P 91 104 0 255 0
P 92 104 0 255 0
P 93 104 0 255 0
P 94 104 0 255 0
P 95 104 0 255 0
P 96 104 0 255 0
P 97 104 0 255 0
P 98 104 0 255 0
P 99 104 0 255 0
P 100 104 0 255 0
P 101 104 0 255 0
P 102 104 0 255 0
P 103 104 0 255 0
P 104 104 0 255 0
P 105 104 0 255 0
P 106 104 0 255 0
P 107 104 0 255 0
P 108 104 0 255 0
P 109 104 0 255 0
P 110 104 0 255 0
P 111 104 0 255 0
P 112 104 0 255 0
P 113 104 0 255 0
P 114 104 0 255 0
P 115 104 0 255 0
P 116 104 0 255 0
P 117 104 0 255 0
P 118 104 0 255 0
P 119 104 0 255 0
P 120 104 0 255 0
P 121 104 0 255 0
P 122 104 0 255 0
P 90 105 0 255 0
P 91 105 0 255 0
P 92 105 0 255 0
P 93 105 0 255 0
P 94 105 0 255 0
P 95 105 0 255 0
P 96 105 0 255 0
P 97 105 0 255 0
P 98 105 0 255 0
P 99 105 0 255 0
P 100 105 0 255 0
P 101 105 0 255 0
P 102 105 0 255 0
P 103 105 0 255 0
P 104 105 0 255 0
P 105 105 0 255 0
P 106 105 0 255 0
P 107 105 0 255 0
P 108 105 0 255 0
P 109 105 0 255 0
P 110 105 0 255 0
P 111 105 0 255 0
P 112 105 0 255 0
P 113 105 0 255 0
P 114 105 0 255 0
P 115 105 0 255 0
P 116 105 0 255 0
P 117 105 0 255 0
P 118 105 0 255 0
P 119 105 0 255 0
P 120 105 0 255 0
P 121 105 0 255 0
P 122 105 0 255 0
P 89 106 0 255 0
P 90 106 0 255 0
P 91 106 0 255 0
P 92 106 0 255 0
P 93 106 0 255 0
P 94 106 0 255 0
P 95 106 0 255 0
P 96 106 0 255 0
P 97 106 0 255 0
P 98 106 0 255 0
P 99 106 0 255 0
P 100 106 0 255 0
P 101 106 0 255 0
P 102 106 0 255 0
P 103 106 0 255 0
P 104 106 0 255 0
P 105 106 0 255 0
P 106 106 0 255 0
P 107 106 0 255 0
P 108 106 0 255 0
P 109 106 0 255 0
P 110 106 0 255 0
P 111 106 0 255 0
P 112 106 0 255 0
P 113 106 0 255 0
P 114 106 0 255 0
P 115 106 0 255 0
P 116 106 0 255 0
P 117 106 0 255 0
P 118 106 0 255 0
P 119 106 0 255 0
P 120 106 0 255 0
P 121 106 0 255 0
P 122 106 0 255 0
P 89 107 0 255 0
P 90 107 0 255 0
P 91 107 0 255 0
P 92 107 0 255 0
P 93 107 0 255 0
P 94 107 0 255 0
P 95 107 0 255 0
P 96 107 0 255 0
P 97 107 0 255 0
P 98 107 0 255 0
P 99 107 0 255 0
P 100 107 0 255 0
P 101 107 0 255 0
P 102 107 0 255 0
P 103 107 0 255 0
P 104 107 0 255 0
P 105 107 0 255 0
P 106 107 0 255 0
P 107 107 0 255 0
P 108 107 0 255 0
P 109 107 0 255 0
P 110 107 0 255 0
P 111 107 0 255 0
P 112 107 0 255 0
P 113 107 0 255 0
P 114 107 0 255 0
P 115 107 0 255 0
P 116 107 0 255 0
P 117 107 0 255 0
P 118 107 0 255 0
P 119 107 0 255 0
P 120 107 0 255 0
P 121 107 0 255 0
P 122 107 0 255 0
P 88 108 0 255 0
P 89 108 0 255 0
P 90 108 0 255 0
P 91 108 0 255 0
P 92 108 0 255 0
P 93 108 0 255 0
P 94 108 0 255 0
P 95 108 0 255 0
P 96 108 0 255 0
P 97 108 0 255 0
P 98 108 0 255 0
P 99 108 0 255 0
P 100 108 0 255 0
P 101 108 0 255 0
P 102 108 0 255 0
P 103 108 0 255 0
P 104 108 0 255 0
P 105 108 0 255 0
P 106 108 0 255 0
P 107 108 0 255 0
P 108 108 0 255 0
P 109 108 0 255 0
P 110 108 0 255 0
P 111 108 0 255 0
P 112 108 0 255 0
P 113 108 0 255 0
P 114 108 0 255 0
P 115 108 0 255 0
P 116 108 0 255 0
P 117 108 0 255 0
P 118 108 0 255 0
P 119 108 0 255 0
P 120 108 0 255 0
P 121 108 0 255 0
P 122 108 0 255 0
P 88 109 0 255 0
P 89 109 0 255 0
P 90 109 0 255 0
P 91 109 0 255 0
P 92 109 0 255 0
P 93 109 0 255 0
P 94 109 0 255 0
P 95 109 0 255 0
P 96 109 0 255 0
P 97 109 0 255 0
P 98 109 0 255 0
P 99 109 0 255 0
P 100 109 0 255 0
P 101 109 0 255 0
P 102 109 0 255 0
P 103 109 0 255 0
P 104 109 0 255 0
P 105 109 0 255 0
P 106 109 0 255 0
P 107 109 0 255 0
P 108 109 0 255 0
P 109 109 0 255 0
P 110 109 0 255 0
P 111 109 0 255 0
P 112 109 0 255 0
P 113 109 0 255 0
P 114 109 0 255 0
P 115 109 0 255 0
P 116 109 0 255 0
P 117 109 0 255 0
P 118 109 0 255 0
P 119 109 0 255 0
P 120 109 0 255 0
P 121 109 0 255 0
P 122 109 0 255 0
P 87 110 0 255 0
P 88 110 0 255 0
P 89 110 0 255 0
P 90 110 0 255 0
P 91 110 0 255 0
P 92 110 0 255 0
P 93 110 0 255 0
P 94 110 0 255 0
P 95 110 0 255 0
P 96 110 0 255 0
P 97 110 0 255 0
P 98 110 0 255 0
P 99 110 0 255 0
P 100 110 0 255 0
P 101 110 0 255 0
P 102 110 0 255 0
P 103 110 0 255 0
P 104 110 0 255 0
P 105 110 0 255 0
P 106 110 0 255 0
P 107 110 0 255 0
P 108 110 0 255 0
P 109 110 0 255 0
P 110 110 0 255 0
P 111 110 0 255 0
P 112 110 0 255 0
P 113 110 0 255 0
P 114 110 0 255 0
P 115 110 0 255 0
P 116 110 0 255 0
P 117 110 0 255 0
P 118 110 0 255 0
P 119 110 0 255 0
P 120 110 0 255 0
P 121 110 0 255 0
P 122 110 0 255 0
P 87 111 0 255 0
P 88 111 0 255 0
P 89 111 0 255 0
P 90 111 0 255 0
P 91 111 0 255 0
P 92 111 0 255 0
P 93 111 0 255 0
P 94 111 0 255 0
P 95 111 0 255 0
P 96 111 0 255 0
P 97 111 0 255 0
P 98 111 0 255 0
P 99 111 0 255 0
P 100 111 0 255 0
P 101 111 0 255 0
P 102 111 0 255 0
P 103 111 0 255 0
P 104 111 0 255 0
P 105 111 0 255 0
P 106 111 0 255 0
P 107 111 0 255 0
P 108 111 0 255 0
P 109 111 0 255 0
P 110 111 0 255 0
P 111 111 0 255 0
P 112 111 0 255 0
P 113 111 0 255 0
P 114 111 0 255 0
P 115 111 0 255 0
P 116 111 0 255 0
P 117 111 0 255 0
P 118 111 0 255 0
P 119 111 0 255 0
P 120 111 0 255 0
P 121 111 0 255 0
P 122 111 0 255 0
P 86 112 0 255 0
P 87 112 0 255 0
P 88 112 0 255 0
P 89 112 0 255 0
P 90 112 0 255 0
P 91 112 0 255 0
P 92 112 0 255 0
P 93 112 0 255 0
P 94 112 0 255 0
P 95 112 0 255 0
P 96 112 0 255 0
P 97 112 0 255 0
P 98 112 0 255 0
P 99 112 0 255 0
P 100 112 0 255 0
P 101 112 0 255 0
P 102 112 0 255 0
P 103 112 0 255 0
P 104 112 0 255 0
P 105 112 0 255 0
P 106 112 0 255 0
P 107 112 0 255 0
P 108 112 0 255 0
P 109 112 0 255 0
P 110 112 0 255 0
P 111 112 0 255 0
P 112 112 0 255 0
P 113 112 0 255 0
P 114 112 0 255 0
P 115 112 0 255 0
P 116 112 0 255 0
P 117 112 0 255 0
P 118 112 0 255 0
P 119 112 0 255 0
P 120 112 0 255 0
P 121 112 0 255 0
P 122 112 0 255 0
P 123 112 0 255 0
P 85 113 0 255 0
P 86 113 0 255 0
P 87 113 0 255 0
P 88 113 0 255 0
P 89 113 0 255 0
P 90 113 0 255 0
P 91 113 0 255 0
P 92 113 0 255 0
P 93 113 0 255 0
P 94 113 0 255 0
P 95 113 0 255 0
P 96 113 0 255 0
P 97 113 0 255 0
P 98 113 0 255 0
P 99 113 0 255 0
P 100 113 0 255 0
P 101 113 0 255 0
P 102 113 0 255 0
P 103 113 0 255 0
P 104 113 0 255 0
P 105 113 0 255 0
P 106 113 0 255 0
P 107 113 0 255 0
P 108 113 0 255 0
P 109 113 0 255 0
P 110 113 0 255 0
P 111 113 0 255 0
P 112 113 0 255 0
P 113 113 0 255 0
P 114 113 0 255 0
P 115 113 0 255 0
P 116 113 0 255 0
P 117 113 0 255 0
P 118 113 0 255 0
P 119 113 0 255 0
P 120 113 0 255 0
P 121 113 0 255 0
P 122 113 0 255 0
P 123 113 0 255 0
P 85 114 0 255 0
P 86 114 0 255 0
P 87 114 0 255 0
P 88 114 0 255 0
P 89 114 0 255 0
P 90 114 0 255 0
P 91 114 0 255 0
P 92 114 0 255 0
P 93 114 0 255 0
P 94 114 0 255 0
P 95 114 0 255 0
P 96 114 0 255 0
P 97 114 0 255 0
P 98 114 0 255 0
P 99 114 0 255 0
P 100 114 0 255 0
P 101 114 0 255 0
P 102 114 0 255 0
P 103 114 0 255 0
P 104 114 0 255 0
P 105 114 0 255 0
P 106 114 0 255 0
P 107 114 0 255 0
P 108 114 0 255 0
P 109 114 0 255 0
P 110 114 0 255 0
P 111 114 0 255 0
P 112 114 0 255 0
P 113 114 0 255 0
P 114 114 0 255 0
P 115 114 0 255 0
P 116 114 0 255 0
P 117 114 0 255 0
P 118 114 0 255 0
P 119 114 0 255 0
P 120 114 0 255 0
P 121 114 0 255 0
P 122 114 0 255 0
P 123 114 0 255 0
P 84 115 0 255 0
P 85 115 0 255 0
P 86 115 0 255 0
P 87 115 0 255 0
P 88 115 0 255 0
P 89 115 0 255 0
P 90 115 0 255 0
P 91 115 0 255 0
P 92 115 0 255 0
P 93 115 0 255 0
P 94 115 0 255 0
P 95 115 0 255 0
P 96 115 0 255 0
P 97 115 0 255 0
P 98 115 0 255 0
P 99 115 0 255 0
P 100 115 0 255 0
P 101 115 0 255 0
P 102 115 0 255 0
P 103 115 0 255 0
P 104 115 0 255 0
P 105 115 0 255 0
P 106 115 0 255 0
P 107 115 0 255 0
P 108 115 0 255 0
P 109 115 0 255 0
P 110 115 0 255 0
P 111 115 0 255 0
P 112 115 0 255 0
P 113 115 0 255 0
P 114 115 0 255 0
P 115 115 0 255 0
P 116 115 0 255 0
P 117 115 0 255 0
P 118 115 0 255 0
P 119 115 0 255 0
P 120 115 0 255 0
P 121 115 0 255 0
P 122 115 0 255 0
P 123 115 0 255 0
P 84 116 0 255 0
P 85 116 0 255 0
P 86 116 0 255 0
P 87 116 0 255 0
P 88 116 0 255 0
P 89 116 0 255 0
P 90 116 0 255 0
P 91 116 0 255 0
P 92 116 0 255 0
P 93 116 0 255 0
P 94 116 0 255 0
P 95 116 0 255 0
P 96 116 0 255 0
P 97 116 0 255 0
P 98 116 0 255 0
P 99 116 0 255 0
P 100 116 0 255 0
P 101 116 0 255 0
P 102 116 0 255 0
P 103 116 0 255 0
P 104 116 0 255 0
P 105 116 0 255 0
P 106 116 0 255 0
P 107 116 0 255 0
P 108 116 0 255 0
P 109 116 0 255 0
P 110 116 0 255 0
P 111 116 0 255 0
P 112 116 0 255 0
P 113 116 0 255 0
P 114 116 0 255 0
P 115 116 0 255 0
P 116 116 0 255 0
P 117 116 0 255 0
P 118 116 0 255 0
P 119 116 0 255 0
P 120 116 0 255 0
P 121 116 0 255 0
P 122 116 0 255 0
P 123 116 0 255 0
P 83 117 0 255 0
P 84 117 0 255 0
P 85 117 0 255 0
P 86 117 0 255 0
P 87 117 0 255 0
P 88 117 0 255 0
P 89 117 0 255 0
P 90 117 0 255 0
P 91 117 0 255 0
P 92 117 0 255 0
P 93 117 0 255 0
P 94 117 0 255 0
P 95 117 0 255 0
P 96 117 0 255 0
P 97 117 0 255 0
P 98 117 0 255 0
P 99 117 0 255 0
P 100 117 0 255 0
P 101 117 0 255 0
P 102 117 0 255 0
P 103 117 0 255 0
P 104 117 0 255 0
P 105 117 0 255 0
P 106 117 0 255 0
P 107 117 0 255 0
P 108 117 0 255 0
P 109 117 0 255 0
P 110 117 0 255 0
P 111 117 0 255 0
P 112 117 0 255 0
P 113 117 0 255 0
P 114 117 0 255 0
P 115 117 0 255 0
P 116 117 0 255 0
P 117 117 0 255 0
P 118 117 0 255 0
P 119 117 0 255 0
P 120 117 0 255 0
P 121 117 0 255 0
P 122 117 0 255 0
P 123 117 0 255 0
P 83 118 0 255 0
P 84 118 0 255 0
P 85 118 0 255 0
P 86 118 0 255 0
P 87 118 0 255 0
P 88 118 0 255 0
P 89 118 0 255 0
P 90 118 0 255 0
P 91 118 0 255 0
P 92 118 0 255 0
P 93 118 0 255 0
P 94 118 0 255 0
P 95 118 0 255 0
P 96 118 0 255 0
P 97 118 0 255 0
P 98 118 0 255 0
P 99 118 0 255 0
P 100 118 0 255 0
P 101 118 0 255 0
P 102 118 0 255 0
P 103 118 0 255 0
P 104 118 0 255 0
P 105 118 0 255 0
P 106 118 0 255 0
P 107 118 0 255 0
P 108 118 0 255 0
P 109 118 0 255 0
P 110 118 0 255 0
P 111 118 0 255 0
P 112 118 0 255 0
P 113 118 0 255 0
P 114 118 0 255 0
P 115 118 0 255 0
P 116 118 0 255 0
P 117 118 0 255 0
P 118 118 0 255 0
P 119 118 0 255 0
P 120 118 0 255 0
P 121 118 0 255 0
P 122 118 0 255 0
P 123 118 0 255 0
P 82 119 0 255 0
P 83 119 0 255 0
P 84 119 0 255 0
P 85 119 0 255 0
P 86 119 0 255 0
P 87 119 0 255 0
P 88 119 0 255 0
P 89 119 0 255 0
P 90 119 0 255 0
P 91 119 0 255 0
P 92 119 0 255 0
P 93 119 0 255 0
P 94 119 0 255 0
P 95 119 0 255 0
P 96 119 0 255 0
P 97 119 0 255 0
P 98 119 0 255 0
P 99 119 0 255 0
P 100 119 0 255 0
P 101 119 0 255 0
P 102 119 0 255 0
P 103 119 0 255 0
P 104 119 0 255 0
P 105 119 0 255 0
P 106 119 0 255 0
P 107 119 0 255 0
P 108 119 0 255 0
P 109 119 0 255 0
P 110 119 0 255 0
P 111 119 0 255 0
P 112 119 0 255 0
P 113 119 0 255 0
P 114 119 0 255 0
P 115 119 0 255 0
P 116 119 0 255 0
P 117 119 0 255 0
P 118 119 0 255 0
P 119 119 0 255 0
P 120 119 0 255 0
P 121 119 0 255 0
P 122 119 0 255 0
P 123 119 0 255 0
P 81 120 0 255 0
P 82 120 0 255 0
P 83 120 0 255 0
P 84 120 0 255 0
P 85 120 0 255 0
P 86 120 0 255 0
P 87 120 0 255 0
P 88 120 0 255 0
P 89 120 0 255 0
P 90 120 0 255 0
P 91 120 0 255 0
P 92 120 0 255 0
P 93 120 0 255 0
P 94 120 0 255 0
P 95 120 0 255 0
P 96 120 0 255 0
P 97 120 0 255 0
P 98 120 0 255 0
P 99 120 0 255 0
P 100 120 0 255 0
P 101 120 0 255 0
P 102 120 0 255 0
P 103 120 0 255 0
P 104 120 0 255 0
P 105 120 0 255 0
P 106 120 0 255 0
P 107 120 0 255 0
P 108 120 0 255 0
P 109 120 0 255 0
P 110 120 0 255 0
P 111 120 0 255 0
P 112 120 0 255 0
P 113 120 0 255 0
P 114 120 0 255 0
P 115 120 0 255 0
P 116 120 0 255 0
P 117 120 0 255 0
P 118 120 0 255 0
P 119 120 0 255 0
P 120 120 0 255 0
P 121 120 0 255 0
P 122 120 0 255 0
P 123 120 0 255 0
P 81 121 0 255 0
P 82 121 0 255 0
P 83 121 0 255 0
P 84 121 0 255 0
P 85 121 0 255 0
P 86 121 0 255 0
P 87 121 0 255 0
P 88 121 0 255 0
P 89 121 0 255 0
P 90 121 0 255 0
P 91 121 0 255 0
P 92 121 0 255 0
P 93 121 0 255 0
P 94 121 0 255 0
P 95 121 0 255 0
P 96 121 0 255 0
P 97 121 0 255 0
P 98 121 0 255 0
P 99 121 0 255 0
P 100 121 0 255 0
P 101 121 0 255 0
P 102 121 0 255 0
P 103 121 0 255 0
P 104 121 0 255 0
P 105 121 0 255 0
P 106 121 0 255 0
P 107 121 0 255 0
P 108 121 0 255 0
P 109 121 0 255 0
P 110 121 0 255 0
P 111 121 0 255 0
P 112 121 0 255 0
P 113 121 0 255 0
P 114 121 0 255 0
P 115 121 0 255 0
P 116 121 0 255 0
P 117 121 0 255 0
P 118 121 0 255 0
P 119 121 0 255 0
P 120 121 0 255 0
P 121 121 0 255 0
P 122 121 0 255 0
P 123 121 0 255 0
P 80 122 0 255 0
P 81 122 0 255 0
P 82 122 0 255 0
P 83 122 0 255 0
P 84 122 0 255 0
P 85 122 0 255 0
P 86 122 0 255 0
P 87 122 0 255 0
P 88 122 0 255 0
P 89 122 0 255 0
P 90 122 0 255 0
P 91 122 0 255 0
P 92 122 0 255 0
P 93 122 0 255 0
P 94 122 0 255 0
P 95 122 0 255 0
P 96 122 0 255 0
P 97 122 0 255 0
P 98 122 0 255 0
P 99 122 0 255 0
P 100 122 0 255 0
P 101 122 0 255 0
P 102 122 0 255 0
P 103 122 0 255 0
P 104 122 0 255 0
P 105 122 0 255 0
P 106 122 0 255 0
P 107 122 0 255 0
P 108 122 0 255 0
P 109 122 0 255 0
P 110 122 0 255 0
P 111 122 0 255 0
P 112 122 0 255 0
P 113 122 0 255 0
P 114 122 0 255 0
P 115 122 0 255 0
P 116 122 0 255 0
P 117 122 0 255 0
P 118 122 0 255 0
P 119 122 0 255 0
P 120 122 0 255 0
P 121 122 0 255 0
P 122 122 0 255 0
P 123 122 0 255 0
P 80 123 0 255 0
P 81 123 0 255 0
P 82 123 0 255 0
P 83 123 0 255 0
P 84 123 0 255 0
P 85 123 0 255 0
P 86 123 0 255 0
P 87 123 0 255 0
P 88 123 0 255 0
P 89 123 0 255 0
P 90 123 0 255 0
P 91 123 0 255 0
P 92 123 0 255 0
P 93 123 0 255 0
P 94 123 0 255 0
P 95 123 0 255 0
P 96 123 0 255 0
P 97 123 0 255 0
P 98 123 0 255 0
P 99 123 0 255 0
P 100 123 0 255 0
P 101 123 0 255 0
P 102 123 0 255 0
P 103 123 0 255 0
P 104 123 0 255 0
P 105 123 0 255 0
P 106 123 0 255 0
P 107 123 0 255 0
P 108 123 0 255 0
P 109 123 0 255 0
P 110 123 0 255 0
P 111 123 0 255 0
P 112 123 0 255 0
P 113 123 0 255 0
P 114 123 0 255 0
P 115 123 0 255 0
P 116 123 0 255 0
P 117 123 0 255 0
P 118 123 0 255 0
P 119 123 0 255 0
P 120 123 0 255 0
P 121 123 0 255 0
P 122 123 0 255 0
P 123 123 0 255 0
P 79 124 0 255 0
P 80 124 0 255 0
P 81 124 0 255 0
P 82 124 0 255 0
P 83 124 0 255 0
P 84 124 0 255 0
P 85 124 0 255 0
P 86 124 0 255 0
P 87 124 0 255 0
P 88 124 0 255 0
P 89 124 0 255 0
P 90 124 0 255 0
P 91 124 0 255 0
P 92 124 0 255 0
P 93 124 0 255 0
P 94 124 0 255 0
P 95 124 0 255 0
P 96 124 0 255 0
P 97 124 0 255 0
P 98 124 0 255 0
P 99 124 0 255 0
P 100 124 0 255 0
P 101 124 0 255 0
P 102 124 0 255 0
P 103 124 0 255 0
P 104 124 0 255 0
P 105 124 0 255 0
P 106 124 0 255 0
P 107 124 0 255 0
P 108 124 0 255 0
P 109 124 0 255 0
P 110 124 0 255 0
P 111 124 0 255 0
P 112 124 0 255 0
P 113 124 0 255 0
P 114 124 0 255 0
P 115 124 0 255 0
P 116 124 0 255 0
P 117 124 0 255 0
P 118 124 0 255 0
P 119 124 0 255 0
P 120 124 0 255 0
P 121 124 0 255 0
P 122 124 0 255 0
P 123 124 0 255 0
P 79 125 0 255 0
P 80 125 0 255 0
P 81 125 0 255 0
P 82 125 0 255 0
P 83 125 0 255 0
P 84 125 0 255 0
P 85 125 0 255 0
P 86 125 0 255 0
P 87 125 0 255 0
P 88 125 0 255 0
P 89 125 0 255 0
P 90 125 0 255 0
P 91 125 0 255 0
P 92 125 0 255 0
P 93 125 0 255 0
P 94 125 0 255 0
P 95 125 0 255 0
P 96 125 0 255 0
P 97 125 0 255 0
P 98 125 0 255 0
P 99 125 0 255 0
P 100 125 0 255 0
P 101 125 0 255 0
P 102 125 0 255 0
P 103 125 0 255 0
P 104 125 0 255 0
P 105 125 0 255 0
P 106 125 0 255 0
P 107 125 0 255 0
P 108 125 0 255 0
P 109 125 0 255 0
P 110 125 0 255 0
P 111 125 0 255 0
P 112 125 0 255 0
P 113 125 0 255 0
P 114 125 0 255 0
P 115 125 0 255 0
P 116 125 0 255 0
P 117 125 0 255 0
P 118 125 0 255 0
P 119 125 0 255 0
P 120 125 0 255 0
P 121 125 0 255 0
P 122 125 0 255 0
P 123 125 0 255 0
P 78 126 0 255 0
P 79 126 0 255 0
P 80 126 0 255 0
P 81 126 0 255 0
P 82 126 0 255 0
P 83 126 0 255 0
P 84 126 0 255 0
P 85 126 0 255 0
P 86 126 0 255 0
P 87 126 0 255 0
P 88 126 0 255 0
P 89 126 0 255 0
P 90 126 0 255 0
P 91 126 0 255 0
P 92 126 0 255 0
P 93 126 0 255 0
P 94 126 0 255 0
P 95 126 0 255 0
P 96 126 0 255 0
P 97 126 0 255 0
P 98 126 0 255 0
P 99 126 0 255 0
P 100 126 0 255 0
P 101 126 0 255 0
P 102 126 0 255 0
P 103 126 0 255 0
P 104 126 0 255 0
P 105 126 0 255 0
P 106 126 0 255 0
P 107 126 0 255 0
P 108 126 0 255 0
P 109 126 0 255 0
P 110 126 0 255 0
P 111 126 0 255 0
P 112 126 0 255 0
P 113 126 0 255 0
P 114 126 0 255 0
P 115 126 0 255 0
P 116 126 0 255 0
P 117 126 0 255 0
P 118 126 0 255 0
P 119 126 0 255 0
P 120 126 0 255 0
P 121 126 0 255 0
P 122 126 0 255 0
P 123 126 0 255 0
P 78 127 0 255 0
P 79 127 0 255 0
P 80 127 0 255 0
P 81 127 0 255 0
P 82 127 0 255 0
P 83 127 0 255 0
P 84 127 0 255 0
P 85 127 0 255 0
P 86 127 0 255 0
P 87 127 0 255 0
P 88 127 0 255 0
P 89 127 0 255 0
P 90 127 0 255 0
P 91 127 0 255 0
P 92 127 0 255 0
P 93 127 0 255 0
P 94 127 0 255 0
P 95 127 0 255 0
P 96 127 0 255 0
P 97 127 0 255 0
P 98 127 0 255 0
P 99 127 0 255 0
P 100 127 0 255 0
P 101 127 0 255 0
P 102 127 0 255 0
P 103 127 0 255 0
P 104 127 0 255 0
P 105 127 0 255 0
P 106 127 0 255 0
P 107 127 0 255 0
P 108 127 0 255 0
P 109 127 0 255 0
P 110 127 0 255 0
P 111 127 0 255 0
P 112 127 0 255 0
P 113 127 0 255 0
P 114 127 0 255 0
P 115 127 0 255 0
P 116 127 0 255 0
P 117 127 0 255 0
P 118 127 0 255 0
P 119 127 0 255 0
P 120 127 0 255 0
P 121 127 0 255 0
P 122 127 0 255 0
P 123 127 0 255 0
P 77 128 0 255 0
P 78 128 0 255 0
P 79 128 0 255 0
P 80 128 0 255 0
P 81 128 0 255 0
P 82 128 0 255 0
P 83 128 0 255 0
P 84 128 0 255 0
P 85 128 0 255 0
P 86 128 0 255 0
P 87 128 0 255 0
P 88 128 0 255 0
P 89 128 0 255 0
P 90 128 0 255 0
P 91 128 0 255 0
P 92 128 0 255 0
P 93 128 0 255 0
P 94 128 0 255 0
P 95 128 0 255 0
P 96 128 0 255 0
P 97 128 0 255 0
P 98 128 0 255 0
P 99 128 0 255 0
P 100 128 0 255 0
P 101 128 0 255 0
P 102 128 0 255 0
P 103 128 0 255 0
P 104 128 0 255 0
P 105 128 0 255 0
P 106 128 0 255 0
P 107 128 0 255 0
P 108 128 0 255 0
P 109 128 0 255 0
P 110 128 0 255 0
P 111 128 0 255 0
P 112 128 0 255 0
P 113 128 0 255 0
P 114 128 0 255 0
P 115 128 0 255 0
P 116 128 0 255 0
P 117 128 0 255 0
P 118 128 0 255 0
P 119 128 0 255 0
P 120 128 0 255 0
P 121 128 0 255 0
P 122 128 0 255 0
P 123 128 0 255 0
P 76 129 0 255 0
P 77 129 0 255 0
P 78 129 0 255 0
P 79 129 0 255 0
P 80 129 0 255 0
P 81 129 0 255 0
P 82 129 0 255 0
P 83 129 0 255 0
P 84 129 0 255 0
P 85 129 0 255 0
P 86 129 0 255 0
P 87 129 0 255 0
P 88 129 0 255 0
P 89 129 0 255 0
P 90 129 0 255 0
P 91 129 0 255 0
P 92 129 0 255 0
P 93 129 0 255 0
P 94 129 0 255 0
P 95 129 0 255 0
P 96 129 0 255 0
P 97 129 0 255 0
P 98 129 0 255 0
P 99 129 0 255 0
P 100 129 0 255 0
P 101 129 0 255 0
P 102 129 0 255 0
P 103 129 0 255 0
P 104 129 0 255 0
P 105 129 0 255 0
P 106 129 0 255 0
P 107 129 0 255 0
P 108 129 0 255 0
P 109 129 0 255 0
P 110 129 0 255 0
P 111 129 0 255 0
P 112 129 0 255 0
P 113 129 0 255 0
P 114 129 0 255 0
P 115 129 0 255 0
P 116 129 0 255 0
P 117 129 0 255 0
P 118 129 0 255 0
P 119 129 0 255 0
P 120 129 0 255 0
P 121 129 0 255 0
P 122 129 0 255 0
P 123 129 0 255 0
P 124 129 0 255 0
P 76 130 0 255 0
P 77 130 0 255 0
P 78 130 0 255 0
P 79 130 0 255 0
P 80 130 0 255 0
P 81 130 0 255 0
P 82 130 0 255 0
P 83 130 0 255 0
P 84 130 0 255 0
P 85 130 0 255 0
P 86 130 0 255 0
P 87 130 0 255 0
P 88 130 0 255 0
P 89 130 0 255 0
P 90 130 0 255 0
P 91 130 0 255 0
P 92 130 0 255 0
P 93 130 0 255 0
P 94 130 0 255 0
P 95 130 0 255 0
P 96 130 0 255 0
P 97 130 0 255 0
P 98 130 0 255 0
P 99 130 0 255 0
P 100 130 0 255 0
P 101 130 0 255 0
P 102 130 0 255 0
P 103 130 0 255 0
P 104 130 0 255 0
P 105 130 0 255 0
P 106 130 0 255 0
P 107 130 0 255 0
P 108 130 0 255 0
P 109 130 0 255 0
P 110 130 0 255 0
P 111 130 0 255 0
P 112 130 0 255 0
P 113 130 0 255 0
P 114 130 0 255 0
P 115 130 0 255 0
P 116 130 0 255 0
P 117 130 0 255 0
P 118 130 0 255 0
P 119 130 0 255 0
P 120 130 0 255 0
P 121 130 0 255 0
P 122 130 0 255 0
P 123 130 0 255 0
P 124 130 0 255 0
P 75 131 0 255 0
P 76 131 0 255 0
P 77 131 0 255 0
P 78 131 0 255 0
P 79 131 0 255 0
P 80 131 0 255 0
P 81 131 0 255 0
P 82 131 0 255 0
P 83 131 0 255 0
P 84 131 0 255 0
P 85 131 0 255 0
P 86 131 0 255 0
P 87 131 0 255 0
P 88 131 0 255 0
P 89 131 0 255 0
P 90 131 0 255 0
P 91 131 0 255 0
P 92 131 0 255 0
P 93 131 0 255 0
P 94 131 0 255 0
P 95 131 0 255 0
P 96 131 0 255 0
P 97 131 0 255 0
P 98 131 0 255 0
P 99 131 0 255 0
P 100 131 0 255 0
P 101 131 0 255 0
P 102 131 0 255 0
P 103 131 0 255 0
P 104 131 0 255 0
P 105 131 0 255 0
P 106 131 0 255 0
P 107 131 0 255 0
P 108 131 0 255 0
P 109 131 0 255 0
P 110 131 0 255 0
P 111 131 0 255 0
P 112 131 0 255 0
P 113 131 0 255 0
P 114 131 0 255 0
P 115 131 0 255 0
P 116 131 0 255 0
P 117 131 0 255 0
P 118 131 0 255 0
P 119 131 0 255 0
P 120 131 0 255 0
P 121 131 0 255 0
P 122 131 0 255 0
P 123 131 0 255 0
P 124 131 0 255 0
P 75 132 0 255 0
P 76 132 0 255 0
P 77 132 0 255 0
P 78 132 0 255 0
P 79 132 0 255 0
P 80 132 0 255 0
P 81 132 0 255 0
P 82 132 0 255 0
P 83 132 0 255 0
P 84 132 0 255 0
P 85 132 0 255 0
P 86 132 0 255 0
P 87 132 0 255 0
P 88 132 0 255 0
P 89 132 0 255 0
P 90 132 0 255 0
P 91 132 0 255 0
P 92 132 0 255 0
P 93 132 0 255 0
P 94 132 0 255 0
P 95 132 0 255 0
P 96 132 0 255 0
P 97 132 0 255 0
P 98 132 0 255 0
P 99 132 0 255 0
P 100 132 0 255 0
P 101 132 0 255 0
P 102 132 0 255 0
P 103 132 0 255 0
P 104 132 0 255 0
P 105 132 0 255 0
P 106 132 0 255 0
P 107 132 0 255 0
P 108 132 0 255 0
P 109 132 0 255 0
P 110 132 0 255 0
P 111 132 0 255 0
P 112 132 0 255 0
P 113 132 0 255 0
P 114 132 0 255 0
P 115 132 0 255 0
P 116 132 0 255 0
P 117 132 0 255 0
P 118 132 0 255 0
P 119 132 0 255 0
P 120 132 0 255 0
P 121 132 0 255 0
P 122 132 0 255 0
P 123 132 0 255 0
P 124 132 0 255 0
P 74 133 0 255 0
P 75 133 0 255 0
P 76 133 0 255 0
P 77 133 0 255 0
P 78 133 0 255 0
P 79 133 0 255 0
P 80 133 0 255 0
P 81 133 0 255 0
P 82 133 0 255 0
P 83 133 0 255 0
P 84 133 0 255 0
P 85 133 0 255 0
P 86 133 0 255 0
P 87 133 0 255 0
P 88 133 0 255 0
P 89 133 0 255 0
P 90 133 0 255 0
P 91 133 0 255 0
P 92 133 0 255 0
P 93 133 0 255 0
P 94 133 0 255 0
P 95 133 0 255 0
P 96 133 0 255 0
P 97 133 0 255 0
P 98 133 0 255 0
P 99 133 0 255 0
P 100 133 0 255 0
P 101 133 0 255 0
P 102 133 0 255 0
P 103 133 0 255 0
P 104 133 0 255 0
P 105 133 0 255 0
P 106 133 0 255 0
P 107 133 0 255 0
P 108 133 0 255 0
P 109 133 0 255 0
P 110 133 0 255 0
P 111 133 0 255 0
P 112 133 0 255 0
P 113 133 0 255 0
P 114 133 0 255 0
P 115 133 0 255 0
P 116 133 0 255 0
P 117 133 0 255 0
P 118 133 0 255 0
P 119 133 0 255 0
P 120 133 0 255 0
P 121 133 0 255 0
P 122 133 0 255 0
P 123 133 0 255 0
P 124 133 0 255 0
P 74 134 0 255 0
P 75 134 0 255 0
P 76 134 0 255 0
P 77 134 0 255 0
P 78 134 0 255 0
P 79 134 0 255 0
P 80 134 0 255 0
P 81 134 0 255 0
P 82 134 0 255 0
P 83 134 0 255 0
P 84 134 0 255 0
P 85 134 0 255 0
P 86 134 0 255 0
P 87 134 0 255 0
P 88 134 0 255 0
P 89 134 0 255 0
P 90 134 0 255 0
P 91 134 0 255 0
P 92 134 0 255 0
P 93 134 0 255 0
P 94 134 0 255 0
P 95 134 0 255 0
P 96 134 0 255 0
P 97 134 0 255 0
P 98 134 0 255 0
P 99 134 0 255 0
P 100 134 0 255 0
P 101 134 0 255 0
P 102 134 0 255 0
P 103 134 0 255 0
P 104 134 0 255 0
P 105 134 0 255 0
P 106 134 0 255 0
P 107 134 0 255 0
P 108 134 0 255 0
P 109 134 0 255 0
P 110 134 0 255 0
P 111 134 0 255 0
P 112 134 0 255 0
P 113 134 0 255 0
P 114 134 0 255 0
P 115 134 0 255 0
P 116 134 0 255 0
P 117 134 0 255 0
P 118 134 0 255 0
P 119 134 0 255 0
P 120 134 0 255 0
P 121 134 0 255 0
P 122 134 0 255 0
P 123 134 0 255 0
P 124 134 0 255 0
P 73 135 0 255 0
P 74 135 0 255 0
P 75 135 0 255 0
P 76 135 0 255 0
P 77 135 0 255 0
P 78 135 0 255 0
P 79 135 0 255 0
P 80 135 0 255 0
P 81 135 0 255 0
P 82 135 0 255 0
P 83 135 0 255 0
P 84 135 0 255 0
P 85 135 0 255 0
P 86 135 0 255 0
P 87 135 0 255 0
P 88 135 0 255 0
P 89 135 0 255 0
P 90 135 0 255 0
P 91 135 0 255 0
P 92 135 0 255 0
P 93 135 0 255 0
P 94 135 0 255 0
P 95 135 0 255 0
P 96 135 0 255 0
P 97 135 0 255 0
P 98 135 0 255 0
P 99 135 0 255 0
P 100 135 0 255 0
P 101 135 0 255 0
P 102 135 0 255 0
P 103 135 0 255 0
P 104 135 0 255 0
P 105 135 0 255 0
P 106 135 0 255 0
P 107 135 0 255 0
P 108 135 0 255 0
P 109 135 0 255 0
P 110 135 0 255 0
P 111 135 0 255 0
P 112 135 0 255 0
P 113 135 0 255 0
P 114 135 0 255 0
P 115 135 0 255 0
P 116 135 0 255 0
P 117 135 0 255 0
P 118 135 0 255 0
P 119 135 0 255 0
P 120 135 0 255 0
P 121 135 0 255 0
P 122 135 0 255 0
P 123 135 0 255 0
P 124 135 0 255 0
P 72 136 0 255 0
P 73 136 0 255 0
P 74 136 0 255 0
P 75 136 0 255 0
P 76 136 0 255 0
P 77 136 0 255 0
P 78 136 0 255 0
P 79 136 0 255 0
P 80 136 0 255 0
P 81 136 0 255 0
P 82 136 0 255 0
P 83 136 0 255 0
P 84 136 0 255 0
P 85 136 0 255 0
P 86 136 0 255 0
P 87 136 0 255 0
P 88 136 0 255 0
P 89 136 0 255 0
P 90 136 0 255 0
P 91 136 0 255 0
P 92 136 0 255 0
P 93 136 0 255 0
P 94 136 0 255 0
P 95 136 0 255 0
P 96 136 0 255 0
P 97 136 0 255 0
P 98 136 0 255 0
P 99 136 0 255 0
P 100 136 0 255 0
P 101 136 0 255 0
P 102 136 0 255 0
P 103 136 0 255 0
P 104 136 0 255 0
P 105 136 0 255 0
P 106 136 0 255 0
P 107 136 0 255 0
P 108 136 0 255 0
P 109 136 0 255 0
P 110 136 0 255 0
P 111 136 0 255 0
P 112 136 0 255 0
P 113 136 0 255 0
P 114 136 0 255 0
P 115 136 0 255 0
P 116 136 0 255 0
P 117 136 0 255 0
P 118 136 0 255 0
P 119 136 0 255 0
P 120 136 0 255 0
P 121 136 0 255 0
P 122 136 0 255 0
P 123 136 0 255 0
P 124 136 0 255 0
P 72 137 0 255 0
P 73 137 0 255 0
P 74 137 0 255 0
P 75 137 0 255 0
P 76 137 0 255 0
P 77 137 0 255 0
P 78 137 0 255 0
P 79 137 0 255 0
P 80 137 0 255 0
P 81 137 0 255 0
P 82 137 0 255 0
P 83 137 0 255 0
P 84 137 0 255 0
P 85 137 0 255 0
P 86 137 0 255 0
P 87 137 0 255 0
P 88 137 0 255 0
P 89 137 0 255 0
P 90 137 0 255 0
P 91 137 0 255 0
P 92 137 0 255 0
P 93 137 0 255 0
P 94 137 0 255 0
P 95 137 0 255 0
P 96 137 0 255 0
P 97 137 0 255 0
P 98 137 0 255 0
P 99 137 0 255 0
P 100 137 0 255 0
P 101 137 0 255 0
P 102 137 0 255 0
P 103 137 0 255 0
P 104 137 0 255 0
P 105 137 0 255 0
P 106 137 0 255 0
P 107 137 0 255 0
P 108 137 0 255 0
P 109 137 0 255 0
P 110 137 0 255 0
P 111 137 0 255 0
P 112 137 0 255 0
P 113 137 0 255 0
P 114 137 0 255 0
P 115 137 0 255 0
P 116 137 0 255 0
P 117 137 0 255 0
P 118 137 0 255 0
P 119 137 0 255 0
P 120 137 0 255 0
P 121 137 0 255 0
P 122 137 0 255 0
P 123 137 0 255 0
P 124 137 0 255 0
P 71 138 0 255 0
P 72 138 0 255 0
P 73 138 0 255 0
P 74 138 0 255 0
P 75 138 0 255 0
P 76 138 0 255 0
P 77 138 0 255 0
P 78 138 0 255 0
P 79 138 0 255 0
P 80 138 0 255 0
P 81 138 0 255 0
P 82 138 0 255 0
P 83 138 0 255 0
P 84 138 0 255 0
P 85 138 0 255 0
P 86 138 0 255 0
P 87 138 0 255 0
P 88 138 0 255 0
P 89 138 0 255 0
P 90 138 0 255 0
P 91 138 0 255 0
P 92 138 0 255 0
P 93 138 0 255 0
P 94 138 0 255 0
P 95 138 0 255 0
P 96 138 0 255 0
P 97 138 0 255 0
P 98 138 0 255 0
P 99 138 0 255 0
P 100 138 0 255 0
P 101 138 0 255 0
P 102 138 0 255 0
P 103 138 0 255 0
P 104 138 0 255 0
P 105 138 0 255 0
P 106 138 0 255 0
P 107 138 0 255 0
P 108 138 0 255 0
P 109 138 0 255 0
P 110 138 0 255 0
P 111 138 0 255 0
P 112 138 0 255 0
P 113 138 0 255 0
P 114 138 0 255 0
P 115 138 0 255 0
P 116 138 0 255 0
P 117 138 0 255 0
P 118 138 0 255 0
P 119 138 0 255 0
P 120 138 0 255 0
P 121 138 0 255 0
P 122 138 0 255 0
P 123 138 0 255 0
P 124 138 0 255 0
P 71 139 0 255 0
P 72 139 0 255 0
P 73 139 0 255 0
P 74 139 0 255 0
P 75 139 0 255 0
P 76 139 0 255 0
P 77 139 0 255 0
P 78 139 0 255 0
P 79 139 0 255 0
P 80 139 0 255 0
P 81 139 0 255 0
P 82 139 0 255 0
P 83 139 0 255 0
P 84 139 0 255 0
P 85 139 0 255 0
P 86 139 0 255 0
P 87 139 0 255 0
P 88 139 0 255 0
P 89 139 0 255 0
P 90 139 0 255 0
P 91 139 0 255 0
P 92 139 0 255 0
P 93 139 0 255 0
P 94 139 0 255 0
P 95 139 0 255 0
P 96 139 0 255 0
P 97 139 0 255 0
P 98 139 0 255 0
P 99 139 0 255 0
P 100 139 0 255 0
P 101 139 0 255 0
P 102 139 0 255 0
P 103 139 0 255 0
P 104 139 0 255 0
P 105 139 0 255 0
P 106 139 0 255 0
P 107 139 0 255 0
P 108 139 0 255 0
P 109 139 0 255 0
P 110 139 0 255 0
P 111 139 0 255 0
P 112 139 0 255 0
P 113 139 0 255 0
P 114 139 0 255 0
P 115 139 0 255 0
P 116 139 0 255 0
P 117 139 0 255 0
P 118 139 0 255 0
P 119 139 0 255 0
P 120 139 0 255 0
P 121 139 0 255 0
P 122 139 0 255 0
P 123 139 0 255 0
P 124 139 0 255 0
P 70 140 0 255 0
P 71 140 0 255 0
P 72 140 0 255 0
P 73 140 0 255 0
P 74 140 0 255 0
P 75 140 0 255 0
P 76 140 0 255 0
P 77 140 0 255 0
P 78 140 0 255 0
P 79 140 0 255 0
P 80 140 0 255 0
P 81 140 0 255 0
P 82 140 0 255 0
P 83 140 0 255 0
P 84 140 0 255 0
P 85 140 0 255 0
P 86 140 0 255 0
P 87 140 0 255 0
P 88 140 0 255 0
P 89 140 0 255 0
P 90 140 0 255 0
P 91 140 0 255 0
P 92 140 0 255 0
P 93 140 0 255 0
P 94 140 0 255 0
P 95 140 0 255 0
P 96 140 0 255 0
P 97 140 0 255 0
P 98 140 0 255 0
P 99 140 0 255 0
P 100 140 0 255 0
P 101 140 0 255 0
P 102 140 0 255 0
P 103 140 0 255 0
P 104 140 0 255 0
P 105 140 0 255 0
P 106 140 0 255 0
P 107 140 0 255 0
P 108 140 0 255 0
P 109 140 0 255 0
P 110 140 0 255 0
P 111 140 0 255 0
P 112 140 0 255 0
P 113 140 0 255 0
P 114 140 0 255 0
P 115 140 0 255 0
P 116 140 0 255 0
P 117 140 0 255 0
P 118 140 0 255 0
P 119 140 0 255 0
P 120 140 0 255 0
P 121 140 0 255 0
P 122 140 0 255 0
P 123 140 0 255 0
P 124 140 0 255 0
P 70 141 0 255 0
P 71 141 0 255 0
P 72 141 0 255 0
P 73 141 0 255 0
P 74 141 0 255 0
P 75 141 0 255 0
P 76 141 0 255 0
P 77 141 0 255 0
P 78 141 0 255 0
P 79 141 0 255 0
P 80 141 0 255 0
P 81 141 0 255 0
P 82 141 0 255 0
P 83 141 0 255 0
P 84 141 0 255 0
P 85 141 0 255 0
P 86 141 0 255 0
P 87 141 0 255 0
P 88 141 0 255 0
P 89 141 0 255 0
P 90 141 0 255 0
P 91 141 0 255 0
P 92 141 0 255 0
P 93 141 0 255 0
P 94 141 0 255 0
P 95 141 0 255 0
P 96 141 0 255 0
P 97 141 0 255 0
P 98 141 0 255 0
P 99 141 0 255 0
P 100 141 0 255 0
P 101 141 0 255 0
P 102 141 0 255 0
P 103 141 0 255 0
P 104 141 0 255 0
P 105 141 0 255 0
P 106 141 0 255 0
P 107 141 0 255 0
P 108 141 0 255 0
P 109 141 0 255 0
P 110 141 0 255 0
P 111 141 0 255 0
P 112 141 0 255 0
P 113 141 0 255 0
P 114 141 0 255 0
P 115 141 0 255 0
P 116 141 0 255 0
P 117 141 0 255 0
P 118 141 0 255 0
P 119 141 0 255 0
P 120 141 0 255 0
P 121 141 0 255 0
P 122 141 0 255 0
P 123 141 0 255 0
P 124 141 0 255 0
P 69 142 0 255 0
P 70 142 0 255 0
P 71 142 0 255 0
P 72 142 0 255 0
P 73 142 0 255 0
P 74 142 0 255 0
P 75 142 0 255 0
P 76 142 0 255 0
P 77 142 0 255 0
P 78 142 0 255 0
P 79 142 0 255 0
P 80 142 0 255 0
P 81 142 0 255 0
P 82 142 0 255 0
P 83 142 0 255 0
P 84 142 0 255 0
P 85 142 0 255 0
P 86 142 0 255 0
P 87 142 0 255 0
P 88 142 0 255 0
P 89 142 0 255 0
P 90 142 0 255 0
P 91 142 0 255 0
P 92 142 0 255 0
P 93 142 0 255 0
P 94 142 0 255 0
P 95 142 0 255 0
P 96 142 0 255 0
P 97 142 0 255 0
P 98 142 0 255 0
P 99 142 0 255 0
P 100 142 0 255 0
P 101 142 0 255 0
P 102 142 0 255 0
P 103 142 0 255 0
P 104 142 0 255 0
P 105 142 0 255 0
P 106 142 0 255 0
P 107 142 0 255 0
P 108 142 0 255 0
P 109 142 0 255 0
P 110 142 0 255 0
P 111 142 0 255 0
P 112 142 0 255 0
P 113 142 0 255 0
P 114 142 0 255 0
P 115 142 0 255 0
P 116 142 0 255 0
P 117 142 0 255 0
P 118 142 0 255 0
P 119 142 0 255 0
P 120 142 0 255 0
P 121 142 0 255 0
P 122 142 0 255 0
P 123 142 0 255 0
P 124 142 0 255 0
P 69 143 0 255 0
P 70 143 0 255 0
P 71 143 0 255 0
P 72 143 0 255 0
P 73 143 0 255 0
P 74 143 0 255 0
P 75 143 0 255 0
P 76 143 0 255 0
P 77 143 0 255 0
P 78 143 0 255 0
P 79 143 0 255 0
P 80 143 0 255 0
P 81 143 0 255 0
P 82 143 0 255 0
P 83 143 0 255 0
P 84 143 0 255 0
P 85 143 0 255 0
P 86 143 0 255 0
P 87 143 0 255 0
P 88 143 0 255 0
P 89 143 0 255 0
P 90 143 0 255 0
P 91 143 0 255 0
P 92 143 0 255 0
P 93 143 0 255 0
P 94 143 0 255 0
P 95 143 0 255 0
P 96 143 0 255 0
P 97 143 0 255 0
P 98 143 0 255 0
P 99 143 0 255 0
P 100 143 0 255 0
P 101 143 0 255 0
P 102 143 0 255 0
P 103 143 0 255 0
P 104 143 0 255 0
P 105 143 0 255 0
P 106 143 0 255 0
P 107 143 0 255 0
P 108 143 0 255 0
P 109 143 0 255 0
P 110 143 0 255 0
P 111 143 0 255 0
P 112 143 0 255 0
P 113 143 0 255 0
P 114 143 0 255 0
P 115 143 0 255 0
P 116 143 0 255 0
P 117 143 0 255 0
P 118 143 0 255 0
P 119 143 0 255 0
P 120 143 0 255 0
P 121 143 0 255 0
P 122 143 0 255 0
P 123 143 0 255 0
P 124 143 0 255 0
P 68 144 0 255 0
P 69 144 0 255 0
P 70 144 0 255 0
P 71 144 0 255 0
P 72 144 0 255 0
P 73 144 0 255 0
P 74 144 0 255 0
P 75 144 0 255 0
P 76 144 0 255 0
P 77 144 0 255 0
P 78 144 0 255 0
P 79 144 0 255 0
P 80 144 0 255 0
P 81 144 0 255 0
P 82 144 0 255 0
P 83 144 0 255 0
P 84 144 0 255 0
P 85 144 0 255 0
P 86 144 0 255 0
P 87 144 0 255 0
P 88 144 0 255 0
P 89 144 0 255 0
P 90 144 0 255 0
P 91 144 0 255 0
P 92 144 0 255 0
P 93 144 0 255 0
P 94 144 0 255 0
P 95 144 0 255 0
P 96 144 0 255 0
P 97 144 0 255 0
P 98 144 0 255 0
P 99 144 0 255 0
P 100 144 0 255 0
P 101 144 0 255 0
P 102 144 0 255 0
P 103 144 0 255 0
P 104 144 0 255 0
P 105 144 0 255 0
P 106 144 0 255 0
P 107 144 0 255 0
P 108 144 0 255 0
P 109 144 0 255 0
P 110 144 0 255 0
P 111 144 0 255 0
P 112 144 0 255 0
P 113 144 0 255 0
P 114 144 0 255 0
P 115 144 0 255 0
P 116 144 0 255 0
P 117 144 0 255 0
P 118 144 0 255 0
P 119 144 0 255 0
P 120 144 0 255 0
P 121 144 0 255 0
P 122 144 0 255 0
P 123 144 0 255 0
P 124 144 0 255 0
P 67 145 0 255 0
P 68 145 0 255 0
P 69 145 0 255 0
P 70 145 0 255 0
P 71 145 0 255 0
P 72 145 0 255 0
P 73 145 0 255 0
P 74 145 0 255 0
P 75 145 0 255 0
P 76 145 0 255 0
P 77 145 0 255 0
P 78 145 0 255 0
P 79 145 0 255 0
P 80 145 0 255 0
P 81 145 0 255 0
P 82 145 0 255 0
P 83 145 0 255 0
P 84 145 0 255 0
P 85 145 0 255 0
P 86 145 0 255 0
P 87 145 0 255 0
P 88 145 0 255 0
P 89 145 0 255 0
P 90 145 0 255 0
P 91 145 0 255 0
P 92 145 0 255 0
P 93 145 0 255 0
P 94 145 0 255 0
P 95 145 0 255 0
P 96 145 0 255 0
P 97 145 0 255 0
P 98 145 0 255 0
P 99 145 0 255 0
P 100 145 0 255 0
P 101 145 0 255 0
P 102 145 0 255 0
P 103 145 0 255 0
P 104 145 0 255 0
P 105 145 0 255 0
P 106 145 0 255 0
P 107 145 0 255 0
P 108 145 0 255 0
P 109 145 0 255 0
P 110 145 0 255 0
P 111 145 0 255 0
P 112 145 0 255 0
P 113 145 0 255 0
P 114 145 0 255 0
P 115 145 0 255 0
P 116 145 0 255 0
P 117 145 0 255 0
P 118 145 0 255 0
P 119 145 0 255 0
P 120 145 0 255 0
P 121 145 0 255 0
P 122 145 0 255 0
P 123 145 0 255 0
P 124 145 0 255 0
P 67 146 0 255 0
P 68 146 0 255 0
P 69 146 0 255 0
P 70 146 0 255 0
P 71 146 0 255 0
P 72 146 0 255 0
P 73 146 0 255 0
P 74 146 0 255 0
P 75 146 0 255 0
P 76 146 0 255 0
P 77 146 0 255 0
P 78 146 0 255 0
P 79 146 0 255 0
P 80 146 0 255 0
P 81 146 0 255 0
P 82 146 0 255 0
P 83 146 0 255 0
P 84 146 0 255 0
P 85 146 0 255 0
P 86 146 0 255 0
P 87 146 0 255 0
P 88 146 0 255 0
P 89 146 0 255 0
P 90 146 0 255 0
P 91 146 0 255 0
P 92 146 0 255 0
P 93 146 0 255 0
P 94 146 0 255 0
P 95 146 0 255 0
P 96 146 0 255 0
P 97 146 0 255 0
P 98 146 0 255 0
P 99 146 0 255 0
P 100 146 0 255 0
P 101 146 0 255 0
P 102 146 0 255 0
P 103 146 0 255 0
P 104 146 0 255 0
P 105 146 0 255 0
P 106 146 0 255 0
P 107 146 0 255 0
P 108 146 0 255 0
P 109 146 0 255 0
P 110 146 0 255 0
P 111 146 0 255 0
P 112 146 0 255 0
P 113 146 0 255 0
P 114 146 0 255 0
P 115 146 0 255 0
P 116 146 0 255 0
P 117 146 0 255 0
P 118 146 0 255 0
P 119 146 0 255 0
P 120 146 0 255 0
P 121 146 0 255 0
P 122 146 0 255 0
P 123 146 0 255 0
P 124 146 0 255 0
P 125 146 0 255 0
P 66 147 0 255 0
P 67 147 0 255 0
P 68 147 0 255 0
P 69 147 0 255 0
P 70 147 0 255 0
P 71 147 0 255 0
P 72 147 0 255 0
P 73 147 0 255 0
P 74 147 0 255 0
P 75 147 0 255 0
P 76 147 0 255 0
P 77 147 0 255 0
P 78 147 0 255 0
P 79 147 0 255 0
P 80 147 0 255 0
P 81 147 0 255 0
P 82 147 0 255 0
P 83 147 0 255 0
P 84 147 0 255 0
P 85 147 0 255 0
P 86 147 0 255 0
P 87 147 0 255 0
P 88 147 0 255 0
P 89 147 0 255 0
P 90 147 0 255 0
P 91 147 0 255 0
P 92 147 0 255 0
P 93 147 0 255 0
P 94 147 0 255 0
P 95 147 0 255 0
P 96 147 0 255 0
P 97 147 0 255 0
P 98 147 0 255 0
P 99 147 0 255 0
P 100 147 0 255 0
P 101 147 0 255 0
P 102 147 0 255 0
P 103 147 0 255 0
P 104 147 0 255 0
P 105 147 0 255 0
P 106 147 0 255 0
P 107 147 0 255 0
P 108 147 0 255 0
P 109 147 0 255 0
P 110 147 0 255 0
P 111 147 0 255 0
P 112 147 0 255 0
P 113 147 0 255 0
P 114 147 0 255 0
P 115 147 0 255 0
P 116 147 0 255 0
P 117 147 0 255 0
P 118 147 0 255 0
P 119 147 0 255 0
P 120 147 0 255 0
P 121 147 0 255 0
P 122 147 0 255 0
P 123 147 0 255 0
P 124 147 0 255 0
P 125 147 0 255 0
P 66 148 0 255 0
P 67 148 0 255 0
P 68 148 0 255 0
P 69 148 0 255 0
P 70 148 0 255 0
P 71 148 0 255 0
P 72 148 0 255 0
P 73 148 0 255 0
P 74 148 0 255 0
P 75 148 0 255 0
P 76 148 0 255 0
P 77 148 0 255 0
P 78 148 0 255 0
P 79 148 0 255 0
P 80 148 0 255 0
P 81 148 0 255 0
P 82 148 0 255 0
P 83 148 0 255 0
P 84 148 0 255 0
P 85 148 0 255 0
P 86 148 0 255 0
P 87 148 0 255 0
P 88 148 0 255 0
P 89 148 0 255 0
P 90 148 0 255 0
P 91 148 0 255 0
P 92 148 0 255 0
P 93 148 0 255 0
P 94 148 0 255 0
P 95 148 0 255 0
P 96 148 0 255 0
P 97 148 0 255 0
P 98 148 0 255 0
P 99 148 0 255 0
P 100 148 0 255 0
P 101 148 0 255 0
P 102 148 0 255 0
P 103 148 0 255 0
P 104 148 0 255 0
P 105 148 0 255 0
P 106 148 0 255 0
P 107 148 0 255 0
P 108 148 0 255 0
P 109 148 0 255 0
P 110 148 0 255 0
P 111 148 0 255 0
P 112 148 0 255 0
P 113 148 0 255 0
P 114 148 0 255 0
P 115 148 0 255 0
P 116 148 0 255 0
P 117 148 0 255 0
P 118 148 0 255 0
P 119 148 0 255 0
P 120 148 0 255 0
P 121 148 0 255 0
P 122 148 0 255 0
P 123 148 0 255 0
P 124 148 0 255 0
P 125 148 0 255 0
P 65 149 0 255 0
P 66 149 0 255 0
P 67 149 0 255 0
P 68 149 0 255 0
P 69 149 0 255 0
P 70 149 0 255 0
P 71 149 0 255 0
P 72 149 0 255 0
P 73 149 0 255 0
P 74 149 0 255 0
P 75 149 0 255 0
P 76 149 0 255 0
P 77 149 0 255 0
P 78 149 0 255 0
P 79 149 0 255 0
P 80 149 0 255 0
P 81 149 0 255 0
P 82 149 0 255 0
P 83 149 0 255 0
P 84 149 0 255 0
P 85 149 0 255 0
P 86 149 0 255 0
P 87 149 0 255 0
P 88 149 0 255 0
P 89 149 0 255 0
P 90 149 0 255 0
P 91 149 0 255 0
P 92 149 0 255 0
P 93 149 0 255 0
P 94 149 0 255 0
P 95 149 0 255 0
P 96 149 0 255 0
P 97 149 0 255 0
P 98 149 0 255 0
P 99 149 0 255 0
P 100 149 0 255 0
P 101 149 0 255 0
P 102 149 0 255 0
P 103 149 0 255 0
P 104 149 0 255 0
P 105 149 0 255 0
P 106 149 0 255 0
P 107 149 0 255 0
P 108 149 0 255 0
P 109 149 0 255 0
P 110 149 0 255 0
P 111 149 0 255 0
P 112 149 0 255 0
P 113 149 0 255 0
P 114 149 0 255 0
P 115 149 0 255 0
P 116 149 0 255 0
P 117 149 0 255 0
P 118 149 0 255 0
P 119 149 0 255 0
P 120 149 0 255 0
P 121 149 0 255 0
P 122 149 0 255 0
P 123 149 0 255 0
P 124 149 0 255 0
P 125 149 0 255 0
P 65 150 0 255 0
P 66 150 0 255 0
P 67 150 0 255 0
P 68 150 0 255 0
P 69 150 0 255 0
P 70 150 0 255 0
P 71 150 0 255 0
P 72 150 0 255 0
P 73 150 0 255 0
P 74 150 0 255 0
P 75 150 0 255 0
P 76 150 0 255 0
P 77 150 0 255 0
P 78 150 0 255 0
P 79 150 0 255 0
P 80 150 0 255 0
P 81 150 0 255 0
P 82 150 0 255 0
P 83 150 0 255 0
P 84 150 0 255 0
P 85 150 0 255 0
P 86 150 0 255 0
P 87 150 0 255 0
P 88 150 0 255 0
P 89 150 0 255 0
P 90 150 0 255 0
P 91 150 0 255 0
P 92 150 0 255 0
P 93 150 0 255 0
P 94 150 0 255 0
P 95 150 0 255 0
P 96 150 0 255 0
P 97 150 0 255 0
P 98 150 0 255 0
P 99 150 0 255 0
P 100 150 0 255 0
P 101 150 0 255 0
P 102 150 0 255 0
P 103 150 0 255 0
P 104 150 0 255 0
P 105 150 0 255 0
P 106 150 0 255 0
P 107 150 0 255 0
P 108 150 0 255 0
P 109 150 0 255 0
P 110 150 0 255 0
P 111 150 0 255 0
P 112 150 0 255 0
P 113 150 0 255 0
P 114 150 0 255 0
P 115 150 0 255 0
P 116 150 0 255 0
P 117 150 0 255 0
P 118 150 0 255 0
P 119 150 0 255 0
P 120 150 0 255 0
P 121 150 0 255 0
P 122 150 0 255 0
P 123 150 0 255 0
P 124 150 0 255 0
P 125 150 0 255 0
P 64 151 0 255 0
P 65 151 0 255 0
P 66 151 0 255 0
P 67 151 0 255 0
P 68 151 0 255 0
P 69 151 0 255 0
P 70 151 0 255 0
P 71 151 0 255 0
P 72 151 0 255 0
P 73 151 0 255 0
P 74 151 0 255 0
P 75 151 0 255 0
P 76 151 0 255 0
P 77 151 0 255 0
P 78 151 0 255 0
P 79 151 0 255 0
P 80 151 0 255 0
P 81 151 0 255 0
P 82 151 0 255 0
P 83 151 0 255 0
P 84 151 0 255 0
P 85 151 0 255 0
P 86 151 0 255 0
P 87 151 0 255 0
P 88 151 0 255 0
P 89 151 0 255 0
P 90 151 0 255 0
P 91 151 0 255 0
P 92 151 0 255 0
P 93 151 0 255 0
P 94 151 0 255 0
P 95 151 0 255 0
P 96 151 0 255 0
P 97 151 0 255 0
P 98 151 0 255 0
P 99 151 0 255 0
P 100 151 0 255 0
P 101 151 0 255 0
P 102 151 0 255 0
P 103 151 0 255 0
P 104 151 0 255 0
P 105 151 0 255 0
P 106 151 0 255 0
P 107 151 0 255 0
P 108 151 0 255 0
P 109 151 0 255 0
P 110 151 0 255 0
P 111 151 0 255 0
P 112 151 0 255 0
P 113 151 0 255 0
P 114 151 0 255 0
P 115 151 0 255 0
P 116 151 0 255 0
P 117 151 0 255 0
P 118 151 0 255 0
P 119 151 0 255 0
P 120 151 0 255 0
P 121 151 0 255 0
P 122 151 0 255 0
P 123 151 0 255 0
P 124 151 0 255 0
P 125 151 0 255 0
P 63 152 0 255 0
P 64 152 0 255 0
P 65 152 0 255 0
P 66 152 0 255 0
P 67 152 0 255 0
P 68 152 0 255 0
P 69 152 0 255 0
P 70 152 0 255 0
P 71 152 0 255 0
P 72 152 0 255 0
P 73 152 0 255 0
P 74 152 0 255 0
P 75 152 0 255 0
P 76 152 0 255 0
P 77 152 0 255 0
P 78 152 0 255 0
P 79 152 0 255 0
P 80 152 0 255 0
P 81 152 0 255 0
P 82 152 0 255 0
P 83 152 0 255 0
P 84 152 0 255 0
P 85 152 0 255 0
P 86 152 0 255 0
P 87 152 0 255 0
P 88 152 0 255 0
P 89 152 0 255 0
P 90 152 0 255 0
P 91 152 0 255 0
P 92 152 0 255 0
P 93 152 0 255 0
P 94 152 0 255 0
P 95 152 0 255 0
P 96 152 0 255 0
P 97 152 0 255 0
P 98 152 0 255 0
P 99 152 0 255 0
P 100 152 0 255 0
P 101 152 0 255 0
P 102 152 0 255 0
P 103 152 0 255 0
P 104 152 0 255 0
P 105 152 0 255 0
P 106 152 0 255 0
P 107 152 0 255 0
P 108 152 0 255 0
P 109 152 0 255 0
P 110 152 0 255 0
P 111 152 0 255 0
P 112 152 0 255 0
P 113 152 0 255 0
P 114 152 0 255 0
P 115 152 0 255 0
P 116 152 0 255 0
P 117 152 0 255 0
P 118 152 0 255 0
P 119 152 0 255 0
P 120 152 0 255 0
P 121 152 0 255 0
P 122 152 0 255 0
P 123 152 0 255 0
P 124 152 0 255 0
P 125 152 0 255 0
P 63 153 0 255 0
P 64 153 0 255 0
P 65 153 0 255 0
P 66 153 0 255 0
P 67 153 0 255 0
P 68 153 0 255 0
P 69 153 0 255 0
P 70 153 0 255 0
P 71 153 0 255 0
P 72 153 0 255 0
P 73 153 0 255 0
P 74 153 0 255 0
P 75 153 0 255 0
P 76 153 0 255 0
P 77 153 0 255 0
P 78 153 0 255 0
P 79 153 0 255 0
P 80 153 0 255 0
P 81 153 0 255 0
P 82 153 0 255 0
P 83 153 0 255 0
P 84 153 0 255 0
P 85 153 0 255 0
P 86 153 0 255 0
P 87 153 0 255 0
P 88 153 0 255 0
P 89 153 0 255 0
P 90 153 0 255 0
P 91 153 0 255 0
P 92 153 0 255 0
P 93 153 0 255 0
P 94 153 0 255 0
P 95 153 0 255 0
P 96 153 0 255 0
P 97 153 0 255 0
P 98 153 0 255 0
P 99 153 0 255 0
P 100 153 0 255 0
P 101 153 0 255 0
P 102 153 0 255 0
P 103 153 0 255 0
P 104 153 0 255 0
P 105 153 0 255 0
P 106 153 0 255 0
P 107 153 0 255 0
P 108 153 0 255 0
P 109 153 0 255 0
P 110 153 0 255 0
P 111 153 0 255 0
P 112 153 0 255 0
P 113 153 0 255 0
P 114 153 0 255 0
P 115 153 0 255 0
P 116 153 0 255 0
P 117 153 0 255 0
P 118 153 0 255 0
P 119 153 0 255 0
P 120 153 0 255 0
P 121 153 0 255 0
P 122 153 0 255 0
P 123 153 0 255 0
P 124 153 0 255 0
P 125 153 0 255 0
P 62 154 0 255 0
P 63 154 0 255 0
P 64 154 0 255 0
P 65 154 0 255 0
P 66 154 0 255 0
P 67 154 0 255 0
P 68 154 0 255 0
P 69 154 0 255 0
P 70 154 0 255 0
P 71 154 0 255 0
P 72 154 0 255 0
P 73 154 0 255 0
P 74 154 0 255 0
P 75 154 0 255 0
P 76 154 0 255 0
P 77 154 0 255 0
P 78 154 0 255 0
P 79 154 0 255 0
P 80 154 0 255 0
P 81 154 0 255 0
P 82 154 0 255 0
P 83 154 0 255 0
P 84 154 0 255 0
P 85 154 0 255 0
P 86 154 0 255 0
P 87 154 0 255 0
P 88 154 0 255 0
P 89 154 0 255 0
P 90 154 0 255 0
P 91 154 0 255 0
P 92 154 0 255 0
P 93 154 0 255 0
P 94 154 0 255 0
P 95 154 0 255 0
P 96 154 0 255 0
P 97 154 0 255 0
P 98 154 0 255 0
P 99 154 0 255 0
P 100 154 0 255 0
P 101 154 0 255 0
P 102 154 0 255 0
P 103 154 0 255 0
P 104 154 0 255 0
P 105 154 0 255 0
P 106 154 0 255 0
P 107 154 0 255 0
P 108 154 0 255 0
P 109 154 0 255 0
P 110 154 0 255 0
P 111 154 0 255 0
P 112 154 0 255 0
P 113 154 0 255 0
P 114 154 0 255 0
P 115 154 0 255 0
P 116 154 0 255 0
P 117 154 0 255 0
P 118 154 0 255 0
P 119 154 0 255 0
P 120 154 0 255 0
P 121 154 0 255 0
P 122 154 0 255 0
P 123 154 0 255 0
P 124 154 0 255 0
P 125 154 0 255 0
P 62 155 0 255 0
P 63 155 0 255 0
P 64 155 0 255 0
P 65 155 0 255 0
P 66 155 0 255 0
P 67 155 0 255 0
P 68 155 0 255 0
P 69 155 0 255 0
P 70 155 0 255 0
P 71 155 0 255 0
P 72 155 0 255 0
P 73 155 0 255 0
P 74 155 0 255 0
P 75 155 0 255 0
P 76 155 0 255 0
P 77 155 0 255 0
P 78 155 0 255 0
P 79 155 0 255 0
P 80 155 0 255 0
P 81 155 0 255 0
P 82 155 0 255 0
P 83 155 0 255 0
P 84 155 0 255 0
P 85 155 0 255 0
P 86 155 0 255 0
P 87 155 0 255 0
P 88 155 0 255 0
P 89 155 0 255 0
P 90 155 0 255 0
P 91 155 0 255 0
P 92 155 0 255 0
P 93 155 0 255 0
P 94 155 0 255 0
P 95 155 0 255 0
P 96 155 0 255 0
P 97 155 0 255 0
P 98 155 0 255 0
P 99 155 0 255 0
P 100 155 0 255 0
P 101 155 0 255 0
P 102 155 0 255 0
P 103 155 0 255 0
P 104 155 0 255 0
P 105 155 0 255 0
P 106 155 0 255 0
P 107 155 0 255 0
P 108 155 0 255 0
P 109 155 0 255 0
P 110 155 0 255 0
P 111 155 0 255 0
P 112 155 0 255 0
P 113 155 0 255 0
P 114 155 0 255 0
P 115 155 0 255 0
P 116 155 0 255 0
P 117 155 0 255 0
P 118 155 0 255 0
P 119 155 0 255 0
P 120 155 0 255 0
P 121 155 0 255 0
P 122 155 0 255 0
P 123 155 0 255 0
P 124 155 0 255 0
P 125 155 0 255 0
P 61 156 0 255 0
P 62 156 0 255 0
P 63 156 0 255 0
P 64 156 0 255 0
P 65 156 0 255 0
P 66 156 0 255 0
P 67 156 0 255 0
P 68 156 0 255 0
P 69 156 0 255 0
P 70 156 0 255 0
P 71 156 0 255 0
P 72 156 0 255 0
P 73 156 0 255 0
P 74 156 0 255 0
P 75 156 0 255 0
P 76 156 0 255 0
P 77 156 0 255 0
P 78 156 0 255 0
P 79 156 0 255 0
P 80 156 0 255 0
P 81 156 0 255 0
P 82 156 0 255 0
P 83 156 0 255 0
P 84 156 0 255 0
P 85 156 0 255 0
P 86 156 0 255 0
P 87 156 0 255 0
P 88 156 0 255 0
P 89 156 0 255 0
P 90 156 0 255 0
P 91 156 0 255 0
P 92 156 0 255 0
P 93 156 0 255 0
P 94 156 0 255 0
P 95 156 0 255 0
P 96 156 0 255 0
P 97 156 0 255 0
P 98 156 0 255 0
P 99 156 0 255 0
P 100 156 0 255 0
P 101 156 0 255 0
P 102 156 0 255 0
P 103 156 0 255 0
P 104 156 0 255 0
P 105 156 0 255 0
P 106 156 0 255 0
P 107 156 0 255 0
P 108 156 0 255 0
P 109 156 0 255 0
P 110 156 0 255 0
P 111 156 0 255 0
P 112 156 0 255 0
P 113 156 0 255 0
P 114 156 0 255 0
P 115 156 0 255 0
P 116 156 0 255 0
P 117 156 0 255 0
P 118 156 0 255 0
P 119 156 0 255 0
P 120 156 0 255 0
P 121 156 0 255 0
P 122 156 0 255 0
P 123 156 0 255 0
P 124 156 0 255 0
P 125 156 0 255 0
P 61 157 0 255 0
P 62 157 0 255 0
P 63 157 0 255 0
P 64 157 0 255 0
P 65 157 0 255 0
P 66 157 0 255 0
P 67 157 0 255 0
P 68 157 0 255 0
P 69 157 0 255 0
P 70 157 0 255 0
P 71 157 0 255 0
P 72 157 0 255 0
P 73 157 0 255 0
P 74 157 0 255 0
P 75 157 0 255 0
P 76 157 0 255 0
P 77 157 0 255 0
P 78 157 0 255 0
P 79 157 0 255 0
P 80 157 0 255 0
P 81 157 0 255 0
P 82 157 0 255 0
P 83 157 0 255 0
P 84 157 0 255 0
P 85 157 0 255 0
P 86 157 0 255 0
P 87 157 0 255 0
P 88 157 0 255 0
P 89 157 0 255 0
P 90 157 0 255 0
P 91 157 0 255 0
P 92 157 0 255 0
P 93 157 0 255 0
P 94 157 0 255 0
P 95 157 0 255 0
P 96 157 0 255 0
P 97 157 0 255 0
P 98 157 0 255 0
P 99 157 0 255 0
P 100 157 0 255 0
P 101 157 0 255 0
P 102 157 0 255 0
P 103 157 0 255 0
P 104 157 0 255 0
P 105 157 0 255 0
P 106 157 0 255 0
P 107 157 0 255 0
P 108 157 0 255 0
P 109 157 0 255 0
P 110 157 0 255 0
P 111 157 0 255 0
P 112 157 0 255 0
P 113 157 0 255 0
P 114 157 0 255 0
P 115 157 0 255 0
P 116 157 0 255 0
P 117 157 0 255 0
P 118 157 0 255 0
P 119 157 0 255 0
P 120 157 0 255 0
P 121 157 0 255 0
P 122 157 0 255 0
P 123 157 0 255 0
P 124 157 0 255 0
P 125 157 0 255 0
P 60 158 0 255 0
P 61 158 0 255 0
P 62 158 0 255 0
P 63 158 0 255 0
P 64 158 0 255 0
P 65 158 0 255 0
P 66 158 0 255 0
P 67 158 0 255 0
P 68 158 0 255 0
P 69 158 0 255 0
P 70 158 0 255 0
P 71 158 0 255 0
P 72 158 0 255 0
P 73 158 0 255 0
P 74 158 0 255 0
P 75 158 0 255 0
P 76 158 0 255 0
P 77 158 0 255 0
P 78 158 0 255 0
P 79 158 0 255 0
P 80 158 0 255 0
P 81 158 0 255 0
P 82 158 0 255 0
P 83 158 0 255 0
P 84 158 0 255 0
P 85 158 0 255 0
P 86 158 0 255 0
P 87 158 0 255 0
P 88 158 0 255 0
P 89 158 0 255 0
P 90 158 0 255 0
P 91 158 0 255 0
P 92 158 0 255 0
P 93 158 0 255 0
P 94 158 0 255 0
P 95 158 0 255 0
P 96 158 0 255 0
P 97 158 0 255 0
P 98 158 0 255 0
P 99 158 0 255 0
P 100 158 0 255 0
P 101 158 0 255 0
P 102 158 0 255 0
P 103 158 0 255 0
P 104 158 0 255 0
P 105 158 0 255 0
P 106 158 0 255 0
P 107 158 0 255 0
P 108 158 0 255 0
P 109 158 0 255 0
P 110 158 0 255 0
P 111 158 0 255 0
P 112 158 0 255 0
P 113 158 0 255 0
P 114 158 0 255 0
P 115 158 0 255 0
P 116 158 0 255 0
P 117 158 0 255 0
P 118 158 0 255 0
P 119 158 0 255 0
P 120 158 0 255 0
P 121 158 0 255 0
P 122 158 0 255 0
P 123 158 0 255 0
P 124 158 0 255 0
P 125 158 0 255 0
P 60 159 0 255 0
P 61 159 0 255 0
P 62 159 0 255 0
P 63 159 0 255 0
P 64 159 0 255 0
P 65 159 0 255 0
P 66 159 0 255 0
P 67 159 0 255 0
P 68 159 0 255 0
P 69 159 0 255 0
P 70 159 0 255 0
P 71 159 0 255 0
P 72 159 0 255 0
P 73 159 0 255 0
P 74 159 0 255 0
P 75 159 0 255 0
P 76 159 0 255 0
P 77 159 0 255 0
P 78 159 0 255 0
P 79 159 0 255 0
P 80 159 0 255 0
P 81 159 0 255 0
P 82 159 0 255 0
P 83 159 0 255 0
P 84 159 0 255 0
P 85 159 0 255 0
P 86 159 0 255 0
P 87 159 0 255 0
P 88 159 0 255 0
P 89 159 0 255 0
P 90 159 0 255 0
P 91 159 0 255 0
P 92 159 0 255 0
P 93 159 0 255 0
P 94 159 0 255 0
P 95 159 0 255 0
P 96 159 0 255 0
P 97 159 0 255 0
P 98 159 0 255 0
P 99 159 0 255 0
P 100 159 0 255 0
P 101 159 0 255 0
P 102 159 0 255 0
P 103 159 0 255 0
P 104 159 0 255 0
P 105 159 0 255 0
P 106 159 0 255 0
P 107 159 0 255 0
P 108 159 0 255 0
P 109 159 0 255 0
P 110 159 0 255 0
P 111 159 0 255 0
P 112 159 0 255 0
P 113 159 0 255 0
P 114 159 0 255 0
P 115 159 0 255 0
P 116 159 0 255 0
P 117 159 0 255 0
P 118 159 0 255 0
P 119 159 0 255 0
P 120 159 0 255 0
P 121 159 0 255 0
P 122 159 0 255 0
P 123 159 0 255 0
P 124 159 0 255 0
P 125 159 0 255 0
P 59 160 0 255 0
P 60 160 0 255 0
P 61 160 0 255 0
P 62 160 0 255 0
P 63 160 0 255 0
P 64 160 0 255 0
P 65 160 0 255 0
P 66 160 0 255 0
P 67 160 0 255 0
P 68 160 0 255 0
P 69 160 0 255 0
P 70 160 0 255 0
P 71 160 0 255 0
P 72 160 0 255 0
P 73 160 0 255 0
P 74 160 0 255 0
P 75 160 0 255 0
P 76 160 0 255 0
P 77 160 0 255 0
P 78 160 0 255 0
P 79 160 0 255 0
P 80 160 0 255 0
P 81 160 0 255 0
P 82 160 0 255 0
P 83 160 0 255 0
P 84 160 0 255 0
P 85 160 0 255 0
P 86 160 0 255 0
P 87 160 0 255 0
P 88 160 0 255 0
P 89 160 0 255 0
P 90 160 0 255 0
P 91 160 0 255 0
P 92 160 0 255 0
P 93 160 0 255 0
P 94 160 0 255 0
P 95 160 0 255 0
P 96 160 0 255 0
P 97 160 0 255 0
P 98 160 0 255 0
P 99 160 0 255 0
P 100 160 0 255 0
P 101 160 0 255 0
P 102 160 0 255 0
P 103 160 0 255 0
P 104 160 0 255 0
P 105 160 0 255 0
P 106 160 0 255 0
P 107 160 0 255 0
P 108 160 0 255 0
P 109 160 0 255 0
P 110 160 0 255 0
P 111 160 0 255 0
P 112 160 0 255 0
P 113 160 0 255 0
P 114 160 0 255 0
P 115 160 0 255 0
P 116 160 0 255 0
P 117 160 0 255 0
P 118 160 0 255 0
P 119 160 0 255 0
P 120 160 0 255 0
P 121 160 0 255 0
P 122 160 0 255 0
P 123 160 0 255 0
P 124 160 0 255 0
P 125 160 0 255 0
P 58 161 0 255 0
P 59 161 0 255 0
P 60 161 0 255 0
P 61 161 0 255 0
P 62 161 0 255 0
P 63 161 0 255 0
P 64 161 0 255 0
P 65 161 0 255 0
P 66 161 0 255 0
P 67 161 0 255 0
P 68 161 0 255 0
P 69 161 0 255 0
P 70 161 0 255 0
P 71 161 0 255 0
P 72 161 0 255 0
P 73 161 0 255 0
P 74 161 0 255 0
P 75 161 0 255 0
P 76 161 0 255 0
P 77 161 0 255 0
P 78 161 0 255 0
P 79 161 0 255 0
P 80 161 0 255 0
P 81 161 0 255 0
P 82 161 0 255 0
P 83 161 0 255 0
P 84 161 0 255 0
P 85 161 0 255 0
P 86 161 0 255 0
P 87 161 0 255 0
P 88 161 0 255 0
P 89 161 0 255 0
P 90 161 0 255 0
P 91 161 0 255 0
P 92 161 0 255 0
P 93 161 0 255 0
P 94 161 0 255 0
P 95 161 0 255 0
P 96 161 0 255 0
P 97 161 0 255 0
P 98 161 0 255 0
P 99 161 0 255 0
P 100 161 0 255 0
P 101 161 0 255 0
P 102 161 0 255 0
P 103 161 0 255 0
P 104 161 0 255 0
P 105 161 0 255 0
P 106 161 0 255 0
P 107 161 0 255 0
P 108 161 0 255 0
P 109 161 0 255 0
P 110 161 0 255 0
P 111 161 0 255 0
P 112 161 0 255 0
P 113 161 0 255 0
P 114 161 0 255 0
P 115 161 0 255 0
P 116 161 0 255 0
P 117 161 0 255 0
P 118 161 0 255 0
P 119 161 0 255 0
P 120 161 0 255 0
P 121 161 0 255 0
P 122 161 0 255 0
P 123 161 0 255 0
P 124 161 0 255 0
P 125 161 0 255 0
P 58 162 0 255 0
P 59 162 0 255 0
P 60 162 0 255 0
P 61 162 0 255 0
P 62 162 0 255 0
P 63 162 0 255 0
P 64 162 0 255 0
P 65 162 0 255 0
P 66 162 0 255 0
P 67 162 0 255 0
P 68 162 0 255 0
P 69 162 0 255 0
P 70 162 0 255 0
P 71 162 0 255 0
P 72 162 0 255 0
P 73 162 0 255 0
P 74 162 0 255 0
P 75 162 0 255 0
P 76 162 0 255 0
P 77 162 0 255 0
P 78 162 0 255 0
P 79 162 0 255 0
P 80 162 0 255 0
P 81 162 0 255 0
P 82 162 0 255 0
P 83 162 0 255 0
P 84 162 0 255 0
P 85 162 0 255 0
P 86 162 0 255 0
P 87 162 0 255 0
P 88 162 0 255 0
P 89 162 0 255 0
P 90 162 0 255 0
P 91 162 0 255 0
P 92 162 0 255 0
P 93 162 0 255 0
P 94 162 0 255 0
P 95 162 0 255 0
P 96 162 0 255 0
P 97 162 0 255 0
P 98 162 0 255 0
P 99 162 0 255 0
P 100 162 0 255 0
P 101 162 0 255 0
P 102 162 0 255 0
P 103 162 0 255 0
P 104 162 0 255 0
P 105 162 0 255 0
P 106 162 0 255 0
P 107 162 0 255 0
P 108 162 0 255 0
P 109 162 0 255 0
P 110 162 0 255 0
P 111 162 0 255 0
P 112 162 0 255 0
P 113 162 0 255 0
P 114 162 0 255 0
P 115 162 0 255 0
P 116 162 0 255 0
P 117 162 0 255 0
P 118 162 0 255 0
P 119 162 0 255 0
P 120 162 0 255 0
P 121 162 0 255 0
P 122 162 0 255 0
P 123 162 0 255 0
P 124 162 0 255 0
P 125 162 0 255 0
P 57 163 0 255 0
P 58 163 0 255 0
P 59 163 0 255 0
P 60 163 0 255 0
P 61 163 0 255 0
P 62 163 0 255 0
P 63 163 0 255 0
P 64 163 0 255 0
P 65 163 0 255 0
P 66 163 0 255 0
P 67 163 0 255 0
P 68 163 0 255 0
P 69 163 0 255 0
P 70 163 0 255 0
P 71 163 0 255 0
P 72 163 0 255 0
P 73 163 0 255 0
P 74 163 0 255 0
P 75 163 0 255 0
P 76 163 0 255 0
P 77 163 0 255 0
P 78 163 0 255 0
P 79 163 0 255 0
P 80 163 0 255 0
P 81 163 0 255 0
P 82 163 0 255 0
P 83 163 0 255 0
P 84 163 0 255 0
P 85 163 0 255 0
P 86 163 0 255 0
P 87 163 0 255 0
P 88 163 0 255 0
P 89 163 0 255 0
P 90 163 0 255 0
P 91 163 0 255 0
P 92 163 0 255 0
P 93 163 0 255 0
P 94 163 0 255 0
P 95 163 0 255 0
P 96 163 0 255 0
P 97 163 0 255 0
P 98 163 0 255 0
P 99 163 0 255 0
P 100 163 0 255 0
P 101 163 0 255 0
P 102 163 0 255 0
P 103 163 0 255 0
P 104 163 0 255 0
P 105 163 0 255 0
P 106 163 0 255 0
P 107 163 0 255 0
P 108 163 0 255 0
P 109 163 0 255 0
P 110 163 0 255 0
P 111 163 0 255 0
P 112 163 0 255 0
P 113 163 0 255 0
P 114 163 0 255 0
P 115 163 0 255 0
P 116 163 0 255 0
P 117 163 0 255 0
P 118 163 0 255 0
P 119 163 0 255 0
P 120 163 0 255 0
P 121 163 0 255 0
P 122 163 0 255 0
P 123 163 0 255 0
P 124 163 0 255 0
P 125 163 0 255 0
P 126 163 0 255 0
P 57 164 0 255 0
P 58 164 0 255 0
P 59 164 0 255 0
P 60 164 0 255 0
P 61 164 0 255 0
P 62 164 0 255 0
P 63 164 0 255 0
P 64 164 0 255 0
P 65 164 0 255 0
P 66 164 0 255 0
P 67 164 0 255 0
P 68 164 0 255 0
P 69 164 0 255 0
P 70 164 0 255 0
P 71 164 0 255 0
P 72 164 0 255 0
P 73 164 0 255 0
P 74 164 0 255 0
P 75 164 0 255 0
P 76 164 0 255 0
P 77 164 0 255 0
P 78 164 0 255 0
P 79 164 0 255 0
P 80 164 0 255 0
P 81 164 0 255 0
P 82 164 0 255 0
P 83 164 0 255 0
P 84 164 0 255 0
P 85 164 0 255 0
P 86 164 0 255 0
P 87 164 0 255 0
P 88 164 0 255 0
P 89 164 0 255 0
P 90 164 0 255 0
P 91 164 0 255 0
P 92 164 0 255 0
P 93 164 0 255 0
P 94 164 0 255 0
P 95 164 0 255 0
P 96 164 0 255 0
P 97 164 0 255 0
P 98 164 0 255 0
P 99 164 0 255 0
P 100 164 0 255 0
P 101 164 0 255 0
P 102 164 0 255 0
P 103 164 0 255 0
P 104 164 0 255 0
P 105 164 0 255 0
P 106 164 0 255 0
P 107 164 0 255 0
P 108 164 0 255 0
P 109 164 0 255 0
P 110 164 0 255 0
P 111 164 0 255 0
P 112 164 0 255 0
P 113 164 0 255 0
P 114 164 0 255 0
P 115 164 0 255 0
P 116 164 0 255 0
P 117 164 0 255 0
P 118 164 0 255 0
P 119 164 0 255 0
P 120 164 0 255 0
P 121 164 0 255 0
P 122 164 0 255 0
P 123 164 0 255 0
P 124 164 0 255 0
P 125 164 0 255 0
P 126 164 0 255 0
P 56 165 0 255 0
P 57 165 0 255 0
P 58 165 0 255 0
P 59 165 0 255 0
P 60 165 0 255 0
P 61 165 0 255 0
P 62 165 0 255 0
P 63 165 0 255 0
P 64 165 0 255 0
P 65 165 0 255 0
P 66 165 0 255 0
P 67 165 0 255 0
P 68 165 0 255 0
P 69 165 0 255 0
P 70 165 0 255 0
P 71 165 0 255 0
P 72 165 0 255 0
P 73 165 0 255 0
P 74 165 0 255 0
P 75 165 0 255 0
P 76 165 0 255 0
P 77 165 0 255 0
P 78 165 0 255 0
P 79 165 0 255 0
P 80 165 0 255 0
P 81 165 0 255 0
P 82 165 0 255 0
P 83 165 0 255 0
P 84 165 0 255 0
P 85 165 0 255 0
P 86 165 0 255 0
P 87 165 0 255 0
P 88 165 0 255 0
P 89 165 0 255 0
P 90 165 0 255 0
P 91 165 0 255 0
P 92 165 0 255 0
P 93 165 0 255 0
P 94 165 0 255 0
P 95 165 0 255 0
P 96 165 0 255 0
P 97 165 0 255 0
P 98 165 0 255 0
P 99 165 0 255 0
P 100 165 0 255 0
P 101 165 0 255 0
P 102 165 0 255 0
P 103 165 0 255 0
P 104 165 0 255 0
P 105 165 0 255 0
P 106 165 0 255 0
P 107 165 0 255 0
P 108 165 0 255 0
P 109 165 0 255 0
P 110 165 0 255 0
P 111 165 0 255 0
P 112 165 0 255 0
P 113 165 0 255 0
P 114 165 0 255 0
P 115 165 0 255 0
P 116 165 0 255 0
P 117 165 0 255 0
P 118 165 0 255 0
P 119 165 0 255 0
P 120 165 0 255 0
P 121 165 0 255 0
P 122 165 0 255 0
P 123 165 0 255 0
P 124 165 0 255 0
P 125 165 0 255 0
P 126 165 0 255 0
P 56 166 0 255 0
P 57 166 0 255 0
P 58 166 0 255 0
P 59 166 0 255 0
P 60 166 0 255 0
P 61 166 0 255 0
P 62 166 0 255 0
P 63 166 0 255 0
P 64 166 0 255 0
P 65 166 0 255 0
P 66 166 0 255 0
P 67 166 0 255 0
P 68 166 0 255 0
P 69 166 0 255 0
P 70 166 0 255 0
P 71 166 0 255 0
P 72 166 0 255 0
P 73 166 0 255 0
P 74 166 0 255 0
P 75 166 0 255 0
P 76 166 0 255 0
P 77 166 0 255 0
P 78 166 0 255 0
P 79 166 0 255 0
P 80 166 0 255 0
P 81 166 0 255 0
P 82 166 0 255 0
P 83 166 0 255 0
P 84 166 0 255 0
P 85 166 0 255 0
P 86 166 0 255 0
P 87 166 0 255 0
P 88 166 0 255 0
P 89 166 0 255 0
P 90 166 0 255 0
P 91 166 0 255 0
P 92 166 0 255 0
P 93 166 0 255 0
P 94 166 0 255 0
P 95 166 0 255 0
P 96 166 0 255 0
P 97 166 0 255 0
P 98 166 0 255 0
P 99 166 0 255 0
P 100 166 0 255 0
P 101 166 0 255 0
P 102 166 0 255 0
P 103 166 0 255 0
P 104 166 0 255 0
P 105 166 0 255 0
P 106 166 0 255 0
P 107 166 0 255 0
P 108 166 0 255 0
P 109 166 0 255 0
P 110 166 0 255 0
P 111 166 0 255 0
P 112 166 0 255 0
P 113 166 0 255 0
P 114 166 0 255 0
P 115 166 0 255 0
P 116 166 0 255 0
P 117 166 0 255 0
P 118 166 0 255 0
P 119 166 0 255 0
P 120 166 0 255 0
P 121 166 0 255 0
P 122 166 0 255 0
P 123 166 0 255 0
P 124 166 0 255 0
P 125 166 0 255 0
P 126 166 0 255 0
P 55 167 0 255 0
P 56 167 0 255 0
P 57 167 0 255 0
P 58 167 0 255 0
P 59 167 0 255 0
P 60 167 0 255 0
P 61 167 0 255 0
P 62 167 0 255 0
P 63 167 0 255 0
P 64 167 0 255 0
P 65 167 0 255 0
P 66 167 0 255 0
P 67 167 0 255 0
P 68 167 0 255 0
P 69 167 0 255 0
P 70 167 0 255 0
P 71 167 0 255 0
P 72 167 0 255 0
P 73 167 0 255 0
P 74 167 0 255 0
P 75 167 0 255 0
P 76 167 0 255 0
P 77 167 0 255 0
P 78 167 0 255 0
P 79 167 0 255 0
P 80 167 0 255 0
P 81 167 0 255 0
P 82 167 0 255 0
P 83 167 0 255 0
P 84 167 0 255 0
P 85 167 0 255 0
P 86 167 0 255 0
P 87 167 0 255 0
P 88 167 0 255 0
P 89 167 0 255 0
P 90 167 0 255 0
P 91 167 0 255 0
P 92 167 0 255 0
P 93 167 0 255 0
P 94 167 0 255 0
P 95 167 0 255 0
P 96 167 0 255 0
P 97 167 0 255 0
P 98 167 0 255 0
P 99 167 0 255 0
P 100 167 0 255 0
P 101 167 0 255 0
P 102 167 0 255 0
P 103 167 0 255 0
P 104 167 0 255 0
P 105 167 0 255 0
P 106 167 0 255 0
P 107 167 0 255 0
P 108 167 0 255 0
P 109 167 0 255 0
P 110 167 0 255 0
P 111 167 0 255 0
P 112 167 0 255 0
P 113 167 0 255 0
P 114 167 0 255 0
P 115 167 0 255 0
P 116 167 0 255 0
P 117 167 0 255 0
P 118 167 0 255 0
P 119 167 0 255 0
P 120 167 0 255 0
P 121 167 0 255 0
P 122 167 0 255 0
P 123 167 0 255 0
P 124 167 0 255 0
P 125 167 0 255 0
P 126 167 0 255 0
P 54 168 0 255 0
P 55 168 0 255 0
P 56 168 0 255 0
P 57 168 0 255 0
P 58 168 0 255 0
P 59 168 0 255 0
P 60 168 0 255 0
P 61 168 0 255 0
P 62 168 0 255 0
P 63 168 0 255 0
P 64 168 0 255 0
P 65 168 0 255 0
P 66 168 0 255 0
P 67 168 0 255 0
P 68 168 0 255 0
P 69 168 0 255 0
P 70 168 0 255 0
P 71 168 0 255 0
P 72 168 0 255 0
P 73 168 0 255 0
P 74 168 0 255 0
P 75 168 0 255 0
P 76 168 0 255 0
P 77 168 0 255 0
P 78 168 0 255 0
P 79 168 0 255 0
P 80 168 0 255 0
P 81 168 0 255 0
P 82 168 0 255 0
P 83 168 0 255 0
P 84 168 0 255 0
P 85 168 0 255 0
P 86 168 0 255 0
P 87 168 0 255 0
P 88 168 0 255 0
P 89 168 0 255 0
P 90 168 0 255 0
P 91 168 0 255 0
P 92 168 0 255 0
P 93 168 0 255 0
P 94 168 0 255 0
P 95 168 0 255 0
P 96 168 0 255 0
P 97 168 0 255 0
P 98 168 0 255 0
P 99 168 0 255 0
P 100 168 0 255 0
P 101 168 0 255 0
P 102 168 0 255 0
P 103 168 0 255 0
P 104 168 0 255 0
P 105 168 0 255 0
P 106 168 0 255 0
P 107 168 0 255 0
P 108 168 0 255 0
P 109 168 0 255 0
P 110 168 0 255 0
P 111 168 0 255 0
P 112 168 0 255 0
P 113 168 0 255 0
P 114 168 0 255 0
P 115 168 0 255 0
P 116 168 0 255 0
P 117 168 0 255 0
P 118 168 0 255 0
P 119 168 0 255 0
P 120 168 0 255 0
P 121 168 0 255 0
P 122 168 0 255 0
P 123 168 0 255 0
P 124 168 0 255 0
P 125 168 0 255 0
P 126 168 0 255 0
P 54 169 0 255 0
P 55 169 0 255 0
P 56 169 0 255 0
P 57 169 0 255 0
P 58 169 0 255 0
P 59 169 0 255 0
P 60 169 0 255 0
P 61 169 0 255 0
P 62 169 0 255 0
P 63 169 0 255 0
P 64 169 0 255 0
P 65 169 0 255 0
P 66 169 0 255 0
P 67 169 0 255 0
P 68 169 0 255 0
P 69 169 0 255 0
P 70 169 0 255 0
P 71 169 0 255 0
P 72 169 0 255 0
P 73 169 0 255 0
P 74 169 0 255 0
P 75 169 0 255 0
P 76 169 0 255 0
P 77 169 0 255 0
P 78 169 0 255 0
P 79 169 0 255 0
P 80 169 0 255 0
P 81 169 0 255 0
P 82 169 0 255 0
P 83 169 0 255 0
P 84 169 0 255 0
P 85 169 0 255 0
P 86 169 0 255 0
P 87 169 0 255 0
P 88 169 0 255 0
P 89 169 0 255 0
P 90 169 0 255 0
P 91 169 0 255 0
P 92 169 0 255 0
P 93 169 0 255 0
P 94 169 0 255 0
P 95 169 0 255 0
P 96 169 0 255 0
P 97 169 0 255 0
P 98 169 0 255 0
P 99 169 0 255 0
P 100 169 0 255 0
P 101 169 0 255 0
P 102 169 0 255 0
P 103 169 0 255 0
P 104 169 0 255 0
P 105 169 0 255 0
P 106 169 0 255 0
P 107 169 0 255 0
P 108 169 0 255 0
P 109 169 0 255 0
P 110 169 0 255 0
P 111 169 0 255 0
P 112 169 0 255 0
P 113 169 0 255 0
P 114 169 0 255 0
P 115 169 0 255 0
P 116 169 0 255 0
P 117 169 0 255 0
P 118 169 0 255 0
P 119 169 0 255 0
P 120 169 0 255 0
P 121 169 0 255 0
P 122 169 0 255 0
P 123 169 0 255 0
P 124 169 0 255 0
P 125 169 0 255 0
P 126 169 0 255 0
P 53 170 0 255 0
P 54 170 0 255 0
P 55 170 0 255 0
P 56 170 0 255 0
P 57 170 0 255 0
P 58 170 0 255 0
P 59 170 0 255 0
P 60 170 0 255 0
P 61 170 0 255 0
P 62 170 0 255 0
P 63 170 0 255 0
P 64 170 0 255 0
P 65 170 0 255 0
P 66 170 0 255 0
P 67 170 0 255 0
P 68 170 0 255 0
P 69 170 0 255 0
P 70 170 0 255 0
P 71 170 0 255 0
P 72 170 0 255 0
P 73 170 0 255 0
P 74 170 0 255 0
P 75 170 0 255 0
P 76 170 0 255 0
P 77 170 0 255 0
P 78 170 0 255 0
P 79 170 0 255 0
P 80 170 0 255 0
P 81 170 0 255 0
P 82 170 0 255 0
P 83 170 0 255 0
P 84 170 0 255 0
P 85 170 0 255 0
P 86 170 0 255 0
P 87 170 0 255 0
P 88 170 0 255 0
P 89 170 0 255 0
P 90 170 0 255 0
P 91 170 0 255 0
P 92 170 0 255 0
P 93 170 0 255 0
P 94 170 0 255 0
P 95 170 0 255 0
P 96 170 0 255 0
P 97 170 0 255 0
P 98 170 0 255 0
P 99 170 0 255 0
P 100 170 0 255 0
P 101 170 0 255 0
P 102 170 0 255 0
P 103 170 0 255 0
P 104 170 0 255 0
P 105 170 0 255 0
P 106 170 0 255 0
P 107 170 0 255 0
P 108 170 0 255 0
P 109 170 0 255 0
P 110 170 0 255 0
P 111 170 0 255 0
P 112 170 0 255 0
P 113 170 0 255 0
P 114 170 0 255 0
P 115 170 0 255 0
P 116 170 0 255 0
P 117 170 0 255 0
P 118 170 0 255 0
P 119 170 0 255 0
P 120 170 0 255 0
P 121 170 0 255 0
P 122 170 0 255 0
P 123 170 0 255 0
P 124 170 0 255 0
P 125 170 0 255 0
P 126 170 0 255 0
P 53 171 0 255 0
P 54 171 0 255 0
P 55 171 0 255 0
P 56 171 0 255 0
P 57 171 0 255 0
P 58 171 0 255 0
P 59 171 0 255 0
P 60 171 0 255 0
P 61 171 0 255 0
P 62 171 0 255 0
P 63 171 0 255 0
P 64 171 0 255 0
P 65 171 0 255 0
P 66 171 0 255 0
P 67 171 0 255 0
P 68 171 0 255 0
P 69 171 0 255 0
P 70 171 0 255 0
P 71 171 0 255 0
P 72 171 0 255 0
P 73 171 0 255 0
P 74 171 0 255 0
P 75 171 0 255 0
P 76 171 0 255 0
P 77 171 0 255 0
P 78 171 0 255 0
P 79 171 0 255 0
P 80 171 0 255 0
P 81 171 0 255 0
P 82 171 0 255 0
P 83 171 0 255 0
P 84 171 0 255 0
P 85 171 0 255 0
P 86 171 0 255 0
P 87 171 0 255 0
P 88 171 0 255 0
P 89 171 0 255 0
P 90 171 0 255 0
P 91 171 0 255 0
P 92 171 0 255 0
P 93 171 0 255 0
P 94 171 0 255 0
P 95 171 0 255 0
P 96 171 0 255 0
P 97 171 0 255 0
P 98 171 0 255 0
P 99 171 0 255 0
P 100 171 0 255 0
P 101 171 0 255 0
P 102 171 0 255 0
P 103 171 0 255 0
P 104 171 0 255 0
P 105 171 0 255 0
P 106 171 0 255 0
P 107 171 0 255 0
P 108 171 0 255 0
P 109 171 0 255 0
P 110 171 0 255 0
P 111 171 0 255 0
P 112 171 0 255 0
P 113 171 0 255 0
P 114 171 0 255 0
P 115 171 0 255 0
P 116 171 0 255 0
P 117 171 0 255 0
P 118 171 0 255 0
P 119 171 0 255 0
P 120 171 0 255 0
P 121 171 0 255 0
P 122 171 0 255 0
P 123 171 0 255 0
P 124 171 0 255 0
P 125 171 0 255 0
P 126 171 0 255 0
P 52 172 0 255 0
P 53 172 0 255 0
P 54 172 0 255 0
P 55 172 0 255 0
P 56 172 0 255 0
P 57 172 0 255 0
P 58 172 0 255 0
P 59 172 0 255 0
P 60 172 0 255 0
P 61 172 0 255 0
P 62 172 0 255 0
P 63 172 0 255 0
P 64 172 0 255 0
P 65 172 0 255 0
P 66 172 0 255 0
P 67 172 0 255 0
P 68 172 0 255 0
P 69 172 0 255 0
P 70 172 0 255 0
P 71 172 0 255 0
P 72 172 0 255 0
P 73 172 0 255 0
P 74 172 0 255 0
P 75 172 0 255 0
P 76 172 0 255 0
P 77 172 0 255 0
P 78 172 0 255 0
P 79 172 0 255 0
P 80 172 0 255 0
P 81 172 0 255 0
P 82 172 0 255 0
P 83 172 0 255 0
P 84 172 0 255 0
P 85 172 0 255 0
P 86 172 0 255 0
P 87 172 0 255 0
P 88 172 0 255 0
P 89 172 0 255 0
P 90 172 0 255 0
P 91 172 0 255 0
P 92 172 0 255 0
P 93 172 0 255 0
P 94 172 0 255 0
P 95 172 0 255 0
P 96 172 0 255 0
P 97 172 0 255 0
P 98 172 0 255 0
P 99 172 0 255 0
P 100 172 0 255 0
P 101 172 0 255 0
P 102 172 0 255 0
P 103 172 0 255 0
P 104 172 0 255 0
P 105 172 0 255 0
P 106 172 0 255 0
P 107 172 0 255 0
P 108 172 0 255 0
P 109 172 0 255 0
P 110 172 0 255 0
P 111 172 0 255 0
P 112 172 0 255 0
P 113 172 0 255 0
P 114 172 0 255 0
P 115 172 0 255 0
P 116 172 0 255 0
P 117 172 0 255 0
P 118 172 0 255 0
P 119 172 0 255 0
P 120 172 0 255 0
P 121 172 0 255 0
P 122 172 0 255 0
P 123 172 0 255 0
P 124 172 0 255 0
P 125 172 0 255 0
P 126 172 0 255 0
P 52 173 0 255 0
P 53 173 0 255 0
P 54 173 0 255 0
P 55 173 0 255 0
P 56 173 0 255 0
P 57 173 0 255 0
P 58 173 0 255 0
P 59 173 0 255 0
P 60 173 0 255 0
P 61 173 0 255 0
P 62 173 0 255 0
P 63 173 0 255 0
P 64 173 0 255 0
P 65 173 0 255 0
P 66 173 0 255 0
P 67 173 0 255 0
P 68 173 0 255 0
P 69 173 0 255 0
P 70 173 0 255 0
P 71 173 0 255 0
P 72 173 0 255 0
P 73 173 0 255 0
P 74 173 0 255 0
P 75 173 0 255 0
P 76 173 0 255 0
P 77 173 0 255 0
P 78 173 0 255 0
P 79 173 0 255 0
P 80 173 0 255 0
P 81 173 0 255 0
P 82 173 0 255 0
P 83 173 0 255 0
P 84 173 0 255 0
P 85 173 0 255 0
P 86 173 0 255 0
P 87 173 0 255 0
P 88 173 0 255 0
P 89 173 0 255 0
P 90 173 0 255 0
P 91 173 0 255 0
P 92 173 0 255 0
P 93 173 0 255 0
P 94 173 0 255 0
P 95 173 0 255 0
P 96 173 0 255 0
P 97 173 0 255 0
P 98 173 0 255 0
P 99 173 0 255 0
P 100 173 0 255 0
P 101 173 0 255 0
P 102 173 0 255 0
P 103 173 0 255 0
P 104 173 0 255 0
P 105 173 0 255 0
P 106 173 0 255 0
P 107 173 0 255 0
P 108 173 0 255 0
P 109 173 0 255 0
P 110 173 0 255 0
P 111 173 0 255 0
P 112 173 0 255 0
P 113 173 0 255 0
P 114 173 0 255 0
P 115 173 0 255 0
P 116 173 0 255 0
P 117 173 0 255 0
P 118 173 0 255 0
P 119 173 0 255 0
P 120 173 0 255 0
P 121 173 0 255 0
P 122 173 0 255 0
P 123 173 0 255 0
P 124 173 0 255 0
P 125 173 0 255 0
P 126 173 0 255 0
P 51 174 0 255 0
P 52 174 0 255 0
P 53 174 0 255 0
P 54 174 0 255 0
P 55 174 0 255 0
P 56 174 0 255 0
P 57 174 0 255 0
P 58 174 0 255 0
P 59 174 0 255 0
P 60 174 0 255 0
P 61 174 0 255 0
P 62 174 0 255 0
P 63 174 0 255 0
P 64 174 0 255 0
P 65 174 0 255 0
P 66 174 0 255 0
P 67 174 0 255 0
P 68 174 0 255 0
P 69 174 0 255 0
P 70 174 0 255 0
P 71 174 0 255 0
P 72 174 0 255 0
P 73 174 0 255 0
P 74 174 0 255 0
P 75 174 0 255 0
P 76 174 0 255 0
P 77 174 0 255 0
P 78 174 0 255 0
P 79 174 0 255 0
P 80 174 0 255 0
P 81 174 0 255 0
P 82 174 0 255 0
P 83 174 0 255 0
P 84 174 0 255 0
P 85 174 0 255 0
P 86 174 0 255 0
P 87 174 0 255 0
P 88 174 0 255 0
P 89 174 0 255 0
P 90 174 0 255 0
P 91 174 0 255 0
P 92 174 0 255 0
P 93 174 0 255 0
P 94 174 0 255 0
P 95 174 0 255 0
P 96 174 0 255 0
P 97 174 0 255 0
P 98 174 0 255 0
P 99 174 0 255 0
P 100 174 0 255 0
P 101 174 0 255 0
P 102 174 0 255 0
P 103 174 0 255 0
P 104 174 0 255 0
P 105 174 0 255 0
P 106 174 0 255 0
P 107 174 0 255 0
P 108 174 0 255 0
P 109 174 0 255 0
P 110 174 0 255 0
P 111 174 0 255 0
P 112 174 0 255 0
P 113 174 0 255 0
P 114 174 0 255 0
P 115 174 0 255 0
P 116 174 0 255 0
P 117 174 0 255 0
P 118 174 0 255 0
P 119 174 0 255 0
P 120 174 0 255 0
P 121 174 0 255 0
P 122 174 0 255 0
P 123 174 0 255 0
P 124 174 0 255 0
P 125 174 0 255 0
P 126 174 0 255 0
P 51 175 0 255 0
P 52 175 0 255 0
P 53 175 0 255 0
P 54 175 0 255 0
P 55 175 0 255 0
P 56 175 0 255 0
P 57 175 0 255 0
P 58 175 0 255 0
P 59 175 0 255 0
P 60 175 0 255 0
P 61 175 0 255 0
P 62 175 0 255 0
P 63 175 0 255 0
P 64 175 0 255 0
P 65 175 0 255 0
P 66 175 0 255 0
P 67 175 0 255 0
P 68 175 0 255 0
P 69 175 0 255 0
P 70 175 0 255 0
P 71 175 0 255 0
P 72 175 0 255 0
P 73 175 0 255 0
P 74 175 0 255 0
P 75 175 0 255 0
P 76 175 0 255 0
P 77 175 0 255 0
P 78 175 0 255 0
P 79 175 0 255 0
P 80 175 0 255 0
P 81 175 0 255 0
P 82 175 0 255 0
P 83 175 0 255 0
P 84 175 0 255 0
P 85 175 0 255 0
P 86 175 0 255 0
P 87 175 0 255 0
P 88 175 0 255 0
P 89 175 0 255 0
P 90 175 0 255 0
P 91 175 0 255 0
P 92 175 0 255 0
P 93 175 0 255 0
P 94 175 0 255 0
P 95 175 0 255 0
P 96 175 0 255 0
P 97 175 0 255 0
P 98 175 0 255 0
P 99 175 0 255 0
P 100 175 0 255 0
P 101 175 0 255 0
P 102 175 0 255 0
P 103 175 0 255 0
P 104 175 0 255 0
P 105 175 0 255 0
P 106 175 0 255 0
P 107 175 0 255 0
P 108 175 0 255 0
P 109 175 0 255 0
P 110 175 0 255 0
P 111 175 0 255 0
P 112 175 0 255 0
P 113 175 0 255 0
P 114 175 0 255 0
P 115 175 0 255 0
P 116 175 0 255 0
P 117 175 0 255 0
P 118 175 0 255 0
P 119 175 0 255 0
P 120 175 0 255 0
P 121 175 0 255 0
P 122 175 0 255 0
P 123 175 0 255 0
P 124 175 0 255 0
P 125 175 0 255 0
P 126 175 0 255 0
P 50 176 0 255 0
P 51 176 0 255 0
P 52 176 0 255 0
P 53 176 0 255 0
P 54 176 0 255 0
P 55 176 0 255 0
P 56 176 0 255 0
P 57 176 0 255 0
P 58 176 0 255 0
P 59 176 0 255 0
P 60 176 0 255 0
P 61 176 0 255 0
P 62 176 0 255 0
P 63 176 0 255 0
P 64 176 0 255 0
P 65 176 0 255 0
P 66 176 0 255 0
P 67 176 0 255 0
P 68 176 0 255 0
P 69 176 0 255 0
P 70 176 0 255 0
P 71 176 0 255 0
P 72 176 0 255 0
P 73 176 0 255 0
P 74 176 0 255 0
P 75 176 0 255 0
P 76 176 0 255 0
P 77 176 0 255 0
P 78 176 0 255 0
P 79 176 0 255 0
P 80 176 0 255 0
P 81 176 0 255 0
P 82 176 0 255 0
P 83 176 0 255 0
P 84 176 0 255 0
P 85 176 0 255 0
P 86 176 0 255 0
P 87 176 0 255 0
P 88 176 0 255 0
P 89 176 0 255 0
P 90 176 0 255 0
P 91 176 0 255 0
P 92 176 0 255 0
P 93 176 0 255 0
P 94 176 0 255 0
P 95 176 0 255 0
P 96 176 0 255 0
P 97 176 0 255 0
P 98 176 0 255 0
P 99 176 0 255 0
P 100 176 0 255 0
P 101 176 0 255 0
P 102 176 0 255 0
P 103 176 0 255 0
P 104 176 0 255 0
P 105 176 0 255 0
P 106 176 0 255 0
P 107 176 0 255 0
P 108 176 0 255 0
P 109 176 0 255 0
P 110 176 0 255 0
P 111 176 0 255 0
P 112 176 0 255 0
P 113 176 0 255 0
P 114 176 0 255 0
P 115 176 0 255 0
P 116 176 0 255 0
P 117 176 0 255 0
P 118 176 0 255 0
P 119 176 0 255 0
P 120 176 0 255 0
P 121 176 0 255 0
P 122 176 0 255 0
P 123 176 0 255 0
P 124 176 0 255 0
P 125 176 0 255 0
P 126 176 0 255 0
P 49 177 0 255 0
P 50 177 0 255 0
P 51 177 0 255 0
P 52 177 0 255 0
P 53 177 0 255 0
P 54 177 0 255 0
P 55 177 0 255 0
P 56 177 0 255 0
P 57 177 0 255 0
P 58 177 0 255 0
P 59 177 0 255 0
P 60 177 0 255 0
P 61 177 0 255 0
P 62 177 0 255 0
P 63 177 0 255 0
P 64 177 0 255 0
P 65 177 0 255 0
P 66 177 0 255 0
P 67 177 0 255 0
P 68 177 0 255 0
P 69 177 0 255 0
P 70 177 0 255 0
P 71 177 0 255 0
P 72 177 0 255 0
P 73 177 0 255 0
P 74 177 0 255 0
P 75 177 0 255 0
P 76 177 0 255 0
P 77 177 0 255 0
P 78 177 0 255 0
P 79 177 0 255 0
P 80 177 0 255 0
P 81 177 0 255 0
P 82 177 0 255 0
P 83 177 0 255 0
P 84 177 0 255 0
P 85 177 0 255 0
P 86 177 0 255 0
P 87 177 0 255 0
P 88 177 0 255 0
P 89 177 0 255 0
P 90 177 0 255 0
P 91 177 0 255 0
P 92 177 0 255 0
P 93 177 0 255 0
P 94 177 0 255 0
P 95 177 0 255 0
P 96 177 0 255 0
P 97 177 0 255 0
P 98 177 0 255 0
P 99 177 0 255 0
P 100 177 0 255 0
P 101 177 0 255 0
P 102 177 0 255 0
P 103 177 0 255 0
P 104 177 0 255 0
P 105 177 0 255 0
P 106 177 0 255 0
P 107 177 0 255 0
P 108 177 0 255 0
P 109 177 0 255 0
P 110 177 0 255 0
P 111 177 0 255 0
P 112 177 0 255 0
P 113 177 0 255 0
P 114 177 0 255 0
P 115 177 0 255 0
P 116 177 0 255 0
P 117 177 0 255 0
P 118 177 0 255 0
P 119 177 0 255 0
P 120 177 0 255 0
P 121 177 0 255 0
P 122 177 0 255 0
P 123 177 0 255 0
P 124 177 0 255 0
P 125 177 0 255 0
P 126 177 0 255 0
P 49 178 0 255 0
P 50 178 0 255 0
P 51 178 0 255 0
P 52 178 0 255 0
P 53 178 0 255 0
P 54 178 0 255 0
P 55 178 0 255 0
P 56 178 0 255 0
P 57 178 0 255 0
P 58 178 0 255 0
P 59 178 0 255 0
P 60 178 0 255 0
P 61 178 0 255 0
P 62 178 0 255 0
P 63 178 0 255 0
P 64 178 0 255 0
P 65 178 0 255 0
P 66 178 0 255 0
P 67 178 0 255 0
P 68 178 0 255 0
P 69 178 0 255 0
P 70 178 0 255 0
P 71 178 0 255 0
P 72 178 0 255 0
P 73 178 0 255 0
P 74 178 0 255 0
P 75 178 0 255 0
P 76 178 0 255 0
P 77 178 0 255 0
P 78 178 0 255 0
P 79 178 0 255 0
P 80 178 0 255 0
P 81 178 0 255 0
P 82 178 0 255 0
P 83 178 0 255 0
P 84 178 0 255 0
P 85 178 0 255 0
P 86 178 0 255 0
P 87 178 0 255 0
P 88 178 0 255 0
P 89 178 0 255 0
P 90 178 0 255 0
P 91 178 0 255 0
P 92 178 0 255 0
P 93 178 0 255 0
P 94 178 0 255 0
P 95 178 0 255 0
P 96 178 0 255 0
P 97 178 0 255 0
P 98 178 0 255 0
P 99 178 0 255 0
P 100 178 0 255 0
P 101 178 0 255 0
P 102 178 0 255 0
P 103 178 0 255 0
P 104 178 0 255 0
P 105 178 0 255 0
P 106 178 0 255 0
P 107 178 0 255 0
P 108 178 0 255 0
P 109 178 0 255 0
P 110 178 0 255 0
P 111 178 0 255 0
P 112 178 0 255 0
P 113 178 0 255 0
P 114 178 0 255 0
P 115 178 0 255 0
P 116 178 0 255 0
P 117 178 0 255 0
P 118 178 0 255 0
P 119 178 0 255 0
P 120 178 0 255 0
P 121 178 0 255 0
P 122 178 0 255 0
P 123 178 0 255 0
P 124 178 0 255 0
P 125 178 0 255 0
P 126 178 0 255 0
P 48 179 0 255 0
P 49 179 0 255 0
P 50 179 0 255 0
P 51 179 0 255 0
P 52 179 0 255 0
P 53 179 0 255 0
P 54 179 0 255 0
P 55 179 0 255 0
P 56 179 0 255 0
P 57 179 0 255 0
P 58 179 0 255 0
P 59 179 0 255 0
P 60 179 0 255 0
P 61 179 0 255 0
P 62 179 0 255 0
P 63 179 0 255 0
P 64 179 0 255 0
P 65 179 0 255 0
P 66 179 0 255 0
P 67 179 0 255 0
P 68 179 0 255 0
P 69 179 0 255 0
P 70 179 0 255 0
P 71 179 0 255 0
P 72 179 0 255 0
P 73 179 0 255 0
P 74 179 0 255 0
P 75 179 0 255 0
P 76 179 0 255 0
P 77 179 0 255 0
P 78 179 0 255 0
P 79 179 0 255 0
P 80 179 0 255 0
P 81 179 0 255 0
P 82 179 0 255 0
P 83 179 0 255 0
P 84 179 0 255 0
P 85 179 0 255 0
P 86 179 0 255 0
P 87 179 0 255 0
P 88 179 0 255 0
P 89 179 0 255 0
P 90 179 0 255 0
P 91 179 0 255 0
P 92 179 0 255 0
P 93 179 0 255 0
P 94 179 0 255 0
P 95 179 0 255 0
P 96 179 0 255 0
P 97 179 0 255 0
P 98 179 0 255 0
P 99 179 0 255 0
P 100 179 0 255 0
P 101 179 0 255 0
P 102 179 0 255 0
P 103 179 0 255 0
P 104 179 0 255 0
P 105 179 0 255 0
P 106 179 0 255 0
P 107 179 0 255 0
P 108 179 0 255 0
P 109 179 0 255 0
P 110 179 0 255 0
P 111 179 0 255 0
P 112 179 0 255 0
P 113 179 0 255 0
P 114 179 0 255 0
P 115 179 0 255 0
P 116 179 0 255 0
P 117 179 0 255 0
P 118 179 0 255 0
P 119 179 0 255 0
P 120 179 0 255 0
P 121 179 0 255 0
P 122 179 0 255 0
P 123 179 0 255 0
P 124 179 0 255 0
P 125 179 0 255 0
P 126 179 0 255 0
P 53 180 0 255 0
P 54 180 0 255 0
P 55 180 0 255 0
P 56 180 0 255 0
P 57 180 0 255 0
P 58 180 0 255 0
P 59 180 0 255 0
P 60 180 0 255 0
P 61 180 0 255 0
P 62 180 0 255 0
P 63 180 0 255 0
P 64 180 0 255 0
P 65 180 0 255 0
P 66 180 0 255 0
P 67 180 0 255 0
P 68 180 0 255 0
P 69 180 0 255 0
P 70 180 0 255 0
P 71 180 0 255 0
P 72 180 0 255 0
P 73 180 0 255 0
P 74 180 0 255 0
P 75 180 0 255 0
P 76 180 0 255 0
P 77 180 0 255 0
P 78 180 0 255 0
P 79 180 0 255 0
P 80 180 0 255 0
P 81 180 0 255 0
P 82 180 0 255 0
P 83 180 0 255 0
P 84 180 0 255 0
P 85 180 0 255 0
P 86 180 0 255 0
P 87 180 0 255 0
P 88 180 0 255 0
P 89 180 0 255 0
P 90 180 0 255 0
P 91 180 0 255 0
P 92 180 0 255 0
P 93 180 0 255 0
P 94 180 0 255 0
P 95 180 0 255 0
P 96 180 0 255 0
P 97 180 0 255 0
P 98 180 0 255 0
P 99 180 0 255 0
P 100 180 0 255 0
P 101 180 0 255 0
P 102 180 0 255 0
P 103 180 0 255 0
P 104 180 0 255 0
P 105 180 0 255 0
P 106 180 0 255 0
P 107 180 0 255 0
P 108 180 0 255 0
P 109 180 0 255 0
P 110 180 0 255 0
P 111 180 0 255 0
P 112 180 0 255 0
P 113 180 0 255 0
P 114 180 0 255 0
P 115 180 0 255 0
P 116 180 0 255 0
P 117 180 0 255 0
P 118 180 0 255 0
P 119 180 0 255 0
P 120 180 0 255 0
P 121 180 0 255 0
P 122 180 0 255 0
P 123 180 0 255 0
P 124 180 0 255 0
P 125 180 0 255 0
P 126 180 0 255 0
P 127 180 0 255 0
P 63 181 0 255 0
P 64 181 0 255 0
P 65 181 0 255 0
P 66 181 0 255 0
P 67 181 0 255 0
P 68 181 0 255 0
P 69 181 0 255 0
P 70 181 0 255 0
P 71 181 0 255 0
P 72 181 0 255 0
P 73 181 0 255 0
P 74 181 0 255 0
P 75 181 0 255 0
P 76 181 0 255 0
P 77 181 0 255 0
P 78 181 0 255 0
P 79 181 0 255 0
P 80 181 0 255 0
P 81 181 0 255 0
P 82 181 0 255 0
P 83 181 0 255 0
P 84 181 0 255 0
P 85 181 0 255 0
P 86 181 0 255 0
P 87 181 0 255 0
P 88 181 0 255 0
P 89 181 0 255 0
P 90 181 0 255 0
P 91 181 0 255 0
P 92 181 0 255 0
P 93 181 0 255 0
P 94 181 0 255 0
P 95 181 0 255 0
P 96 181 0 255 0
P 97 181 0 255 0
P 98 181 0 255 0
P 99 181 0 255 0
P 100 181 0 255 0
P 101 181 0 255 0
P 102 181 0 255 0
P 103 181 0 255 0
P 104 181 0 255 0
P 105 181 0 255 0
P 106 181 0 255 0
P 107 181 0 255 0
P 108 181 0 255 0
P 109 181 0 255 0
P 110 181 0 255 0
P 111 181 0 255 0
P 112 181 0 255 0
P 113 181 0 255 0
P 114 181 0 255 0
P 115 181 0 255 0
P 116 181 0 255 0
P 117 181 0 255 0
P 118 181 0 255 0
P 119 181 0 255 0
P 120 181 0 255 0
P 121 181 0 255 0
P 122 181 0 255 0
P 123 181 0 255 0
P 124 181 0 255 0
P 125 181 0 255 0
P 126 181 0 255 0
P 127 181 0 255 0
P 73 182 0 255 0
P 74 182 0 255 0
P 75 182 0 255 0
P 76 182 0 255 0
P 77 182 0 255 0
P 78 182 0 255 0
P 79 182 0 255 0
P 80 182 0 255 0
P 81 182 0 255 0
P 82 182 0 255 0
P 83 182 0 255 0
P 84 182 0 255 0
P 85 182 0 255 0
P 86 182 0 255 0
P 87 182 0 255 0
P 88 182 0 255 0
P 89 182 0 255 0
P 90 182 0 255 0
P 91 182 0 255 0
P 92 182 0 255 0
P 93 182 0 255 0
P 94 182 0 255 0
P 95 182 0 255 0
P 96 182 0 255 0
P 97 182 0 255 0
P 98 182 0 255 0
P 99 182 0 255 0
P 100 182 0 255 0
P 101 182 0 255 0
P 102 182 0 255 0
P 103 182 0 255 0
P 104 182 0 255 0
P 105 182 0 255 0
P 106 182 0 255 0
P 107 182 0 255 0
P 108 182 0 255 0
P 109 182 0 255 0
P 110 182 0 255 0
P 111 182 0 255 0
P 112 182 0 255 0
P 113 182 0 255 0
P 114 182 0 255 0
P 115 182 0 255 0
P 116 182 0 255 0
P 117 182 0 255 0
P 118 182 0 255 0
P 119 182 0 255 0
P 120 182 0 255 0
P 121 182 0 255 0
P 122 182 0 255 0
P 123 182 0 255 0
P 124 182 0 255 0
P 125 182 0 255 0
P 126 182 0 255 0
P 127 182 0 255 0
P 83 183 0 255 0
P 84 183 0 255 0
P 85 183 0 255 0
P 86 183 0 255 0
P 87 183 0 255 0
P 88 183 0 255 0
P 89 183 0 255 0
P 90 183 0 255 0
P 91 183 0 255 0
P 92 183 0 255 0
P 93 183 0 255 0
P 94 183 0 255 0
P 95 183 0 255 0
P 96 183 0 255 0
P 97 183 0 255 0
P 98 183 0 255 0
P 99 183 0 255 0
P 100 183 0 255 0
P 101 183 0 255 0
P 102 183 0 255 0
P 103 183 0 255 0
P 104 183 0 255 0
P 105 183 0 255 0
P 106 183 0 255 0
P 107 183 0 255 0
P 108 183 0 255 0
P 109 183 0 255 0
P 110 183 0 255 0
P 111 183 0 255 0
P 112 183 0 255 0
P 113 183 0 255 0
P 114 183 0 255 0
P 115 183 0 255 0
P 116 183 0 255 0
P 117 183 0 255 0
P 118 183 0 255 0
P 119 183 0 255 0
P 120 183 0 255 0
P 121 183 0 255 0
P 122 183 0 255 0
P 123 183 0 255 0
P 124 183 0 255 0
P 125 183 0 255 0
P 126 183 0 255 0
P 127 183 0 255 0
P 93 184 0 255 0
P 94 184 0 255 0
P 95 184 0 255 0
P 96 184 0 255 0
P 97 184 0 255 0
P 98 184 0 255 0
P 99 184 0 255 0
P 100 184 0 255 0
P 101 184 0 255 0
P 102 184 0 255 0
P 103 184 0 255 0
P 104 184 0 255 0
P 105 184 0 255 0
P 106 184 0 255 0
P 107 184 0 255 0
P 108 184 0 255 0
P 109 184 0 255 0
P 110 184 0 255 0
P 111 184 0 255 0
P 112 184 0 255 0
P 113 184 0 255 0
P 114 184 0 255 0
P 115 184 0 255 0
P 116 184 0 255 0
P 117 184 0 255 0
P 118 184 0 255 0
P 119 184 0 255 0
P 120 184 0 255 0
P 121 184 0 255 0
P 122 184 0 255 0
P 123 184 0 255 0
P 124 184 0 255 0
P 125 184 0 255 0
P 126 184 0 255 0
P 127 184 0 255 0
P 103 185 0 255 0
P 104 185 0 255 0
P 105 185 0 255 0
P 106 185 0 255 0
P 107 185 0 255 0
P 108 185 0 255 0
P 109 185 0 255 0
P 110 185 0 255 0
P 111 185 0 255 0
P 112 185 0 255 0
P 113 185 0 255 0
P 114 185 0 255 0
P 115 185 0 255 0
P 116 185 0 255 0
P 117 185 0 255 0
P 118 185 0 255 0
P 119 185 0 255 0
P 120 185 0 255 0
P 121 185 0 255 0
P 122 185 0 255 0
P 123 185 0 255 0
P 124 185 0 255 0
P 125 185 0 255 0
P 126 185 0 255 0
P 127 185 0 255 0
P 113 186 0 255 0
P 114 186 0 255 0
P 115 186 0 255 0
P 116 186 0 255 0
P 117 186 0 255 0
P 118 186 0 255 0
P 119 186 0 255 0
P 120 186 0 255 0
P 121 186 0 255 0
P 122 186 0 255 0
P 123 186 0 255 0
P 124 186 0 255 0
P 125 186 0 255 0
P 126 186 0 255 0
P 127 186 0 255 0
P 123 187 0 255 0
P 124 187 0 255 0
P 125 187 0 255 0
P 126 187 0 255 0
P 127 187 0 255 0
