# shape E mode ssolo3 ntri 4
# select hard 0 soft 1
# v0 40.0000000 60.0000000
# v1 120.0000000 52.0000000
# v2 200.0000000 64.0000000
# v3 280.0000000 56.0000000
# v4 48.0000000 180.0000000
# v5 128.0000000 188.0000000
# v6 208.0000000 176.0000000
# v7 288.0000000 184.0000000
# t0 0 4 1
# t1 4 5 1
# t2 1 5 2
# t3 5 6 2
# counters drawn=0 software=0 declined=0
# mode hardware
P 120 52 0 0 255
P 121 52 0 0 255
P 122 52 0 0 255
P 120 53 0 0 255
P 121 53 0 0 255
P 122 53 0 0 255
P 123 53 0 0 255
P 124 53 0 0 255
P 125 53 0 0 255
P 126 53 0 0 255
P 127 53 0 0 255
P 128 53 0 0 255
P 129 53 0 0 255
P 120 54 0 0 255
P 121 54 0 0 255
P 122 54 0 0 255
P 123 54 0 0 255
P 124 54 0 0 255
P 125 54 0 0 255
P 126 54 0 0 255
P 127 54 0 0 255
P 128 54 0 0 255
P 129 54 0 0 255
P 130 54 0 0 255
P 131 54 0 0 255
P 132 54 0 0 255
P 133 54 0 0 255
P 134 54 0 0 255
P 135 54 0 0 255
P 136 54 0 0 255
P 120 55 0 0 255
P 121 55 0 0 255
P 122 55 0 0 255
P 123 55 0 0 255
P 124 55 0 0 255
P 125 55 0 0 255
P 126 55 0 0 255
P 127 55 0 0 255
P 128 55 0 0 255
P 129 55 0 0 255
P 130 55 0 0 255
P 131 55 0 0 255
P 132 55 0 0 255
P 133 55 0 0 255
P 134 55 0 0 255
P 135 55 0 0 255
P 136 55 0 0 255
P 137 55 0 0 255
P 138 55 0 0 255
P 139 55 0 0 255
P 140 55 0 0 255
P 141 55 0 0 255
P 142 55 0 0 255
P 120 56 0 0 255
P 121 56 0 0 255
P 122 56 0 0 255
P 123 56 0 0 255
P 124 56 0 0 255
P 125 56 0 0 255
P 126 56 0 0 255
P 127 56 0 0 255
P 128 56 0 0 255
P 129 56 0 0 255
P 130 56 0 0 255
P 131 56 0 0 255
P 132 56 0 0 255
P 133 56 0 0 255
P 134 56 0 0 255
P 135 56 0 0 255
P 136 56 0 0 255
P 137 56 0 0 255
P 138 56 0 0 255
P 139 56 0 0 255
P 140 56 0 0 255
P 141 56 0 0 255
P 142 56 0 0 255
P 143 56 0 0 255
P 144 56 0 0 255
P 145 56 0 0 255
P 146 56 0 0 255
P 147 56 0 0 255
P 148 56 0 0 255
P 149 56 0 0 255
P 120 57 0 0 255
P 121 57 0 0 255
P 122 57 0 0 255
P 123 57 0 0 255
P 124 57 0 0 255
P 125 57 0 0 255
P 126 57 0 0 255
P 127 57 0 0 255
P 128 57 0 0 255
P 129 57 0 0 255
P 130 57 0 0 255
P 131 57 0 0 255
P 132 57 0 0 255
P 133 57 0 0 255
P 134 57 0 0 255
P 135 57 0 0 255
P 136 57 0 0 255
P 137 57 0 0 255
P 138 57 0 0 255
P 139 57 0 0 255
P 140 57 0 0 255
P 141 57 0 0 255
P 142 57 0 0 255
P 143 57 0 0 255
P 144 57 0 0 255
P 145 57 0 0 255
P 146 57 0 0 255
P 147 57 0 0 255
P 148 57 0 0 255
P 149 57 0 0 255
P 150 57 0 0 255
P 151 57 0 0 255
P 152 57 0 0 255
P 153 57 0 0 255
P 154 57 0 0 255
P 155 57 0 0 255
P 156 57 0 0 255
P 120 58 0 0 255
P 121 58 0 0 255
P 122 58 0 0 255
P 123 58 0 0 255
P 124 58 0 0 255
P 125 58 0 0 255
P 126 58 0 0 255
P 127 58 0 0 255
P 128 58 0 0 255
P 129 58 0 0 255
P 130 58 0 0 255
P 131 58 0 0 255
P 132 58 0 0 255
P 133 58 0 0 255
P 134 58 0 0 255
P 135 58 0 0 255
P 136 58 0 0 255
P 137 58 0 0 255
P 138 58 0 0 255
P 139 58 0 0 255
P 140 58 0 0 255
P 141 58 0 0 255
P 142 58 0 0 255
P 143 58 0 0 255
P 144 58 0 0 255
P 145 58 0 0 255
P 146 58 0 0 255
P 147 58 0 0 255
P 148 58 0 0 255
P 149 58 0 0 255
P 150 58 0 0 255
P 151 58 0 0 255
P 152 58 0 0 255
P 153 58 0 0 255
P 154 58 0 0 255
P 155 58 0 0 255
P 156 58 0 0 255
P 157 58 0 0 255
P 158 58 0 0 255
P 159 58 0 0 255
P 160 58 0 0 255
P 161 58 0 0 255
P 162 58 0 0 255
P 120 59 0 0 255
P 121 59 0 0 255
P 122 59 0 0 255
P 123 59 0 0 255
P 124 59 0 0 255
P 125 59 0 0 255
P 126 59 0 0 255
P 127 59 0 0 255
P 128 59 0 0 255
P 129 59 0 0 255
P 130 59 0 0 255
P 131 59 0 0 255
P 132 59 0 0 255
P 133 59 0 0 255
P 134 59 0 0 255
P 135 59 0 0 255
P 136 59 0 0 255
P 137 59 0 0 255
P 138 59 0 0 255
P 139 59 0 0 255
P 140 59 0 0 255
P 141 59 0 0 255
P 142 59 0 0 255
P 143 59 0 0 255
P 144 59 0 0 255
P 145 59 0 0 255
P 146 59 0 0 255
P 147 59 0 0 255
P 148 59 0 0 255
P 149 59 0 0 255
P 150 59 0 0 255
P 151 59 0 0 255
P 152 59 0 0 255
P 153 59 0 0 255
P 154 59 0 0 255
P 155 59 0 0 255
P 156 59 0 0 255
P 157 59 0 0 255
P 158 59 0 0 255
P 159 59 0 0 255
P 160 59 0 0 255
P 161 59 0 0 255
P 162 59 0 0 255
P 163 59 0 0 255
P 164 59 0 0 255
P 165 59 0 0 255
P 166 59 0 0 255
P 167 59 0 0 255
P 168 59 0 0 255
P 169 59 0 0 255
P 120 60 0 0 255
P 121 60 0 0 255
P 122 60 0 0 255
P 123 60 0 0 255
P 124 60 0 0 255
P 125 60 0 0 255
P 126 60 0 0 255
P 127 60 0 0 255
P 128 60 0 0 255
P 129 60 0 0 255
P 130 60 0 0 255
P 131 60 0 0 255
P 132 60 0 0 255
P 133 60 0 0 255
P 134 60 0 0 255
P 135 60 0 0 255
P 136 60 0 0 255
P 137 60 0 0 255
P 138 60 0 0 255
P 139 60 0 0 255
P 140 60 0 0 255
P 141 60 0 0 255
P 142 60 0 0 255
P 143 60 0 0 255
P 144 60 0 0 255
P 145 60 0 0 255
P 146 60 0 0 255
P 147 60 0 0 255
P 148 60 0 0 255
P 149 60 0 0 255
P 150 60 0 0 255
P 151 60 0 0 255
P 152 60 0 0 255
P 153 60 0 0 255
P 154 60 0 0 255
P 155 60 0 0 255
P 156 60 0 0 255
P 157 60 0 0 255
P 158 60 0 0 255
P 159 60 0 0 255
P 160 60 0 0 255
P 161 60 0 0 255
P 162 60 0 0 255
P 163 60 0 0 255
P 164 60 0 0 255
P 165 60 0 0 255
P 166 60 0 0 255
P 167 60 0 0 255
P 168 60 0 0 255
P 169 60 0 0 255
P 170 60 0 0 255
P 171 60 0 0 255
P 172 60 0 0 255
P 173 60 0 0 255
P 174 60 0 0 255
P 175 60 0 0 255
P 176 60 0 0 255
P 121 61 0 0 255
P 122 61 0 0 255
P 123 61 0 0 255
P 124 61 0 0 255
P 125 61 0 0 255
P 126 61 0 0 255
P 127 61 0 0 255
P 128 61 0 0 255
P 129 61 0 0 255
P 130 61 0 0 255
P 131 61 0 0 255
P 132 61 0 0 255
P 133 61 0 0 255
P 134 61 0 0 255
P 135 61 0 0 255
P 136 61 0 0 255
P 137 61 0 0 255
P 138 61 0 0 255
P 139 61 0 0 255
P 140 61 0 0 255
P 141 61 0 0 255
P 142 61 0 0 255
P 143 61 0 0 255
P 144 61 0 0 255
P 145 61 0 0 255
P 146 61 0 0 255
P 147 61 0 0 255
P 148 61 0 0 255
P 149 61 0 0 255
P 150 61 0 0 255
P 151 61 0 0 255
P 152 61 0 0 255
P 153 61 0 0 255
P 154 61 0 0 255
P 155 61 0 0 255
P 156 61 0 0 255
P 157 61 0 0 255
P 158 61 0 0 255
P 159 61 0 0 255
P 160 61 0 0 255
P 161 61 0 0 255
P 162 61 0 0 255
P 163 61 0 0 255
P 164 61 0 0 255
P 165 61 0 0 255
P 166 61 0 0 255
P 167 61 0 0 255
P 168 61 0 0 255
P 169 61 0 0 255
P 170 61 0 0 255
P 171 61 0 0 255
P 172 61 0 0 255
P 173 61 0 0 255
P 174 61 0 0 255
P 175 61 0 0 255
P 176 61 0 0 255
P 177 61 0 0 255
P 178 61 0 0 255
P 179 61 0 0 255
P 180 61 0 0 255
P 181 61 0 0 255
P 182 61 0 0 255
P 121 62 0 0 255
P 122 62 0 0 255
P 123 62 0 0 255
P 124 62 0 0 255
P 125 62 0 0 255
P 126 62 0 0 255
P 127 62 0 0 255
P 128 62 0 0 255
P 129 62 0 0 255
P 130 62 0 0 255
P 131 62 0 0 255
P 132 62 0 0 255
P 133 62 0 0 255
P 134 62 0 0 255
P 135 62 0 0 255
P 136 62 0 0 255
P 137 62 0 0 255
P 138 62 0 0 255
P 139 62 0 0 255
P 140 62 0 0 255
P 141 62 0 0 255
P 142 62 0 0 255
P 143 62 0 0 255
P 144 62 0 0 255
P 145 62 0 0 255
P 146 62 0 0 255
P 147 62 0 0 255
P 148 62 0 0 255
P 149 62 0 0 255
P 150 62 0 0 255
P 151 62 0 0 255
P 152 62 0 0 255
P 153 62 0 0 255
P 154 62 0 0 255
P 155 62 0 0 255
P 156 62 0 0 255
P 157 62 0 0 255
P 158 62 0 0 255
P 159 62 0 0 255
P 160 62 0 0 255
P 161 62 0 0 255
P 162 62 0 0 255
P 163 62 0 0 255
P 164 62 0 0 255
P 165 62 0 0 255
P 166 62 0 0 255
P 167 62 0 0 255
P 168 62 0 0 255
P 169 62 0 0 255
P 170 62 0 0 255
P 171 62 0 0 255
P 172 62 0 0 255
P 173 62 0 0 255
P 174 62 0 0 255
P 175 62 0 0 255
P 176 62 0 0 255
P 177 62 0 0 255
P 178 62 0 0 255
P 179 62 0 0 255
P 180 62 0 0 255
P 181 62 0 0 255
P 182 62 0 0 255
P 183 62 0 0 255
P 184 62 0 0 255
P 185 62 0 0 255
P 186 62 0 0 255
P 187 62 0 0 255
P 188 62 0 0 255
P 189 62 0 0 255
P 121 63 0 0 255
P 122 63 0 0 255
P 123 63 0 0 255
P 124 63 0 0 255
P 125 63 0 0 255
P 126 63 0 0 255
P 127 63 0 0 255
P 128 63 0 0 255
P 129 63 0 0 255
P 130 63 0 0 255
P 131 63 0 0 255
P 132 63 0 0 255
P 133 63 0 0 255
P 134 63 0 0 255
P 135 63 0 0 255
P 136 63 0 0 255
P 137 63 0 0 255
P 138 63 0 0 255
P 139 63 0 0 255
P 140 63 0 0 255
P 141 63 0 0 255
P 142 63 0 0 255
P 143 63 0 0 255
P 144 63 0 0 255
P 145 63 0 0 255
P 146 63 0 0 255
P 147 63 0 0 255
P 148 63 0 0 255
P 149 63 0 0 255
P 150 63 0 0 255
P 151 63 0 0 255
P 152 63 0 0 255
P 153 63 0 0 255
P 154 63 0 0 255
P 155 63 0 0 255
P 156 63 0 0 255
P 157 63 0 0 255
P 158 63 0 0 255
P 159 63 0 0 255
P 160 63 0 0 255
P 161 63 0 0 255
P 162 63 0 0 255
P 163 63 0 0 255
P 164 63 0 0 255
P 165 63 0 0 255
P 166 63 0 0 255
P 167 63 0 0 255
P 168 63 0 0 255
P 169 63 0 0 255
P 170 63 0 0 255
P 171 63 0 0 255
P 172 63 0 0 255
P 173 63 0 0 255
P 174 63 0 0 255
P 175 63 0 0 255
P 176 63 0 0 255
P 177 63 0 0 255
P 178 63 0 0 255
P 179 63 0 0 255
P 180 63 0 0 255
P 181 63 0 0 255
P 182 63 0 0 255
P 183 63 0 0 255
P 184 63 0 0 255
P 185 63 0 0 255
P 186 63 0 0 255
P 187 63 0 0 255
P 188 63 0 0 255
P 189 63 0 0 255
P 190 63 0 0 255
P 191 63 0 0 255
P 192 63 0 0 255
P 193 63 0 0 255
P 194 63 0 0 255
P 195 63 0 0 255
P 196 63 0 0 255
P 121 64 0 0 255
P 122 64 0 0 255
P 123 64 0 0 255
P 124 64 0 0 255
P 125 64 0 0 255
P 126 64 0 0 255
P 127 64 0 0 255
P 128 64 0 0 255
P 129 64 0 0 255
P 130 64 0 0 255
P 131 64 0 0 255
P 132 64 0 0 255
P 133 64 0 0 255
P 134 64 0 0 255
P 135 64 0 0 255
P 136 64 0 0 255
P 137 64 0 0 255
P 138 64 0 0 255
P 139 64 0 0 255
P 140 64 0 0 255
P 141 64 0 0 255
P 142 64 0 0 255
P 143 64 0 0 255
P 144 64 0 0 255
P 145 64 0 0 255
P 146 64 0 0 255
P 147 64 0 0 255
P 148 64 0 0 255
P 149 64 0 0 255
P 150 64 0 0 255
P 151 64 0 0 255
P 152 64 0 0 255
P 153 64 0 0 255
P 154 64 0 0 255
P 155 64 0 0 255
P 156 64 0 0 255
P 157 64 0 0 255
P 158 64 0 0 255
P 159 64 0 0 255
P 160 64 0 0 255
P 161 64 0 0 255
P 162 64 0 0 255
P 163 64 0 0 255
P 164 64 0 0 255
P 165 64 0 0 255
P 166 64 0 0 255
P 167 64 0 0 255
P 168 64 0 0 255
P 169 64 0 0 255
P 170 64 0 0 255
P 171 64 0 0 255
P 172 64 0 0 255
P 173 64 0 0 255
P 174 64 0 0 255
P 175 64 0 0 255
P 176 64 0 0 255
P 177 64 0 0 255
P 178 64 0 0 255
P 179 64 0 0 255
P 180 64 0 0 255
P 181 64 0 0 255
P 182 64 0 0 255
P 183 64 0 0 255
P 184 64 0 0 255
P 185 64 0 0 255
P 186 64 0 0 255
P 187 64 0 0 255
P 188 64 0 0 255
P 189 64 0 0 255
P 190 64 0 0 255
P 191 64 0 0 255
P 192 64 0 0 255
P 193 64 0 0 255
P 194 64 0 0 255
P 195 64 0 0 255
P 196 64 0 0 255
P 197 64 0 0 255
P 198 64 0 0 255
P 199 64 0 0 255
P 121 65 0 0 255
P 122 65 0 0 255
P 123 65 0 0 255
P 124 65 0 0 255
P 125 65 0 0 255
P 126 65 0 0 255
P 127 65 0 0 255
P 128 65 0 0 255
P 129 65 0 0 255
P 130 65 0 0 255
P 131 65 0 0 255
P 132 65 0 0 255
P 133 65 0 0 255
P 134 65 0 0 255
P 135 65 0 0 255
P 136 65 0 0 255
P 137 65 0 0 255
P 138 65 0 0 255
P 139 65 0 0 255
P 140 65 0 0 255
P 141 65 0 0 255
P 142 65 0 0 255
P 143 65 0 0 255
P 144 65 0 0 255
P 145 65 0 0 255
P 146 65 0 0 255
P 147 65 0 0 255
P 148 65 0 0 255
P 149 65 0 0 255
P 150 65 0 0 255
P 151 65 0 0 255
P 152 65 0 0 255
P 153 65 0 0 255
P 154 65 0 0 255
P 155 65 0 0 255
P 156 65 0 0 255
P 157 65 0 0 255
P 158 65 0 0 255
P 159 65 0 0 255
P 160 65 0 0 255
P 161 65 0 0 255
P 162 65 0 0 255
P 163 65 0 0 255
P 164 65 0 0 255
P 165 65 0 0 255
P 166 65 0 0 255
P 167 65 0 0 255
P 168 65 0 0 255
P 169 65 0 0 255
P 170 65 0 0 255
P 171 65 0 0 255
P 172 65 0 0 255
P 173 65 0 0 255
P 174 65 0 0 255
P 175 65 0 0 255
P 176 65 0 0 255
P 177 65 0 0 255
P 178 65 0 0 255
P 179 65 0 0 255
P 180 65 0 0 255
P 181 65 0 0 255
P 182 65 0 0 255
P 183 65 0 0 255
P 184 65 0 0 255
P 185 65 0 0 255
P 186 65 0 0 255
P 187 65 0 0 255
P 188 65 0 0 255
P 189 65 0 0 255
P 190 65 0 0 255
P 191 65 0 0 255
P 192 65 0 0 255
P 193 65 0 0 255
P 194 65 0 0 255
P 195 65 0 0 255
P 196 65 0 0 255
P 197 65 0 0 255
P 198 65 0 0 255
P 121 66 0 0 255
P 122 66 0 0 255
P 123 66 0 0 255
P 124 66 0 0 255
P 125 66 0 0 255
P 126 66 0 0 255
P 127 66 0 0 255
P 128 66 0 0 255
P 129 66 0 0 255
P 130 66 0 0 255
P 131 66 0 0 255
P 132 66 0 0 255
P 133 66 0 0 255
P 134 66 0 0 255
P 135 66 0 0 255
P 136 66 0 0 255
P 137 66 0 0 255
P 138 66 0 0 255
P 139 66 0 0 255
P 140 66 0 0 255
P 141 66 0 0 255
P 142 66 0 0 255
P 143 66 0 0 255
P 144 66 0 0 255
P 145 66 0 0 255
P 146 66 0 0 255
P 147 66 0 0 255
P 148 66 0 0 255
P 149 66 0 0 255
P 150 66 0 0 255
P 151 66 0 0 255
P 152 66 0 0 255
P 153 66 0 0 255
P 154 66 0 0 255
P 155 66 0 0 255
P 156 66 0 0 255
P 157 66 0 0 255
P 158 66 0 0 255
P 159 66 0 0 255
P 160 66 0 0 255
P 161 66 0 0 255
P 162 66 0 0 255
P 163 66 0 0 255
P 164 66 0 0 255
P 165 66 0 0 255
P 166 66 0 0 255
P 167 66 0 0 255
P 168 66 0 0 255
P 169 66 0 0 255
P 170 66 0 0 255
P 171 66 0 0 255
P 172 66 0 0 255
P 173 66 0 0 255
P 174 66 0 0 255
P 175 66 0 0 255
P 176 66 0 0 255
P 177 66 0 0 255
P 178 66 0 0 255
P 179 66 0 0 255
P 180 66 0 0 255
P 181 66 0 0 255
P 182 66 0 0 255
P 183 66 0 0 255
P 184 66 0 0 255
P 185 66 0 0 255
P 186 66 0 0 255
P 187 66 0 0 255
P 188 66 0 0 255
P 189 66 0 0 255
P 190 66 0 0 255
P 191 66 0 0 255
P 192 66 0 0 255
P 193 66 0 0 255
P 194 66 0 0 255
P 195 66 0 0 255
P 196 66 0 0 255
P 197 66 0 0 255
P 198 66 0 0 255
P 121 67 0 0 255
P 122 67 0 0 255
P 123 67 0 0 255
P 124 67 0 0 255
P 125 67 0 0 255
P 126 67 0 0 255
P 127 67 0 0 255
P 128 67 0 0 255
P 129 67 0 0 255
P 130 67 0 0 255
P 131 67 0 0 255
P 132 67 0 0 255
P 133 67 0 0 255
P 134 67 0 0 255
P 135 67 0 0 255
P 136 67 0 0 255
P 137 67 0 0 255
P 138 67 0 0 255
P 139 67 0 0 255
P 140 67 0 0 255
P 141 67 0 0 255
P 142 67 0 0 255
P 143 67 0 0 255
P 144 67 0 0 255
P 145 67 0 0 255
P 146 67 0 0 255
P 147 67 0 0 255
P 148 67 0 0 255
P 149 67 0 0 255
P 150 67 0 0 255
P 151 67 0 0 255
P 152 67 0 0 255
P 153 67 0 0 255
P 154 67 0 0 255
P 155 67 0 0 255
P 156 67 0 0 255
P 157 67 0 0 255
P 158 67 0 0 255
P 159 67 0 0 255
P 160 67 0 0 255
P 161 67 0 0 255
P 162 67 0 0 255
P 163 67 0 0 255
P 164 67 0 0 255
P 165 67 0 0 255
P 166 67 0 0 255
P 167 67 0 0 255
P 168 67 0 0 255
P 169 67 0 0 255
P 170 67 0 0 255
P 171 67 0 0 255
P 172 67 0 0 255
P 173 67 0 0 255
P 174 67 0 0 255
P 175 67 0 0 255
P 176 67 0 0 255
P 177 67 0 0 255
P 178 67 0 0 255
P 179 67 0 0 255
P 180 67 0 0 255
P 181 67 0 0 255
P 182 67 0 0 255
P 183 67 0 0 255
P 184 67 0 0 255
P 185 67 0 0 255
P 186 67 0 0 255
P 187 67 0 0 255
P 188 67 0 0 255
P 189 67 0 0 255
P 190 67 0 0 255
P 191 67 0 0 255
P 192 67 0 0 255
P 193 67 0 0 255
P 194 67 0 0 255
P 195 67 0 0 255
P 196 67 0 0 255
P 197 67 0 0 255
P 121 68 0 0 255
P 122 68 0 0 255
P 123 68 0 0 255
P 124 68 0 0 255
P 125 68 0 0 255
P 126 68 0 0 255
P 127 68 0 0 255
P 128 68 0 0 255
P 129 68 0 0 255
P 130 68 0 0 255
P 131 68 0 0 255
P 132 68 0 0 255
P 133 68 0 0 255
P 134 68 0 0 255
P 135 68 0 0 255
P 136 68 0 0 255
P 137 68 0 0 255
P 138 68 0 0 255
P 139 68 0 0 255
P 140 68 0 0 255
P 141 68 0 0 255
P 142 68 0 0 255
P 143 68 0 0 255
P 144 68 0 0 255
P 145 68 0 0 255
P 146 68 0 0 255
P 147 68 0 0 255
P 148 68 0 0 255
P 149 68 0 0 255
P 150 68 0 0 255
P 151 68 0 0 255
P 152 68 0 0 255
P 153 68 0 0 255
P 154 68 0 0 255
P 155 68 0 0 255
P 156 68 0 0 255
P 157 68 0 0 255
P 158 68 0 0 255
P 159 68 0 0 255
P 160 68 0 0 255
P 161 68 0 0 255
P 162 68 0 0 255
P 163 68 0 0 255
P 164 68 0 0 255
P 165 68 0 0 255
P 166 68 0 0 255
P 167 68 0 0 255
P 168 68 0 0 255
P 169 68 0 0 255
P 170 68 0 0 255
P 171 68 0 0 255
P 172 68 0 0 255
P 173 68 0 0 255
P 174 68 0 0 255
P 175 68 0 0 255
P 176 68 0 0 255
P 177 68 0 0 255
P 178 68 0 0 255
P 179 68 0 0 255
P 180 68 0 0 255
P 181 68 0 0 255
P 182 68 0 0 255
P 183 68 0 0 255
P 184 68 0 0 255
P 185 68 0 0 255
P 186 68 0 0 255
P 187 68 0 0 255
P 188 68 0 0 255
P 189 68 0 0 255
P 190 68 0 0 255
P 191 68 0 0 255
P 192 68 0 0 255
P 193 68 0 0 255
P 194 68 0 0 255
P 195 68 0 0 255
P 196 68 0 0 255
P 121 69 0 0 255
P 122 69 0 0 255
P 123 69 0 0 255
P 124 69 0 0 255
P 125 69 0 0 255
P 126 69 0 0 255
P 127 69 0 0 255
P 128 69 0 0 255
P 129 69 0 0 255
P 130 69 0 0 255
P 131 69 0 0 255
P 132 69 0 0 255
P 133 69 0 0 255
P 134 69 0 0 255
P 135 69 0 0 255
P 136 69 0 0 255
P 137 69 0 0 255
P 138 69 0 0 255
P 139 69 0 0 255
P 140 69 0 0 255
P 141 69 0 0 255
P 142 69 0 0 255
P 143 69 0 0 255
P 144 69 0 0 255
P 145 69 0 0 255
P 146 69 0 0 255
P 147 69 0 0 255
P 148 69 0 0 255
P 149 69 0 0 255
P 150 69 0 0 255
P 151 69 0 0 255
P 152 69 0 0 255
P 153 69 0 0 255
P 154 69 0 0 255
P 155 69 0 0 255
P 156 69 0 0 255
P 157 69 0 0 255
P 158 69 0 0 255
P 159 69 0 0 255
P 160 69 0 0 255
P 161 69 0 0 255
P 162 69 0 0 255
P 163 69 0 0 255
P 164 69 0 0 255
P 165 69 0 0 255
P 166 69 0 0 255
P 167 69 0 0 255
P 168 69 0 0 255
P 169 69 0 0 255
P 170 69 0 0 255
P 171 69 0 0 255
P 172 69 0 0 255
P 173 69 0 0 255
P 174 69 0 0 255
P 175 69 0 0 255
P 176 69 0 0 255
P 177 69 0 0 255
P 178 69 0 0 255
P 179 69 0 0 255
P 180 69 0 0 255
P 181 69 0 0 255
P 182 69 0 0 255
P 183 69 0 0 255
P 184 69 0 0 255
P 185 69 0 0 255
P 186 69 0 0 255
P 187 69 0 0 255
P 188 69 0 0 255
P 189 69 0 0 255
P 190 69 0 0 255
P 191 69 0 0 255
P 192 69 0 0 255
P 193 69 0 0 255
P 194 69 0 0 255
P 195 69 0 0 255
P 196 69 0 0 255
P 121 70 0 0 255
P 122 70 0 0 255
P 123 70 0 0 255
P 124 70 0 0 255
P 125 70 0 0 255
P 126 70 0 0 255
P 127 70 0 0 255
P 128 70 0 0 255
P 129 70 0 0 255
P 130 70 0 0 255
P 131 70 0 0 255
P 132 70 0 0 255
P 133 70 0 0 255
P 134 70 0 0 255
P 135 70 0 0 255
P 136 70 0 0 255
P 137 70 0 0 255
P 138 70 0 0 255
P 139 70 0 0 255
P 140 70 0 0 255
P 141 70 0 0 255
P 142 70 0 0 255
P 143 70 0 0 255
P 144 70 0 0 255
P 145 70 0 0 255
P 146 70 0 0 255
P 147 70 0 0 255
P 148 70 0 0 255
P 149 70 0 0 255
P 150 70 0 0 255
P 151 70 0 0 255
P 152 70 0 0 255
P 153 70 0 0 255
P 154 70 0 0 255
P 155 70 0 0 255
P 156 70 0 0 255
P 157 70 0 0 255
P 158 70 0 0 255
P 159 70 0 0 255
P 160 70 0 0 255
P 161 70 0 0 255
P 162 70 0 0 255
P 163 70 0 0 255
P 164 70 0 0 255
P 165 70 0 0 255
P 166 70 0 0 255
P 167 70 0 0 255
P 168 70 0 0 255
P 169 70 0 0 255
P 170 70 0 0 255
P 171 70 0 0 255
P 172 70 0 0 255
P 173 70 0 0 255
P 174 70 0 0 255
P 175 70 0 0 255
P 176 70 0 0 255
P 177 70 0 0 255
P 178 70 0 0 255
P 179 70 0 0 255
P 180 70 0 0 255
P 181 70 0 0 255
P 182 70 0 0 255
P 183 70 0 0 255
P 184 70 0 0 255
P 185 70 0 0 255
P 186 70 0 0 255
P 187 70 0 0 255
P 188 70 0 0 255
P 189 70 0 0 255
P 190 70 0 0 255
P 191 70 0 0 255
P 192 70 0 0 255
P 193 70 0 0 255
P 194 70 0 0 255
P 195 70 0 0 255
P 121 71 0 0 255
P 122 71 0 0 255
P 123 71 0 0 255
P 124 71 0 0 255
P 125 71 0 0 255
P 126 71 0 0 255
P 127 71 0 0 255
P 128 71 0 0 255
P 129 71 0 0 255
P 130 71 0 0 255
P 131 71 0 0 255
P 132 71 0 0 255
P 133 71 0 0 255
P 134 71 0 0 255
P 135 71 0 0 255
P 136 71 0 0 255
P 137 71 0 0 255
P 138 71 0 0 255
P 139 71 0 0 255
P 140 71 0 0 255
P 141 71 0 0 255
P 142 71 0 0 255
P 143 71 0 0 255
P 144 71 0 0 255
P 145 71 0 0 255
P 146 71 0 0 255
P 147 71 0 0 255
P 148 71 0 0 255
P 149 71 0 0 255
P 150 71 0 0 255
P 151 71 0 0 255
P 152 71 0 0 255
P 153 71 0 0 255
P 154 71 0 0 255
P 155 71 0 0 255
P 156 71 0 0 255
P 157 71 0 0 255
P 158 71 0 0 255
P 159 71 0 0 255
P 160 71 0 0 255
P 161 71 0 0 255
P 162 71 0 0 255
P 163 71 0 0 255
P 164 71 0 0 255
P 165 71 0 0 255
P 166 71 0 0 255
P 167 71 0 0 255
P 168 71 0 0 255
P 169 71 0 0 255
P 170 71 0 0 255
P 171 71 0 0 255
P 172 71 0 0 255
P 173 71 0 0 255
P 174 71 0 0 255
P 175 71 0 0 255
P 176 71 0 0 255
P 177 71 0 0 255
P 178 71 0 0 255
P 179 71 0 0 255
P 180 71 0 0 255
P 181 71 0 0 255
P 182 71 0 0 255
P 183 71 0 0 255
P 184 71 0 0 255
P 185 71 0 0 255
P 186 71 0 0 255
P 187 71 0 0 255
P 188 71 0 0 255
P 189 71 0 0 255
P 190 71 0 0 255
P 191 71 0 0 255
P 192 71 0 0 255
P 193 71 0 0 255
P 194 71 0 0 255
P 195 71 0 0 255
P 121 72 0 0 255
P 122 72 0 0 255
P 123 72 0 0 255
P 124 72 0 0 255
P 125 72 0 0 255
P 126 72 0 0 255
P 127 72 0 0 255
P 128 72 0 0 255
P 129 72 0 0 255
P 130 72 0 0 255
P 131 72 0 0 255
P 132 72 0 0 255
P 133 72 0 0 255
P 134 72 0 0 255
P 135 72 0 0 255
P 136 72 0 0 255
P 137 72 0 0 255
P 138 72 0 0 255
P 139 72 0 0 255
P 140 72 0 0 255
P 141 72 0 0 255
P 142 72 0 0 255
P 143 72 0 0 255
P 144 72 0 0 255
P 145 72 0 0 255
P 146 72 0 0 255
P 147 72 0 0 255
P 148 72 0 0 255
P 149 72 0 0 255
P 150 72 0 0 255
P 151 72 0 0 255
P 152 72 0 0 255
P 153 72 0 0 255
P 154 72 0 0 255
P 155 72 0 0 255
P 156 72 0 0 255
P 157 72 0 0 255
P 158 72 0 0 255
P 159 72 0 0 255
P 160 72 0 0 255
P 161 72 0 0 255
P 162 72 0 0 255
P 163 72 0 0 255
P 164 72 0 0 255
P 165 72 0 0 255
P 166 72 0 0 255
P 167 72 0 0 255
P 168 72 0 0 255
P 169 72 0 0 255
P 170 72 0 0 255
P 171 72 0 0 255
P 172 72 0 0 255
P 173 72 0 0 255
P 174 72 0 0 255
P 175 72 0 0 255
P 176 72 0 0 255
P 177 72 0 0 255
P 178 72 0 0 255
P 179 72 0 0 255
P 180 72 0 0 255
P 181 72 0 0 255
P 182 72 0 0 255
P 183 72 0 0 255
P 184 72 0 0 255
P 185 72 0 0 255
P 186 72 0 0 255
P 187 72 0 0 255
P 188 72 0 0 255
P 189 72 0 0 255
P 190 72 0 0 255
P 191 72 0 0 255
P 192 72 0 0 255
P 193 72 0 0 255
P 194 72 0 0 255
P 121 73 0 0 255
P 122 73 0 0 255
P 123 73 0 0 255
P 124 73 0 0 255
P 125 73 0 0 255
P 126 73 0 0 255
P 127 73 0 0 255
P 128 73 0 0 255
P 129 73 0 0 255
P 130 73 0 0 255
P 131 73 0 0 255
P 132 73 0 0 255
P 133 73 0 0 255
P 134 73 0 0 255
P 135 73 0 0 255
P 136 73 0 0 255
P 137 73 0 0 255
P 138 73 0 0 255
P 139 73 0 0 255
P 140 73 0 0 255
P 141 73 0 0 255
P 142 73 0 0 255
P 143 73 0 0 255
P 144 73 0 0 255
P 145 73 0 0 255
P 146 73 0 0 255
P 147 73 0 0 255
P 148 73 0 0 255
P 149 73 0 0 255
P 150 73 0 0 255
P 151 73 0 0 255
P 152 73 0 0 255
P 153 73 0 0 255
P 154 73 0 0 255
P 155 73 0 0 255
P 156 73 0 0 255
P 157 73 0 0 255
P 158 73 0 0 255
P 159 73 0 0 255
P 160 73 0 0 255
P 161 73 0 0 255
P 162 73 0 0 255
P 163 73 0 0 255
P 164 73 0 0 255
P 165 73 0 0 255
P 166 73 0 0 255
P 167 73 0 0 255
P 168 73 0 0 255
P 169 73 0 0 255
P 170 73 0 0 255
P 171 73 0 0 255
P 172 73 0 0 255
P 173 73 0 0 255
P 174 73 0 0 255
P 175 73 0 0 255
P 176 73 0 0 255
P 177 73 0 0 255
P 178 73 0 0 255
P 179 73 0 0 255
P 180 73 0 0 255
P 181 73 0 0 255
P 182 73 0 0 255
P 183 73 0 0 255
P 184 73 0 0 255
P 185 73 0 0 255
P 186 73 0 0 255
P 187 73 0 0 255
P 188 73 0 0 255
P 189 73 0 0 255
P 190 73 0 0 255
P 191 73 0 0 255
P 192 73 0 0 255
P 193 73 0 0 255
P 121 74 0 0 255
P 122 74 0 0 255
P 123 74 0 0 255
P 124 74 0 0 255
P 125 74 0 0 255
P 126 74 0 0 255
P 127 74 0 0 255
P 128 74 0 0 255
P 129 74 0 0 255
P 130 74 0 0 255
P 131 74 0 0 255
P 132 74 0 0 255
P 133 74 0 0 255
P 134 74 0 0 255
P 135 74 0 0 255
P 136 74 0 0 255
P 137 74 0 0 255
P 138 74 0 0 255
P 139 74 0 0 255
P 140 74 0 0 255
P 141 74 0 0 255
P 142 74 0 0 255
P 143 74 0 0 255
P 144 74 0 0 255
P 145 74 0 0 255
P 146 74 0 0 255
P 147 74 0 0 255
P 148 74 0 0 255
P 149 74 0 0 255
P 150 74 0 0 255
P 151 74 0 0 255
P 152 74 0 0 255
P 153 74 0 0 255
P 154 74 0 0 255
P 155 74 0 0 255
P 156 74 0 0 255
P 157 74 0 0 255
P 158 74 0 0 255
P 159 74 0 0 255
P 160 74 0 0 255
P 161 74 0 0 255
P 162 74 0 0 255
P 163 74 0 0 255
P 164 74 0 0 255
P 165 74 0 0 255
P 166 74 0 0 255
P 167 74 0 0 255
P 168 74 0 0 255
P 169 74 0 0 255
P 170 74 0 0 255
P 171 74 0 0 255
P 172 74 0 0 255
P 173 74 0 0 255
P 174 74 0 0 255
P 175 74 0 0 255
P 176 74 0 0 255
P 177 74 0 0 255
P 178 74 0 0 255
P 179 74 0 0 255
P 180 74 0 0 255
P 181 74 0 0 255
P 182 74 0 0 255
P 183 74 0 0 255
P 184 74 0 0 255
P 185 74 0 0 255
P 186 74 0 0 255
P 187 74 0 0 255
P 188 74 0 0 255
P 189 74 0 0 255
P 190 74 0 0 255
P 191 74 0 0 255
P 192 74 0 0 255
P 193 74 0 0 255
P 121 75 0 0 255
P 122 75 0 0 255
P 123 75 0 0 255
P 124 75 0 0 255
P 125 75 0 0 255
P 126 75 0 0 255
P 127 75 0 0 255
P 128 75 0 0 255
P 129 75 0 0 255
P 130 75 0 0 255
P 131 75 0 0 255
P 132 75 0 0 255
P 133 75 0 0 255
P 134 75 0 0 255
P 135 75 0 0 255
P 136 75 0 0 255
P 137 75 0 0 255
P 138 75 0 0 255
P 139 75 0 0 255
P 140 75 0 0 255
P 141 75 0 0 255
P 142 75 0 0 255
P 143 75 0 0 255
P 144 75 0 0 255
P 145 75 0 0 255
P 146 75 0 0 255
P 147 75 0 0 255
P 148 75 0 0 255
P 149 75 0 0 255
P 150 75 0 0 255
P 151 75 0 0 255
P 152 75 0 0 255
P 153 75 0 0 255
P 154 75 0 0 255
P 155 75 0 0 255
P 156 75 0 0 255
P 157 75 0 0 255
P 158 75 0 0 255
P 159 75 0 0 255
P 160 75 0 0 255
P 161 75 0 0 255
P 162 75 0 0 255
P 163 75 0 0 255
P 164 75 0 0 255
P 165 75 0 0 255
P 166 75 0 0 255
P 167 75 0 0 255
P 168 75 0 0 255
P 169 75 0 0 255
P 170 75 0 0 255
P 171 75 0 0 255
P 172 75 0 0 255
P 173 75 0 0 255
P 174 75 0 0 255
P 175 75 0 0 255
P 176 75 0 0 255
P 177 75 0 0 255
P 178 75 0 0 255
P 179 75 0 0 255
P 180 75 0 0 255
P 181 75 0 0 255
P 182 75 0 0 255
P 183 75 0 0 255
P 184 75 0 0 255
P 185 75 0 0 255
P 186 75 0 0 255
P 187 75 0 0 255
P 188 75 0 0 255
P 189 75 0 0 255
P 190 75 0 0 255
P 191 75 0 0 255
P 192 75 0 0 255
P 121 76 0 0 255
P 122 76 0 0 255
P 123 76 0 0 255
P 124 76 0 0 255
P 125 76 0 0 255
P 126 76 0 0 255
P 127 76 0 0 255
P 128 76 0 0 255
P 129 76 0 0 255
P 130 76 0 0 255
P 131 76 0 0 255
P 132 76 0 0 255
P 133 76 0 0 255
P 134 76 0 0 255
P 135 76 0 0 255
P 136 76 0 0 255
P 137 76 0 0 255
P 138 76 0 0 255
P 139 76 0 0 255
P 140 76 0 0 255
P 141 76 0 0 255
P 142 76 0 0 255
P 143 76 0 0 255
P 144 76 0 0 255
P 145 76 0 0 255
P 146 76 0 0 255
P 147 76 0 0 255
P 148 76 0 0 255
P 149 76 0 0 255
P 150 76 0 0 255
P 151 76 0 0 255
P 152 76 0 0 255
P 153 76 0 0 255
P 154 76 0 0 255
P 155 76 0 0 255
P 156 76 0 0 255
P 157 76 0 0 255
P 158 76 0 0 255
P 159 76 0 0 255
P 160 76 0 0 255
P 161 76 0 0 255
P 162 76 0 0 255
P 163 76 0 0 255
P 164 76 0 0 255
P 165 76 0 0 255
P 166 76 0 0 255
P 167 76 0 0 255
P 168 76 0 0 255
P 169 76 0 0 255
P 170 76 0 0 255
P 171 76 0 0 255
P 172 76 0 0 255
P 173 76 0 0 255
P 174 76 0 0 255
P 175 76 0 0 255
P 176 76 0 0 255
P 177 76 0 0 255
P 178 76 0 0 255
P 179 76 0 0 255
P 180 76 0 0 255
P 181 76 0 0 255
P 182 76 0 0 255
P 183 76 0 0 255
P 184 76 0 0 255
P 185 76 0 0 255
P 186 76 0 0 255
P 187 76 0 0 255
P 188 76 0 0 255
P 189 76 0 0 255
P 190 76 0 0 255
P 191 76 0 0 255
P 192 76 0 0 255
P 121 77 0 0 255
P 122 77 0 0 255
P 123 77 0 0 255
P 124 77 0 0 255
P 125 77 0 0 255
P 126 77 0 0 255
P 127 77 0 0 255
P 128 77 0 0 255
P 129 77 0 0 255
P 130 77 0 0 255
P 131 77 0 0 255
P 132 77 0 0 255
P 133 77 0 0 255
P 134 77 0 0 255
P 135 77 0 0 255
P 136 77 0 0 255
P 137 77 0 0 255
P 138 77 0 0 255
P 139 77 0 0 255
P 140 77 0 0 255
P 141 77 0 0 255
P 142 77 0 0 255
P 143 77 0 0 255
P 144 77 0 0 255
P 145 77 0 0 255
P 146 77 0 0 255
P 147 77 0 0 255
P 148 77 0 0 255
P 149 77 0 0 255
P 150 77 0 0 255
P 151 77 0 0 255
P 152 77 0 0 255
P 153 77 0 0 255
P 154 77 0 0 255
P 155 77 0 0 255
P 156 77 0 0 255
P 157 77 0 0 255
P 158 77 0 0 255
P 159 77 0 0 255
P 160 77 0 0 255
P 161 77 0 0 255
P 162 77 0 0 255
P 163 77 0 0 255
P 164 77 0 0 255
P 165 77 0 0 255
P 166 77 0 0 255
P 167 77 0 0 255
P 168 77 0 0 255
P 169 77 0 0 255
P 170 77 0 0 255
P 171 77 0 0 255
P 172 77 0 0 255
P 173 77 0 0 255
P 174 77 0 0 255
P 175 77 0 0 255
P 176 77 0 0 255
P 177 77 0 0 255
P 178 77 0 0 255
P 179 77 0 0 255
P 180 77 0 0 255
P 181 77 0 0 255
P 182 77 0 0 255
P 183 77 0 0 255
P 184 77 0 0 255
P 185 77 0 0 255
P 186 77 0 0 255
P 187 77 0 0 255
P 188 77 0 0 255
P 189 77 0 0 255
P 190 77 0 0 255
P 191 77 0 0 255
P 122 78 0 0 255
P 123 78 0 0 255
P 124 78 0 0 255
P 125 78 0 0 255
P 126 78 0 0 255
P 127 78 0 0 255
P 128 78 0 0 255
P 129 78 0 0 255
P 130 78 0 0 255
P 131 78 0 0 255
P 132 78 0 0 255
P 133 78 0 0 255
P 134 78 0 0 255
P 135 78 0 0 255
P 136 78 0 0 255
P 137 78 0 0 255
P 138 78 0 0 255
P 139 78 0 0 255
P 140 78 0 0 255
P 141 78 0 0 255
P 142 78 0 0 255
P 143 78 0 0 255
P 144 78 0 0 255
P 145 78 0 0 255
P 146 78 0 0 255
P 147 78 0 0 255
P 148 78 0 0 255
P 149 78 0 0 255
P 150 78 0 0 255
P 151 78 0 0 255
P 152 78 0 0 255
P 153 78 0 0 255
P 154 78 0 0 255
P 155 78 0 0 255
P 156 78 0 0 255
P 157 78 0 0 255
P 158 78 0 0 255
P 159 78 0 0 255
P 160 78 0 0 255
P 161 78 0 0 255
P 162 78 0 0 255
P 163 78 0 0 255
P 164 78 0 0 255
P 165 78 0 0 255
P 166 78 0 0 255
P 167 78 0 0 255
P 168 78 0 0 255
P 169 78 0 0 255
P 170 78 0 0 255
P 171 78 0 0 255
P 172 78 0 0 255
P 173 78 0 0 255
P 174 78 0 0 255
P 175 78 0 0 255
P 176 78 0 0 255
P 177 78 0 0 255
P 178 78 0 0 255
P 179 78 0 0 255
P 180 78 0 0 255
P 181 78 0 0 255
P 182 78 0 0 255
P 183 78 0 0 255
P 184 78 0 0 255
P 185 78 0 0 255
P 186 78 0 0 255
P 187 78 0 0 255
P 188 78 0 0 255
P 189 78 0 0 255
P 190 78 0 0 255
P 191 78 0 0 255
P 122 79 0 0 255
P 123 79 0 0 255
P 124 79 0 0 255
P 125 79 0 0 255
P 126 79 0 0 255
P 127 79 0 0 255
P 128 79 0 0 255
P 129 79 0 0 255
P 130 79 0 0 255
P 131 79 0 0 255
P 132 79 0 0 255
P 133 79 0 0 255
P 134 79 0 0 255
P 135 79 0 0 255
P 136 79 0 0 255
P 137 79 0 0 255
P 138 79 0 0 255
P 139 79 0 0 255
P 140 79 0 0 255
P 141 79 0 0 255
P 142 79 0 0 255
P 143 79 0 0 255
P 144 79 0 0 255
P 145 79 0 0 255
P 146 79 0 0 255
P 147 79 0 0 255
P 148 79 0 0 255
P 149 79 0 0 255
P 150 79 0 0 255
P 151 79 0 0 255
P 152 79 0 0 255
P 153 79 0 0 255
P 154 79 0 0 255
P 155 79 0 0 255
P 156 79 0 0 255
P 157 79 0 0 255
P 158 79 0 0 255
P 159 79 0 0 255
P 160 79 0 0 255
P 161 79 0 0 255
P 162 79 0 0 255
P 163 79 0 0 255
P 164 79 0 0 255
P 165 79 0 0 255
P 166 79 0 0 255
P 167 79 0 0 255
P 168 79 0 0 255
P 169 79 0 0 255
P 170 79 0 0 255
P 171 79 0 0 255
P 172 79 0 0 255
P 173 79 0 0 255
P 174 79 0 0 255
P 175 79 0 0 255
P 176 79 0 0 255
P 177 79 0 0 255
P 178 79 0 0 255
P 179 79 0 0 255
P 180 79 0 0 255
P 181 79 0 0 255
P 182 79 0 0 255
P 183 79 0 0 255
P 184 79 0 0 255
P 185 79 0 0 255
P 186 79 0 0 255
P 187 79 0 0 255
P 188 79 0 0 255
P 189 79 0 0 255
P 190 79 0 0 255
P 122 80 0 0 255
P 123 80 0 0 255
P 124 80 0 0 255
P 125 80 0 0 255
P 126 80 0 0 255
P 127 80 0 0 255
P 128 80 0 0 255
P 129 80 0 0 255
P 130 80 0 0 255
P 131 80 0 0 255
P 132 80 0 0 255
P 133 80 0 0 255
P 134 80 0 0 255
P 135 80 0 0 255
P 136 80 0 0 255
P 137 80 0 0 255
P 138 80 0 0 255
P 139 80 0 0 255
P 140 80 0 0 255
P 141 80 0 0 255
P 142 80 0 0 255
P 143 80 0 0 255
P 144 80 0 0 255
P 145 80 0 0 255
P 146 80 0 0 255
P 147 80 0 0 255
P 148 80 0 0 255
P 149 80 0 0 255
P 150 80 0 0 255
P 151 80 0 0 255
P 152 80 0 0 255
P 153 80 0 0 255
P 154 80 0 0 255
P 155 80 0 0 255
P 156 80 0 0 255
P 157 80 0 0 255
P 158 80 0 0 255
P 159 80 0 0 255
P 160 80 0 0 255
P 161 80 0 0 255
P 162 80 0 0 255
P 163 80 0 0 255
P 164 80 0 0 255
P 165 80 0 0 255
P 166 80 0 0 255
P 167 80 0 0 255
P 168 80 0 0 255
P 169 80 0 0 255
P 170 80 0 0 255
P 171 80 0 0 255
P 172 80 0 0 255
P 173 80 0 0 255
P 174 80 0 0 255
P 175 80 0 0 255
P 176 80 0 0 255
P 177 80 0 0 255
P 178 80 0 0 255
P 179 80 0 0 255
P 180 80 0 0 255
P 181 80 0 0 255
P 182 80 0 0 255
P 183 80 0 0 255
P 184 80 0 0 255
P 185 80 0 0 255
P 186 80 0 0 255
P 187 80 0 0 255
P 188 80 0 0 255
P 189 80 0 0 255
P 122 81 0 0 255
P 123 81 0 0 255
P 124 81 0 0 255
P 125 81 0 0 255
P 126 81 0 0 255
P 127 81 0 0 255
P 128 81 0 0 255
P 129 81 0 0 255
P 130 81 0 0 255
P 131 81 0 0 255
P 132 81 0 0 255
P 133 81 0 0 255
P 134 81 0 0 255
P 135 81 0 0 255
P 136 81 0 0 255
P 137 81 0 0 255
P 138 81 0 0 255
P 139 81 0 0 255
P 140 81 0 0 255
P 141 81 0 0 255
P 142 81 0 0 255
P 143 81 0 0 255
P 144 81 0 0 255
P 145 81 0 0 255
P 146 81 0 0 255
P 147 81 0 0 255
P 148 81 0 0 255
P 149 81 0 0 255
P 150 81 0 0 255
P 151 81 0 0 255
P 152 81 0 0 255
P 153 81 0 0 255
P 154 81 0 0 255
P 155 81 0 0 255
P 156 81 0 0 255
P 157 81 0 0 255
P 158 81 0 0 255
P 159 81 0 0 255
P 160 81 0 0 255
P 161 81 0 0 255
P 162 81 0 0 255
P 163 81 0 0 255
P 164 81 0 0 255
P 165 81 0 0 255
P 166 81 0 0 255
P 167 81 0 0 255
P 168 81 0 0 255
P 169 81 0 0 255
P 170 81 0 0 255
P 171 81 0 0 255
P 172 81 0 0 255
P 173 81 0 0 255
P 174 81 0 0 255
P 175 81 0 0 255
P 176 81 0 0 255
P 177 81 0 0 255
P 178 81 0 0 255
P 179 81 0 0 255
P 180 81 0 0 255
P 181 81 0 0 255
P 182 81 0 0 255
P 183 81 0 0 255
P 184 81 0 0 255
P 185 81 0 0 255
P 186 81 0 0 255
P 187 81 0 0 255
P 188 81 0 0 255
P 189 81 0 0 255
P 122 82 0 0 255
P 123 82 0 0 255
P 124 82 0 0 255
P 125 82 0 0 255
P 126 82 0 0 255
P 127 82 0 0 255
P 128 82 0 0 255
P 129 82 0 0 255
P 130 82 0 0 255
P 131 82 0 0 255
P 132 82 0 0 255
P 133 82 0 0 255
P 134 82 0 0 255
P 135 82 0 0 255
P 136 82 0 0 255
P 137 82 0 0 255
P 138 82 0 0 255
P 139 82 0 0 255
P 140 82 0 0 255
P 141 82 0 0 255
P 142 82 0 0 255
P 143 82 0 0 255
P 144 82 0 0 255
P 145 82 0 0 255
P 146 82 0 0 255
P 147 82 0 0 255
P 148 82 0 0 255
P 149 82 0 0 255
P 150 82 0 0 255
P 151 82 0 0 255
P 152 82 0 0 255
P 153 82 0 0 255
P 154 82 0 0 255
P 155 82 0 0 255
P 156 82 0 0 255
P 157 82 0 0 255
P 158 82 0 0 255
P 159 82 0 0 255
P 160 82 0 0 255
P 161 82 0 0 255
P 162 82 0 0 255
P 163 82 0 0 255
P 164 82 0 0 255
P 165 82 0 0 255
P 166 82 0 0 255
P 167 82 0 0 255
P 168 82 0 0 255
P 169 82 0 0 255
P 170 82 0 0 255
P 171 82 0 0 255
P 172 82 0 0 255
P 173 82 0 0 255
P 174 82 0 0 255
P 175 82 0 0 255
P 176 82 0 0 255
P 177 82 0 0 255
P 178 82 0 0 255
P 179 82 0 0 255
P 180 82 0 0 255
P 181 82 0 0 255
P 182 82 0 0 255
P 183 82 0 0 255
P 184 82 0 0 255
P 185 82 0 0 255
P 186 82 0 0 255
P 187 82 0 0 255
P 188 82 0 0 255
P 122 83 0 0 255
P 123 83 0 0 255
P 124 83 0 0 255
P 125 83 0 0 255
P 126 83 0 0 255
P 127 83 0 0 255
P 128 83 0 0 255
P 129 83 0 0 255
P 130 83 0 0 255
P 131 83 0 0 255
P 132 83 0 0 255
P 133 83 0 0 255
P 134 83 0 0 255
P 135 83 0 0 255
P 136 83 0 0 255
P 137 83 0 0 255
P 138 83 0 0 255
P 139 83 0 0 255
P 140 83 0 0 255
P 141 83 0 0 255
P 142 83 0 0 255
P 143 83 0 0 255
P 144 83 0 0 255
P 145 83 0 0 255
P 146 83 0 0 255
P 147 83 0 0 255
P 148 83 0 0 255
P 149 83 0 0 255
P 150 83 0 0 255
P 151 83 0 0 255
P 152 83 0 0 255
P 153 83 0 0 255
P 154 83 0 0 255
P 155 83 0 0 255
P 156 83 0 0 255
P 157 83 0 0 255
P 158 83 0 0 255
P 159 83 0 0 255
P 160 83 0 0 255
P 161 83 0 0 255
P 162 83 0 0 255
P 163 83 0 0 255
P 164 83 0 0 255
P 165 83 0 0 255
P 166 83 0 0 255
P 167 83 0 0 255
P 168 83 0 0 255
P 169 83 0 0 255
P 170 83 0 0 255
P 171 83 0 0 255
P 172 83 0 0 255
P 173 83 0 0 255
P 174 83 0 0 255
P 175 83 0 0 255
P 176 83 0 0 255
P 177 83 0 0 255
P 178 83 0 0 255
P 179 83 0 0 255
P 180 83 0 0 255
P 181 83 0 0 255
P 182 83 0 0 255
P 183 83 0 0 255
P 184 83 0 0 255
P 185 83 0 0 255
P 186 83 0 0 255
P 187 83 0 0 255
P 188 83 0 0 255
P 122 84 0 0 255
P 123 84 0 0 255
P 124 84 0 0 255
P 125 84 0 0 255
P 126 84 0 0 255
P 127 84 0 0 255
P 128 84 0 0 255
P 129 84 0 0 255
P 130 84 0 0 255
P 131 84 0 0 255
P 132 84 0 0 255
P 133 84 0 0 255
P 134 84 0 0 255
P 135 84 0 0 255
P 136 84 0 0 255
P 137 84 0 0 255
P 138 84 0 0 255
P 139 84 0 0 255
P 140 84 0 0 255
P 141 84 0 0 255
P 142 84 0 0 255
P 143 84 0 0 255
P 144 84 0 0 255
P 145 84 0 0 255
P 146 84 0 0 255
P 147 84 0 0 255
P 148 84 0 0 255
P 149 84 0 0 255
P 150 84 0 0 255
P 151 84 0 0 255
P 152 84 0 0 255
P 153 84 0 0 255
P 154 84 0 0 255
P 155 84 0 0 255
P 156 84 0 0 255
P 157 84 0 0 255
P 158 84 0 0 255
P 159 84 0 0 255
P 160 84 0 0 255
P 161 84 0 0 255
P 162 84 0 0 255
P 163 84 0 0 255
P 164 84 0 0 255
P 165 84 0 0 255
P 166 84 0 0 255
P 167 84 0 0 255
P 168 84 0 0 255
P 169 84 0 0 255
P 170 84 0 0 255
P 171 84 0 0 255
P 172 84 0 0 255
P 173 84 0 0 255
P 174 84 0 0 255
P 175 84 0 0 255
P 176 84 0 0 255
P 177 84 0 0 255
P 178 84 0 0 255
P 179 84 0 0 255
P 180 84 0 0 255
P 181 84 0 0 255
P 182 84 0 0 255
P 183 84 0 0 255
P 184 84 0 0 255
P 185 84 0 0 255
P 186 84 0 0 255
P 187 84 0 0 255
P 122 85 0 0 255
P 123 85 0 0 255
P 124 85 0 0 255
P 125 85 0 0 255
P 126 85 0 0 255
P 127 85 0 0 255
P 128 85 0 0 255
P 129 85 0 0 255
P 130 85 0 0 255
P 131 85 0 0 255
P 132 85 0 0 255
P 133 85 0 0 255
P 134 85 0 0 255
P 135 85 0 0 255
P 136 85 0 0 255
P 137 85 0 0 255
P 138 85 0 0 255
P 139 85 0 0 255
P 140 85 0 0 255
P 141 85 0 0 255
P 142 85 0 0 255
P 143 85 0 0 255
P 144 85 0 0 255
P 145 85 0 0 255
P 146 85 0 0 255
P 147 85 0 0 255
P 148 85 0 0 255
P 149 85 0 0 255
P 150 85 0 0 255
P 151 85 0 0 255
P 152 85 0 0 255
P 153 85 0 0 255
P 154 85 0 0 255
P 155 85 0 0 255
P 156 85 0 0 255
P 157 85 0 0 255
P 158 85 0 0 255
P 159 85 0 0 255
P 160 85 0 0 255
P 161 85 0 0 255
P 162 85 0 0 255
P 163 85 0 0 255
P 164 85 0 0 255
P 165 85 0 0 255
P 166 85 0 0 255
P 167 85 0 0 255
P 168 85 0 0 255
P 169 85 0 0 255
P 170 85 0 0 255
P 171 85 0 0 255
P 172 85 0 0 255
P 173 85 0 0 255
P 174 85 0 0 255
P 175 85 0 0 255
P 176 85 0 0 255
P 177 85 0 0 255
P 178 85 0 0 255
P 179 85 0 0 255
P 180 85 0 0 255
P 181 85 0 0 255
P 182 85 0 0 255
P 183 85 0 0 255
P 184 85 0 0 255
P 185 85 0 0 255
P 186 85 0 0 255
P 187 85 0 0 255
P 122 86 0 0 255
P 123 86 0 0 255
P 124 86 0 0 255
P 125 86 0 0 255
P 126 86 0 0 255
P 127 86 0 0 255
P 128 86 0 0 255
P 129 86 0 0 255
P 130 86 0 0 255
P 131 86 0 0 255
P 132 86 0 0 255
P 133 86 0 0 255
P 134 86 0 0 255
P 135 86 0 0 255
P 136 86 0 0 255
P 137 86 0 0 255
P 138 86 0 0 255
P 139 86 0 0 255
P 140 86 0 0 255
P 141 86 0 0 255
P 142 86 0 0 255
P 143 86 0 0 255
P 144 86 0 0 255
P 145 86 0 0 255
P 146 86 0 0 255
P 147 86 0 0 255
P 148 86 0 0 255
P 149 86 0 0 255
P 150 86 0 0 255
P 151 86 0 0 255
P 152 86 0 0 255
P 153 86 0 0 255
P 154 86 0 0 255
P 155 86 0 0 255
P 156 86 0 0 255
P 157 86 0 0 255
P 158 86 0 0 255
P 159 86 0 0 255
P 160 86 0 0 255
P 161 86 0 0 255
P 162 86 0 0 255
P 163 86 0 0 255
P 164 86 0 0 255
P 165 86 0 0 255
P 166 86 0 0 255
P 167 86 0 0 255
P 168 86 0 0 255
P 169 86 0 0 255
P 170 86 0 0 255
P 171 86 0 0 255
P 172 86 0 0 255
P 173 86 0 0 255
P 174 86 0 0 255
P 175 86 0 0 255
P 176 86 0 0 255
P 177 86 0 0 255
P 178 86 0 0 255
P 179 86 0 0 255
P 180 86 0 0 255
P 181 86 0 0 255
P 182 86 0 0 255
P 183 86 0 0 255
P 184 86 0 0 255
P 185 86 0 0 255
P 186 86 0 0 255
P 122 87 0 0 255
P 123 87 0 0 255
P 124 87 0 0 255
P 125 87 0 0 255
P 126 87 0 0 255
P 127 87 0 0 255
P 128 87 0 0 255
P 129 87 0 0 255
P 130 87 0 0 255
P 131 87 0 0 255
P 132 87 0 0 255
P 133 87 0 0 255
P 134 87 0 0 255
P 135 87 0 0 255
P 136 87 0 0 255
P 137 87 0 0 255
P 138 87 0 0 255
P 139 87 0 0 255
P 140 87 0 0 255
P 141 87 0 0 255
P 142 87 0 0 255
P 143 87 0 0 255
P 144 87 0 0 255
P 145 87 0 0 255
P 146 87 0 0 255
P 147 87 0 0 255
P 148 87 0 0 255
P 149 87 0 0 255
P 150 87 0 0 255
P 151 87 0 0 255
P 152 87 0 0 255
P 153 87 0 0 255
P 154 87 0 0 255
P 155 87 0 0 255
P 156 87 0 0 255
P 157 87 0 0 255
P 158 87 0 0 255
P 159 87 0 0 255
P 160 87 0 0 255
P 161 87 0 0 255
P 162 87 0 0 255
P 163 87 0 0 255
P 164 87 0 0 255
P 165 87 0 0 255
P 166 87 0 0 255
P 167 87 0 0 255
P 168 87 0 0 255
P 169 87 0 0 255
P 170 87 0 0 255
P 171 87 0 0 255
P 172 87 0 0 255
P 173 87 0 0 255
P 174 87 0 0 255
P 175 87 0 0 255
P 176 87 0 0 255
P 177 87 0 0 255
P 178 87 0 0 255
P 179 87 0 0 255
P 180 87 0 0 255
P 181 87 0 0 255
P 182 87 0 0 255
P 183 87 0 0 255
P 184 87 0 0 255
P 185 87 0 0 255
P 122 88 0 0 255
P 123 88 0 0 255
P 124 88 0 0 255
P 125 88 0 0 255
P 126 88 0 0 255
P 127 88 0 0 255
P 128 88 0 0 255
P 129 88 0 0 255
P 130 88 0 0 255
P 131 88 0 0 255
P 132 88 0 0 255
P 133 88 0 0 255
P 134 88 0 0 255
P 135 88 0 0 255
P 136 88 0 0 255
P 137 88 0 0 255
P 138 88 0 0 255
P 139 88 0 0 255
P 140 88 0 0 255
P 141 88 0 0 255
P 142 88 0 0 255
P 143 88 0 0 255
P 144 88 0 0 255
P 145 88 0 0 255
P 146 88 0 0 255
P 147 88 0 0 255
P 148 88 0 0 255
P 149 88 0 0 255
P 150 88 0 0 255
P 151 88 0 0 255
P 152 88 0 0 255
P 153 88 0 0 255
P 154 88 0 0 255
P 155 88 0 0 255
P 156 88 0 0 255
P 157 88 0 0 255
P 158 88 0 0 255
P 159 88 0 0 255
P 160 88 0 0 255
P 161 88 0 0 255
P 162 88 0 0 255
P 163 88 0 0 255
P 164 88 0 0 255
P 165 88 0 0 255
P 166 88 0 0 255
P 167 88 0 0 255
P 168 88 0 0 255
P 169 88 0 0 255
P 170 88 0 0 255
P 171 88 0 0 255
P 172 88 0 0 255
P 173 88 0 0 255
P 174 88 0 0 255
P 175 88 0 0 255
P 176 88 0 0 255
P 177 88 0 0 255
P 178 88 0 0 255
P 179 88 0 0 255
P 180 88 0 0 255
P 181 88 0 0 255
P 182 88 0 0 255
P 183 88 0 0 255
P 184 88 0 0 255
P 185 88 0 0 255
P 122 89 0 0 255
P 123 89 0 0 255
P 124 89 0 0 255
P 125 89 0 0 255
P 126 89 0 0 255
P 127 89 0 0 255
P 128 89 0 0 255
P 129 89 0 0 255
P 130 89 0 0 255
P 131 89 0 0 255
P 132 89 0 0 255
P 133 89 0 0 255
P 134 89 0 0 255
P 135 89 0 0 255
P 136 89 0 0 255
P 137 89 0 0 255
P 138 89 0 0 255
P 139 89 0 0 255
P 140 89 0 0 255
P 141 89 0 0 255
P 142 89 0 0 255
P 143 89 0 0 255
P 144 89 0 0 255
P 145 89 0 0 255
P 146 89 0 0 255
P 147 89 0 0 255
P 148 89 0 0 255
P 149 89 0 0 255
P 150 89 0 0 255
P 151 89 0 0 255
P 152 89 0 0 255
P 153 89 0 0 255
P 154 89 0 0 255
P 155 89 0 0 255
P 156 89 0 0 255
P 157 89 0 0 255
P 158 89 0 0 255
P 159 89 0 0 255
P 160 89 0 0 255
P 161 89 0 0 255
P 162 89 0 0 255
P 163 89 0 0 255
P 164 89 0 0 255
P 165 89 0 0 255
P 166 89 0 0 255
P 167 89 0 0 255
P 168 89 0 0 255
P 169 89 0 0 255
P 170 89 0 0 255
P 171 89 0 0 255
P 172 89 0 0 255
P 173 89 0 0 255
P 174 89 0 0 255
P 175 89 0 0 255
P 176 89 0 0 255
P 177 89 0 0 255
P 178 89 0 0 255
P 179 89 0 0 255
P 180 89 0 0 255
P 181 89 0 0 255
P 182 89 0 0 255
P 183 89 0 0 255
P 184 89 0 0 255
P 122 90 0 0 255
P 123 90 0 0 255
P 124 90 0 0 255
P 125 90 0 0 255
P 126 90 0 0 255
P 127 90 0 0 255
P 128 90 0 0 255
P 129 90 0 0 255
P 130 90 0 0 255
P 131 90 0 0 255
P 132 90 0 0 255
P 133 90 0 0 255
P 134 90 0 0 255
P 135 90 0 0 255
P 136 90 0 0 255
P 137 90 0 0 255
P 138 90 0 0 255
P 139 90 0 0 255
P 140 90 0 0 255
P 141 90 0 0 255
P 142 90 0 0 255
P 143 90 0 0 255
P 144 90 0 0 255
P 145 90 0 0 255
P 146 90 0 0 255
P 147 90 0 0 255
P 148 90 0 0 255
P 149 90 0 0 255
P 150 90 0 0 255
P 151 90 0 0 255
P 152 90 0 0 255
P 153 90 0 0 255
P 154 90 0 0 255
P 155 90 0 0 255
P 156 90 0 0 255
P 157 90 0 0 255
P 158 90 0 0 255
P 159 90 0 0 255
P 160 90 0 0 255
P 161 90 0 0 255
P 162 90 0 0 255
P 163 90 0 0 255
P 164 90 0 0 255
P 165 90 0 0 255
P 166 90 0 0 255
P 167 90 0 0 255
P 168 90 0 0 255
P 169 90 0 0 255
P 170 90 0 0 255
P 171 90 0 0 255
P 172 90 0 0 255
P 173 90 0 0 255
P 174 90 0 0 255
P 175 90 0 0 255
P 176 90 0 0 255
P 177 90 0 0 255
P 178 90 0 0 255
P 179 90 0 0 255
P 180 90 0 0 255
P 181 90 0 0 255
P 182 90 0 0 255
P 183 90 0 0 255
P 184 90 0 0 255
P 122 91 0 0 255
P 123 91 0 0 255
P 124 91 0 0 255
P 125 91 0 0 255
P 126 91 0 0 255
P 127 91 0 0 255
P 128 91 0 0 255
P 129 91 0 0 255
P 130 91 0 0 255
P 131 91 0 0 255
P 132 91 0 0 255
P 133 91 0 0 255
P 134 91 0 0 255
P 135 91 0 0 255
P 136 91 0 0 255
P 137 91 0 0 255
P 138 91 0 0 255
P 139 91 0 0 255
P 140 91 0 0 255
P 141 91 0 0 255
P 142 91 0 0 255
P 143 91 0 0 255
P 144 91 0 0 255
P 145 91 0 0 255
P 146 91 0 0 255
P 147 91 0 0 255
P 148 91 0 0 255
P 149 91 0 0 255
P 150 91 0 0 255
P 151 91 0 0 255
P 152 91 0 0 255
P 153 91 0 0 255
P 154 91 0 0 255
P 155 91 0 0 255
P 156 91 0 0 255
P 157 91 0 0 255
P 158 91 0 0 255
P 159 91 0 0 255
P 160 91 0 0 255
P 161 91 0 0 255
P 162 91 0 0 255
P 163 91 0 0 255
P 164 91 0 0 255
P 165 91 0 0 255
P 166 91 0 0 255
P 167 91 0 0 255
P 168 91 0 0 255
P 169 91 0 0 255
P 170 91 0 0 255
P 171 91 0 0 255
P 172 91 0 0 255
P 173 91 0 0 255
P 174 91 0 0 255
P 175 91 0 0 255
P 176 91 0 0 255
P 177 91 0 0 255
P 178 91 0 0 255
P 179 91 0 0 255
P 180 91 0 0 255
P 181 91 0 0 255
P 182 91 0 0 255
P 183 91 0 0 255
P 122 92 0 0 255
P 123 92 0 0 255
P 124 92 0 0 255
P 125 92 0 0 255
P 126 92 0 0 255
P 127 92 0 0 255
P 128 92 0 0 255
P 129 92 0 0 255
P 130 92 0 0 255
P 131 92 0 0 255
P 132 92 0 0 255
P 133 92 0 0 255
P 134 92 0 0 255
P 135 92 0 0 255
P 136 92 0 0 255
P 137 92 0 0 255
P 138 92 0 0 255
P 139 92 0 0 255
P 140 92 0 0 255
P 141 92 0 0 255
P 142 92 0 0 255
P 143 92 0 0 255
P 144 92 0 0 255
P 145 92 0 0 255
P 146 92 0 0 255
P 147 92 0 0 255
P 148 92 0 0 255
P 149 92 0 0 255
P 150 92 0 0 255
P 151 92 0 0 255
P 152 92 0 0 255
P 153 92 0 0 255
P 154 92 0 0 255
P 155 92 0 0 255
P 156 92 0 0 255
P 157 92 0 0 255
P 158 92 0 0 255
P 159 92 0 0 255
P 160 92 0 0 255
P 161 92 0 0 255
P 162 92 0 0 255
P 163 92 0 0 255
P 164 92 0 0 255
P 165 92 0 0 255
P 166 92 0 0 255
P 167 92 0 0 255
P 168 92 0 0 255
P 169 92 0 0 255
P 170 92 0 0 255
P 171 92 0 0 255
P 172 92 0 0 255
P 173 92 0 0 255
P 174 92 0 0 255
P 175 92 0 0 255
P 176 92 0 0 255
P 177 92 0 0 255
P 178 92 0 0 255
P 179 92 0 0 255
P 180 92 0 0 255
P 181 92 0 0 255
P 182 92 0 0 255
P 122 93 0 0 255
P 123 93 0 0 255
P 124 93 0 0 255
P 125 93 0 0 255
P 126 93 0 0 255
P 127 93 0 0 255
P 128 93 0 0 255
P 129 93 0 0 255
P 130 93 0 0 255
P 131 93 0 0 255
P 132 93 0 0 255
P 133 93 0 0 255
P 134 93 0 0 255
P 135 93 0 0 255
P 136 93 0 0 255
P 137 93 0 0 255
P 138 93 0 0 255
P 139 93 0 0 255
P 140 93 0 0 255
P 141 93 0 0 255
P 142 93 0 0 255
P 143 93 0 0 255
P 144 93 0 0 255
P 145 93 0 0 255
P 146 93 0 0 255
P 147 93 0 0 255
P 148 93 0 0 255
P 149 93 0 0 255
P 150 93 0 0 255
P 151 93 0 0 255
P 152 93 0 0 255
P 153 93 0 0 255
P 154 93 0 0 255
P 155 93 0 0 255
P 156 93 0 0 255
P 157 93 0 0 255
P 158 93 0 0 255
P 159 93 0 0 255
P 160 93 0 0 255
P 161 93 0 0 255
P 162 93 0 0 255
P 163 93 0 0 255
P 164 93 0 0 255
P 165 93 0 0 255
P 166 93 0 0 255
P 167 93 0 0 255
P 168 93 0 0 255
P 169 93 0 0 255
P 170 93 0 0 255
P 171 93 0 0 255
P 172 93 0 0 255
P 173 93 0 0 255
P 174 93 0 0 255
P 175 93 0 0 255
P 176 93 0 0 255
P 177 93 0 0 255
P 178 93 0 0 255
P 179 93 0 0 255
P 180 93 0 0 255
P 181 93 0 0 255
P 182 93 0 0 255
P 122 94 0 0 255
P 123 94 0 0 255
P 124 94 0 0 255
P 125 94 0 0 255
P 126 94 0 0 255
P 127 94 0 0 255
P 128 94 0 0 255
P 129 94 0 0 255
P 130 94 0 0 255
P 131 94 0 0 255
P 132 94 0 0 255
P 133 94 0 0 255
P 134 94 0 0 255
P 135 94 0 0 255
P 136 94 0 0 255
P 137 94 0 0 255
P 138 94 0 0 255
P 139 94 0 0 255
P 140 94 0 0 255
P 141 94 0 0 255
P 142 94 0 0 255
P 143 94 0 0 255
P 144 94 0 0 255
P 145 94 0 0 255
P 146 94 0 0 255
P 147 94 0 0 255
P 148 94 0 0 255
P 149 94 0 0 255
P 150 94 0 0 255
P 151 94 0 0 255
P 152 94 0 0 255
P 153 94 0 0 255
P 154 94 0 0 255
P 155 94 0 0 255
P 156 94 0 0 255
P 157 94 0 0 255
P 158 94 0 0 255
P 159 94 0 0 255
P 160 94 0 0 255
P 161 94 0 0 255
P 162 94 0 0 255
P 163 94 0 0 255
P 164 94 0 0 255
P 165 94 0 0 255
P 166 94 0 0 255
P 167 94 0 0 255
P 168 94 0 0 255
P 169 94 0 0 255
P 170 94 0 0 255
P 171 94 0 0 255
P 172 94 0 0 255
P 173 94 0 0 255
P 174 94 0 0 255
P 175 94 0 0 255
P 176 94 0 0 255
P 177 94 0 0 255
P 178 94 0 0 255
P 179 94 0 0 255
P 180 94 0 0 255
P 181 94 0 0 255
P 123 95 0 0 255
P 124 95 0 0 255
P 125 95 0 0 255
P 126 95 0 0 255
P 127 95 0 0 255
P 128 95 0 0 255
P 129 95 0 0 255
P 130 95 0 0 255
P 131 95 0 0 255
P 132 95 0 0 255
P 133 95 0 0 255
P 134 95 0 0 255
P 135 95 0 0 255
P 136 95 0 0 255
P 137 95 0 0 255
P 138 95 0 0 255
P 139 95 0 0 255
P 140 95 0 0 255
P 141 95 0 0 255
P 142 95 0 0 255
P 143 95 0 0 255
P 144 95 0 0 255
P 145 95 0 0 255
P 146 95 0 0 255
P 147 95 0 0 255
P 148 95 0 0 255
P 149 95 0 0 255
P 150 95 0 0 255
P 151 95 0 0 255
P 152 95 0 0 255
P 153 95 0 0 255
P 154 95 0 0 255
P 155 95 0 0 255
P 156 95 0 0 255
P 157 95 0 0 255
P 158 95 0 0 255
P 159 95 0 0 255
P 160 95 0 0 255
P 161 95 0 0 255
P 162 95 0 0 255
P 163 95 0 0 255
P 164 95 0 0 255
P 165 95 0 0 255
P 166 95 0 0 255
P 167 95 0 0 255
P 168 95 0 0 255
P 169 95 0 0 255
P 170 95 0 0 255
P 171 95 0 0 255
P 172 95 0 0 255
P 173 95 0 0 255
P 174 95 0 0 255
P 175 95 0 0 255
P 176 95 0 0 255
P 177 95 0 0 255
P 178 95 0 0 255
P 179 95 0 0 255
P 180 95 0 0 255
P 181 95 0 0 255
P 123 96 0 0 255
P 124 96 0 0 255
P 125 96 0 0 255
P 126 96 0 0 255
P 127 96 0 0 255
P 128 96 0 0 255
P 129 96 0 0 255
P 130 96 0 0 255
P 131 96 0 0 255
P 132 96 0 0 255
P 133 96 0 0 255
P 134 96 0 0 255
P 135 96 0 0 255
P 136 96 0 0 255
P 137 96 0 0 255
P 138 96 0 0 255
P 139 96 0 0 255
P 140 96 0 0 255
P 141 96 0 0 255
P 142 96 0 0 255
P 143 96 0 0 255
P 144 96 0 0 255
P 145 96 0 0 255
P 146 96 0 0 255
P 147 96 0 0 255
P 148 96 0 0 255
P 149 96 0 0 255
P 150 96 0 0 255
P 151 96 0 0 255
P 152 96 0 0 255
P 153 96 0 0 255
P 154 96 0 0 255
P 155 96 0 0 255
P 156 96 0 0 255
P 157 96 0 0 255
P 158 96 0 0 255
P 159 96 0 0 255
P 160 96 0 0 255
P 161 96 0 0 255
P 162 96 0 0 255
P 163 96 0 0 255
P 164 96 0 0 255
P 165 96 0 0 255
P 166 96 0 0 255
P 167 96 0 0 255
P 168 96 0 0 255
P 169 96 0 0 255
P 170 96 0 0 255
P 171 96 0 0 255
P 172 96 0 0 255
P 173 96 0 0 255
P 174 96 0 0 255
P 175 96 0 0 255
P 176 96 0 0 255
P 177 96 0 0 255
P 178 96 0 0 255
P 179 96 0 0 255
P 180 96 0 0 255
P 123 97 0 0 255
P 124 97 0 0 255
P 125 97 0 0 255
P 126 97 0 0 255
P 127 97 0 0 255
P 128 97 0 0 255
P 129 97 0 0 255
P 130 97 0 0 255
P 131 97 0 0 255
P 132 97 0 0 255
P 133 97 0 0 255
P 134 97 0 0 255
P 135 97 0 0 255
P 136 97 0 0 255
P 137 97 0 0 255
P 138 97 0 0 255
P 139 97 0 0 255
P 140 97 0 0 255
P 141 97 0 0 255
P 142 97 0 0 255
P 143 97 0 0 255
P 144 97 0 0 255
P 145 97 0 0 255
P 146 97 0 0 255
P 147 97 0 0 255
P 148 97 0 0 255
P 149 97 0 0 255
P 150 97 0 0 255
P 151 97 0 0 255
P 152 97 0 0 255
P 153 97 0 0 255
P 154 97 0 0 255
P 155 97 0 0 255
P 156 97 0 0 255
P 157 97 0 0 255
P 158 97 0 0 255
P 159 97 0 0 255
P 160 97 0 0 255
P 161 97 0 0 255
P 162 97 0 0 255
P 163 97 0 0 255
P 164 97 0 0 255
P 165 97 0 0 255
P 166 97 0 0 255
P 167 97 0 0 255
P 168 97 0 0 255
P 169 97 0 0 255
P 170 97 0 0 255
P 171 97 0 0 255
P 172 97 0 0 255
P 173 97 0 0 255
P 174 97 0 0 255
P 175 97 0 0 255
P 176 97 0 0 255
P 177 97 0 0 255
P 178 97 0 0 255
P 179 97 0 0 255
P 180 97 0 0 255
P 123 98 0 0 255
P 124 98 0 0 255
P 125 98 0 0 255
P 126 98 0 0 255
P 127 98 0 0 255
P 128 98 0 0 255
P 129 98 0 0 255
P 130 98 0 0 255
P 131 98 0 0 255
P 132 98 0 0 255
P 133 98 0 0 255
P 134 98 0 0 255
P 135 98 0 0 255
P 136 98 0 0 255
P 137 98 0 0 255
P 138 98 0 0 255
P 139 98 0 0 255
P 140 98 0 0 255
P 141 98 0 0 255
P 142 98 0 0 255
P 143 98 0 0 255
P 144 98 0 0 255
P 145 98 0 0 255
P 146 98 0 0 255
P 147 98 0 0 255
P 148 98 0 0 255
P 149 98 0 0 255
P 150 98 0 0 255
P 151 98 0 0 255
P 152 98 0 0 255
P 153 98 0 0 255
P 154 98 0 0 255
P 155 98 0 0 255
P 156 98 0 0 255
P 157 98 0 0 255
P 158 98 0 0 255
P 159 98 0 0 255
P 160 98 0 0 255
P 161 98 0 0 255
P 162 98 0 0 255
P 163 98 0 0 255
P 164 98 0 0 255
P 165 98 0 0 255
P 166 98 0 0 255
P 167 98 0 0 255
P 168 98 0 0 255
P 169 98 0 0 255
P 170 98 0 0 255
P 171 98 0 0 255
P 172 98 0 0 255
P 173 98 0 0 255
P 174 98 0 0 255
P 175 98 0 0 255
P 176 98 0 0 255
P 177 98 0 0 255
P 178 98 0 0 255
P 179 98 0 0 255
P 123 99 0 0 255
P 124 99 0 0 255
P 125 99 0 0 255
P 126 99 0 0 255
P 127 99 0 0 255
P 128 99 0 0 255
P 129 99 0 0 255
P 130 99 0 0 255
P 131 99 0 0 255
P 132 99 0 0 255
P 133 99 0 0 255
P 134 99 0 0 255
P 135 99 0 0 255
P 136 99 0 0 255
P 137 99 0 0 255
P 138 99 0 0 255
P 139 99 0 0 255
P 140 99 0 0 255
P 141 99 0 0 255
P 142 99 0 0 255
P 143 99 0 0 255
P 144 99 0 0 255
P 145 99 0 0 255
P 146 99 0 0 255
P 147 99 0 0 255
P 148 99 0 0 255
P 149 99 0 0 255
P 150 99 0 0 255
P 151 99 0 0 255
P 152 99 0 0 255
P 153 99 0 0 255
P 154 99 0 0 255
P 155 99 0 0 255
P 156 99 0 0 255
P 157 99 0 0 255
P 158 99 0 0 255
P 159 99 0 0 255
P 160 99 0 0 255
P 161 99 0 0 255
P 162 99 0 0 255
P 163 99 0 0 255
P 164 99 0 0 255
P 165 99 0 0 255
P 166 99 0 0 255
P 167 99 0 0 255
P 168 99 0 0 255
P 169 99 0 0 255
P 170 99 0 0 255
P 171 99 0 0 255
P 172 99 0 0 255
P 173 99 0 0 255
P 174 99 0 0 255
P 175 99 0 0 255
P 176 99 0 0 255
P 177 99 0 0 255
P 178 99 0 0 255
P 123 100 0 0 255
P 124 100 0 0 255
P 125 100 0 0 255
P 126 100 0 0 255
P 127 100 0 0 255
P 128 100 0 0 255
P 129 100 0 0 255
P 130 100 0 0 255
P 131 100 0 0 255
P 132 100 0 0 255
P 133 100 0 0 255
P 134 100 0 0 255
P 135 100 0 0 255
P 136 100 0 0 255
P 137 100 0 0 255
P 138 100 0 0 255
P 139 100 0 0 255
P 140 100 0 0 255
P 141 100 0 0 255
P 142 100 0 0 255
P 143 100 0 0 255
P 144 100 0 0 255
P 145 100 0 0 255
P 146 100 0 0 255
P 147 100 0 0 255
P 148 100 0 0 255
P 149 100 0 0 255
P 150 100 0 0 255
P 151 100 0 0 255
P 152 100 0 0 255
P 153 100 0 0 255
P 154 100 0 0 255
P 155 100 0 0 255
P 156 100 0 0 255
P 157 100 0 0 255
P 158 100 0 0 255
P 159 100 0 0 255
P 160 100 0 0 255
P 161 100 0 0 255
P 162 100 0 0 255
P 163 100 0 0 255
P 164 100 0 0 255
P 165 100 0 0 255
P 166 100 0 0 255
P 167 100 0 0 255
P 168 100 0 0 255
P 169 100 0 0 255
P 170 100 0 0 255
P 171 100 0 0 255
P 172 100 0 0 255
P 173 100 0 0 255
P 174 100 0 0 255
P 175 100 0 0 255
P 176 100 0 0 255
P 177 100 0 0 255
P 178 100 0 0 255
P 123 101 0 0 255
P 124 101 0 0 255
P 125 101 0 0 255
P 126 101 0 0 255
P 127 101 0 0 255
P 128 101 0 0 255
P 129 101 0 0 255
P 130 101 0 0 255
P 131 101 0 0 255
P 132 101 0 0 255
P 133 101 0 0 255
P 134 101 0 0 255
P 135 101 0 0 255
P 136 101 0 0 255
P 137 101 0 0 255
P 138 101 0 0 255
P 139 101 0 0 255
P 140 101 0 0 255
P 141 101 0 0 255
P 142 101 0 0 255
P 143 101 0 0 255
P 144 101 0 0 255
P 145 101 0 0 255
P 146 101 0 0 255
P 147 101 0 0 255
P 148 101 0 0 255
P 149 101 0 0 255
P 150 101 0 0 255
P 151 101 0 0 255
P 152 101 0 0 255
P 153 101 0 0 255
P 154 101 0 0 255
P 155 101 0 0 255
P 156 101 0 0 255
P 157 101 0 0 255
P 158 101 0 0 255
P 159 101 0 0 255
P 160 101 0 0 255
P 161 101 0 0 255
P 162 101 0 0 255
P 163 101 0 0 255
P 164 101 0 0 255
P 165 101 0 0 255
P 166 101 0 0 255
P 167 101 0 0 255
P 168 101 0 0 255
P 169 101 0 0 255
P 170 101 0 0 255
P 171 101 0 0 255
P 172 101 0 0 255
P 173 101 0 0 255
P 174 101 0 0 255
P 175 101 0 0 255
P 176 101 0 0 255
P 177 101 0 0 255
P 123 102 0 0 255
P 124 102 0 0 255
P 125 102 0 0 255
P 126 102 0 0 255
P 127 102 0 0 255
P 128 102 0 0 255
P 129 102 0 0 255
P 130 102 0 0 255
P 131 102 0 0 255
P 132 102 0 0 255
P 133 102 0 0 255
P 134 102 0 0 255
P 135 102 0 0 255
P 136 102 0 0 255
P 137 102 0 0 255
P 138 102 0 0 255
P 139 102 0 0 255
P 140 102 0 0 255
P 141 102 0 0 255
P 142 102 0 0 255
P 143 102 0 0 255
P 144 102 0 0 255
P 145 102 0 0 255
P 146 102 0 0 255
P 147 102 0 0 255
P 148 102 0 0 255
P 149 102 0 0 255
P 150 102 0 0 255
P 151 102 0 0 255
P 152 102 0 0 255
P 153 102 0 0 255
P 154 102 0 0 255
P 155 102 0 0 255
P 156 102 0 0 255
P 157 102 0 0 255
P 158 102 0 0 255
P 159 102 0 0 255
P 160 102 0 0 255
P 161 102 0 0 255
P 162 102 0 0 255
P 163 102 0 0 255
P 164 102 0 0 255
P 165 102 0 0 255
P 166 102 0 0 255
P 167 102 0 0 255
P 168 102 0 0 255
P 169 102 0 0 255
P 170 102 0 0 255
P 171 102 0 0 255
P 172 102 0 0 255
P 173 102 0 0 255
P 174 102 0 0 255
P 175 102 0 0 255
P 176 102 0 0 255
P 177 102 0 0 255
P 123 103 0 0 255
P 124 103 0 0 255
P 125 103 0 0 255
P 126 103 0 0 255
P 127 103 0 0 255
P 128 103 0 0 255
P 129 103 0 0 255
P 130 103 0 0 255
P 131 103 0 0 255
P 132 103 0 0 255
P 133 103 0 0 255
P 134 103 0 0 255
P 135 103 0 0 255
P 136 103 0 0 255
P 137 103 0 0 255
P 138 103 0 0 255
P 139 103 0 0 255
P 140 103 0 0 255
P 141 103 0 0 255
P 142 103 0 0 255
P 143 103 0 0 255
P 144 103 0 0 255
P 145 103 0 0 255
P 146 103 0 0 255
P 147 103 0 0 255
P 148 103 0 0 255
P 149 103 0 0 255
P 150 103 0 0 255
P 151 103 0 0 255
P 152 103 0 0 255
P 153 103 0 0 255
P 154 103 0 0 255
P 155 103 0 0 255
P 156 103 0 0 255
P 157 103 0 0 255
P 158 103 0 0 255
P 159 103 0 0 255
P 160 103 0 0 255
P 161 103 0 0 255
P 162 103 0 0 255
P 163 103 0 0 255
P 164 103 0 0 255
P 165 103 0 0 255
P 166 103 0 0 255
P 167 103 0 0 255
P 168 103 0 0 255
P 169 103 0 0 255
P 170 103 0 0 255
P 171 103 0 0 255
P 172 103 0 0 255
P 173 103 0 0 255
P 174 103 0 0 255
P 175 103 0 0 255
P 176 103 0 0 255
P 123 104 0 0 255
P 124 104 0 0 255
P 125 104 0 0 255
P 126 104 0 0 255
P 127 104 0 0 255
P 128 104 0 0 255
P 129 104 0 0 255
P 130 104 0 0 255
P 131 104 0 0 255
P 132 104 0 0 255
P 133 104 0 0 255
P 134 104 0 0 255
P 135 104 0 0 255
P 136 104 0 0 255
P 137 104 0 0 255
P 138 104 0 0 255
P 139 104 0 0 255
P 140 104 0 0 255
P 141 104 0 0 255
P 142 104 0 0 255
P 143 104 0 0 255
P 144 104 0 0 255
P 145 104 0 0 255
P 146 104 0 0 255
P 147 104 0 0 255
P 148 104 0 0 255
P 149 104 0 0 255
P 150 104 0 0 255
P 151 104 0 0 255
P 152 104 0 0 255
P 153 104 0 0 255
P 154 104 0 0 255
P 155 104 0 0 255
P 156 104 0 0 255
P 157 104 0 0 255
P 158 104 0 0 255
P 159 104 0 0 255
P 160 104 0 0 255
P 161 104 0 0 255
P 162 104 0 0 255
P 163 104 0 0 255
P 164 104 0 0 255
P 165 104 0 0 255
P 166 104 0 0 255
P 167 104 0 0 255
P 168 104 0 0 255
P 169 104 0 0 255
P 170 104 0 0 255
P 171 104 0 0 255
P 172 104 0 0 255
P 173 104 0 0 255
P 174 104 0 0 255
P 175 104 0 0 255
P 123 105 0 0 255
P 124 105 0 0 255
P 125 105 0 0 255
P 126 105 0 0 255
P 127 105 0 0 255
P 128 105 0 0 255
P 129 105 0 0 255
P 130 105 0 0 255
P 131 105 0 0 255
P 132 105 0 0 255
P 133 105 0 0 255
P 134 105 0 0 255
P 135 105 0 0 255
P 136 105 0 0 255
P 137 105 0 0 255
P 138 105 0 0 255
P 139 105 0 0 255
P 140 105 0 0 255
P 141 105 0 0 255
P 142 105 0 0 255
P 143 105 0 0 255
P 144 105 0 0 255
P 145 105 0 0 255
P 146 105 0 0 255
P 147 105 0 0 255
P 148 105 0 0 255
P 149 105 0 0 255
P 150 105 0 0 255
P 151 105 0 0 255
P 152 105 0 0 255
P 153 105 0 0 255
P 154 105 0 0 255
P 155 105 0 0 255
P 156 105 0 0 255
P 157 105 0 0 255
P 158 105 0 0 255
P 159 105 0 0 255
P 160 105 0 0 255
P 161 105 0 0 255
P 162 105 0 0 255
P 163 105 0 0 255
P 164 105 0 0 255
P 165 105 0 0 255
P 166 105 0 0 255
P 167 105 0 0 255
P 168 105 0 0 255
P 169 105 0 0 255
P 170 105 0 0 255
P 171 105 0 0 255
P 172 105 0 0 255
P 173 105 0 0 255
P 174 105 0 0 255
P 175 105 0 0 255
P 123 106 0 0 255
P 124 106 0 0 255
P 125 106 0 0 255
P 126 106 0 0 255
P 127 106 0 0 255
P 128 106 0 0 255
P 129 106 0 0 255
P 130 106 0 0 255
P 131 106 0 0 255
P 132 106 0 0 255
P 133 106 0 0 255
P 134 106 0 0 255
P 135 106 0 0 255
P 136 106 0 0 255
P 137 106 0 0 255
P 138 106 0 0 255
P 139 106 0 0 255
P 140 106 0 0 255
P 141 106 0 0 255
P 142 106 0 0 255
P 143 106 0 0 255
P 144 106 0 0 255
P 145 106 0 0 255
P 146 106 0 0 255
P 147 106 0 0 255
P 148 106 0 0 255
P 149 106 0 0 255
P 150 106 0 0 255
P 151 106 0 0 255
P 152 106 0 0 255
P 153 106 0 0 255
P 154 106 0 0 255
P 155 106 0 0 255
P 156 106 0 0 255
P 157 106 0 0 255
P 158 106 0 0 255
P 159 106 0 0 255
P 160 106 0 0 255
P 161 106 0 0 255
P 162 106 0 0 255
P 163 106 0 0 255
P 164 106 0 0 255
P 165 106 0 0 255
P 166 106 0 0 255
P 167 106 0 0 255
P 168 106 0 0 255
P 169 106 0 0 255
P 170 106 0 0 255
P 171 106 0 0 255
P 172 106 0 0 255
P 173 106 0 0 255
P 174 106 0 0 255
P 123 107 0 0 255
P 124 107 0 0 255
P 125 107 0 0 255
P 126 107 0 0 255
P 127 107 0 0 255
P 128 107 0 0 255
P 129 107 0 0 255
P 130 107 0 0 255
P 131 107 0 0 255
P 132 107 0 0 255
P 133 107 0 0 255
P 134 107 0 0 255
P 135 107 0 0 255
P 136 107 0 0 255
P 137 107 0 0 255
P 138 107 0 0 255
P 139 107 0 0 255
P 140 107 0 0 255
P 141 107 0 0 255
P 142 107 0 0 255
P 143 107 0 0 255
P 144 107 0 0 255
P 145 107 0 0 255
P 146 107 0 0 255
P 147 107 0 0 255
P 148 107 0 0 255
P 149 107 0 0 255
P 150 107 0 0 255
P 151 107 0 0 255
P 152 107 0 0 255
P 153 107 0 0 255
P 154 107 0 0 255
P 155 107 0 0 255
P 156 107 0 0 255
P 157 107 0 0 255
P 158 107 0 0 255
P 159 107 0 0 255
P 160 107 0 0 255
P 161 107 0 0 255
P 162 107 0 0 255
P 163 107 0 0 255
P 164 107 0 0 255
P 165 107 0 0 255
P 166 107 0 0 255
P 167 107 0 0 255
P 168 107 0 0 255
P 169 107 0 0 255
P 170 107 0 0 255
P 171 107 0 0 255
P 172 107 0 0 255
P 173 107 0 0 255
P 174 107 0 0 255
P 123 108 0 0 255
P 124 108 0 0 255
P 125 108 0 0 255
P 126 108 0 0 255
P 127 108 0 0 255
P 128 108 0 0 255
P 129 108 0 0 255
P 130 108 0 0 255
P 131 108 0 0 255
P 132 108 0 0 255
P 133 108 0 0 255
P 134 108 0 0 255
P 135 108 0 0 255
P 136 108 0 0 255
P 137 108 0 0 255
P 138 108 0 0 255
P 139 108 0 0 255
P 140 108 0 0 255
P 141 108 0 0 255
P 142 108 0 0 255
P 143 108 0 0 255
P 144 108 0 0 255
P 145 108 0 0 255
P 146 108 0 0 255
P 147 108 0 0 255
P 148 108 0 0 255
P 149 108 0 0 255
P 150 108 0 0 255
P 151 108 0 0 255
P 152 108 0 0 255
P 153 108 0 0 255
P 154 108 0 0 255
P 155 108 0 0 255
P 156 108 0 0 255
P 157 108 0 0 255
P 158 108 0 0 255
P 159 108 0 0 255
P 160 108 0 0 255
P 161 108 0 0 255
P 162 108 0 0 255
P 163 108 0 0 255
P 164 108 0 0 255
P 165 108 0 0 255
P 166 108 0 0 255
P 167 108 0 0 255
P 168 108 0 0 255
P 169 108 0 0 255
P 170 108 0 0 255
P 171 108 0 0 255
P 172 108 0 0 255
P 173 108 0 0 255
P 123 109 0 0 255
P 124 109 0 0 255
P 125 109 0 0 255
P 126 109 0 0 255
P 127 109 0 0 255
P 128 109 0 0 255
P 129 109 0 0 255
P 130 109 0 0 255
P 131 109 0 0 255
P 132 109 0 0 255
P 133 109 0 0 255
P 134 109 0 0 255
P 135 109 0 0 255
P 136 109 0 0 255
P 137 109 0 0 255
P 138 109 0 0 255
P 139 109 0 0 255
P 140 109 0 0 255
P 141 109 0 0 255
P 142 109 0 0 255
P 143 109 0 0 255
P 144 109 0 0 255
P 145 109 0 0 255
P 146 109 0 0 255
P 147 109 0 0 255
P 148 109 0 0 255
P 149 109 0 0 255
P 150 109 0 0 255
P 151 109 0 0 255
P 152 109 0 0 255
P 153 109 0 0 255
P 154 109 0 0 255
P 155 109 0 0 255
P 156 109 0 0 255
P 157 109 0 0 255
P 158 109 0 0 255
P 159 109 0 0 255
P 160 109 0 0 255
P 161 109 0 0 255
P 162 109 0 0 255
P 163 109 0 0 255
P 164 109 0 0 255
P 165 109 0 0 255
P 166 109 0 0 255
P 167 109 0 0 255
P 168 109 0 0 255
P 169 109 0 0 255
P 170 109 0 0 255
P 171 109 0 0 255
P 172 109 0 0 255
P 173 109 0 0 255
P 123 110 0 0 255
P 124 110 0 0 255
P 125 110 0 0 255
P 126 110 0 0 255
P 127 110 0 0 255
P 128 110 0 0 255
P 129 110 0 0 255
P 130 110 0 0 255
P 131 110 0 0 255
P 132 110 0 0 255
P 133 110 0 0 255
P 134 110 0 0 255
P 135 110 0 0 255
P 136 110 0 0 255
P 137 110 0 0 255
P 138 110 0 0 255
P 139 110 0 0 255
P 140 110 0 0 255
P 141 110 0 0 255
P 142 110 0 0 255
P 143 110 0 0 255
P 144 110 0 0 255
P 145 110 0 0 255
P 146 110 0 0 255
P 147 110 0 0 255
P 148 110 0 0 255
P 149 110 0 0 255
P 150 110 0 0 255
P 151 110 0 0 255
P 152 110 0 0 255
P 153 110 0 0 255
P 154 110 0 0 255
P 155 110 0 0 255
P 156 110 0 0 255
P 157 110 0 0 255
P 158 110 0 0 255
P 159 110 0 0 255
P 160 110 0 0 255
P 161 110 0 0 255
P 162 110 0 0 255
P 163 110 0 0 255
P 164 110 0 0 255
P 165 110 0 0 255
P 166 110 0 0 255
P 167 110 0 0 255
P 168 110 0 0 255
P 169 110 0 0 255
P 170 110 0 0 255
P 171 110 0 0 255
P 172 110 0 0 255
P 123 111 0 0 255
P 124 111 0 0 255
P 125 111 0 0 255
P 126 111 0 0 255
P 127 111 0 0 255
P 128 111 0 0 255
P 129 111 0 0 255
P 130 111 0 0 255
P 131 111 0 0 255
P 132 111 0 0 255
P 133 111 0 0 255
P 134 111 0 0 255
P 135 111 0 0 255
P 136 111 0 0 255
P 137 111 0 0 255
P 138 111 0 0 255
P 139 111 0 0 255
P 140 111 0 0 255
P 141 111 0 0 255
P 142 111 0 0 255
P 143 111 0 0 255
P 144 111 0 0 255
P 145 111 0 0 255
P 146 111 0 0 255
P 147 111 0 0 255
P 148 111 0 0 255
P 149 111 0 0 255
P 150 111 0 0 255
P 151 111 0 0 255
P 152 111 0 0 255
P 153 111 0 0 255
P 154 111 0 0 255
P 155 111 0 0 255
P 156 111 0 0 255
P 157 111 0 0 255
P 158 111 0 0 255
P 159 111 0 0 255
P 160 111 0 0 255
P 161 111 0 0 255
P 162 111 0 0 255
P 163 111 0 0 255
P 164 111 0 0 255
P 165 111 0 0 255
P 166 111 0 0 255
P 167 111 0 0 255
P 168 111 0 0 255
P 169 111 0 0 255
P 170 111 0 0 255
P 171 111 0 0 255
P 124 112 0 0 255
P 125 112 0 0 255
P 126 112 0 0 255
P 127 112 0 0 255
P 128 112 0 0 255
P 129 112 0 0 255
P 130 112 0 0 255
P 131 112 0 0 255
P 132 112 0 0 255
P 133 112 0 0 255
P 134 112 0 0 255
P 135 112 0 0 255
P 136 112 0 0 255
P 137 112 0 0 255
P 138 112 0 0 255
P 139 112 0 0 255
P 140 112 0 0 255
P 141 112 0 0 255
P 142 112 0 0 255
P 143 112 0 0 255
P 144 112 0 0 255
P 145 112 0 0 255
P 146 112 0 0 255
P 147 112 0 0 255
P 148 112 0 0 255
P 149 112 0 0 255
P 150 112 0 0 255
P 151 112 0 0 255
P 152 112 0 0 255
P 153 112 0 0 255
P 154 112 0 0 255
P 155 112 0 0 255
P 156 112 0 0 255
P 157 112 0 0 255
P 158 112 0 0 255
P 159 112 0 0 255
P 160 112 0 0 255
P 161 112 0 0 255
P 162 112 0 0 255
P 163 112 0 0 255
P 164 112 0 0 255
P 165 112 0 0 255
P 166 112 0 0 255
P 167 112 0 0 255
P 168 112 0 0 255
P 169 112 0 0 255
P 170 112 0 0 255
P 171 112 0 0 255
P 124 113 0 0 255
P 125 113 0 0 255
P 126 113 0 0 255
P 127 113 0 0 255
P 128 113 0 0 255
P 129 113 0 0 255
P 130 113 0 0 255
P 131 113 0 0 255
P 132 113 0 0 255
P 133 113 0 0 255
P 134 113 0 0 255
P 135 113 0 0 255
P 136 113 0 0 255
P 137 113 0 0 255
P 138 113 0 0 255
P 139 113 0 0 255
P 140 113 0 0 255
P 141 113 0 0 255
P 142 113 0 0 255
P 143 113 0 0 255
P 144 113 0 0 255
P 145 113 0 0 255
P 146 113 0 0 255
P 147 113 0 0 255
P 148 113 0 0 255
P 149 113 0 0 255
P 150 113 0 0 255
P 151 113 0 0 255
P 152 113 0 0 255
P 153 113 0 0 255
P 154 113 0 0 255
P 155 113 0 0 255
P 156 113 0 0 255
P 157 113 0 0 255
P 158 113 0 0 255
P 159 113 0 0 255
P 160 113 0 0 255
P 161 113 0 0 255
P 162 113 0 0 255
P 163 113 0 0 255
P 164 113 0 0 255
P 165 113 0 0 255
P 166 113 0 0 255
P 167 113 0 0 255
P 168 113 0 0 255
P 169 113 0 0 255
P 170 113 0 0 255
P 124 114 0 0 255
P 125 114 0 0 255
P 126 114 0 0 255
P 127 114 0 0 255
P 128 114 0 0 255
P 129 114 0 0 255
P 130 114 0 0 255
P 131 114 0 0 255
P 132 114 0 0 255
P 133 114 0 0 255
P 134 114 0 0 255
P 135 114 0 0 255
P 136 114 0 0 255
P 137 114 0 0 255
P 138 114 0 0 255
P 139 114 0 0 255
P 140 114 0 0 255
P 141 114 0 0 255
P 142 114 0 0 255
P 143 114 0 0 255
P 144 114 0 0 255
P 145 114 0 0 255
P 146 114 0 0 255
P 147 114 0 0 255
P 148 114 0 0 255
P 149 114 0 0 255
P 150 114 0 0 255
P 151 114 0 0 255
P 152 114 0 0 255
P 153 114 0 0 255
P 154 114 0 0 255
P 155 114 0 0 255
P 156 114 0 0 255
P 157 114 0 0 255
P 158 114 0 0 255
P 159 114 0 0 255
P 160 114 0 0 255
P 161 114 0 0 255
P 162 114 0 0 255
P 163 114 0 0 255
P 164 114 0 0 255
P 165 114 0 0 255
P 166 114 0 0 255
P 167 114 0 0 255
P 168 114 0 0 255
P 169 114 0 0 255
P 170 114 0 0 255
P 124 115 0 0 255
P 125 115 0 0 255
P 126 115 0 0 255
P 127 115 0 0 255
P 128 115 0 0 255
P 129 115 0 0 255
P 130 115 0 0 255
P 131 115 0 0 255
P 132 115 0 0 255
P 133 115 0 0 255
P 134 115 0 0 255
P 135 115 0 0 255
P 136 115 0 0 255
P 137 115 0 0 255
P 138 115 0 0 255
P 139 115 0 0 255
P 140 115 0 0 255
P 141 115 0 0 255
P 142 115 0 0 255
P 143 115 0 0 255
P 144 115 0 0 255
P 145 115 0 0 255
P 146 115 0 0 255
P 147 115 0 0 255
P 148 115 0 0 255
P 149 115 0 0 255
P 150 115 0 0 255
P 151 115 0 0 255
P 152 115 0 0 255
P 153 115 0 0 255
P 154 115 0 0 255
P 155 115 0 0 255
P 156 115 0 0 255
P 157 115 0 0 255
P 158 115 0 0 255
P 159 115 0 0 255
P 160 115 0 0 255
P 161 115 0 0 255
P 162 115 0 0 255
P 163 115 0 0 255
P 164 115 0 0 255
P 165 115 0 0 255
P 166 115 0 0 255
P 167 115 0 0 255
P 168 115 0 0 255
P 169 115 0 0 255
P 124 116 0 0 255
P 125 116 0 0 255
P 126 116 0 0 255
P 127 116 0 0 255
P 128 116 0 0 255
P 129 116 0 0 255
P 130 116 0 0 255
P 131 116 0 0 255
P 132 116 0 0 255
P 133 116 0 0 255
P 134 116 0 0 255
P 135 116 0 0 255
P 136 116 0 0 255
P 137 116 0 0 255
P 138 116 0 0 255
P 139 116 0 0 255
P 140 116 0 0 255
P 141 116 0 0 255
P 142 116 0 0 255
P 143 116 0 0 255
P 144 116 0 0 255
P 145 116 0 0 255
P 146 116 0 0 255
P 147 116 0 0 255
P 148 116 0 0 255
P 149 116 0 0 255
P 150 116 0 0 255
P 151 116 0 0 255
P 152 116 0 0 255
P 153 116 0 0 255
P 154 116 0 0 255
P 155 116 0 0 255
P 156 116 0 0 255
P 157 116 0 0 255
P 158 116 0 0 255
P 159 116 0 0 255
P 160 116 0 0 255
P 161 116 0 0 255
P 162 116 0 0 255
P 163 116 0 0 255
P 164 116 0 0 255
P 165 116 0 0 255
P 166 116 0 0 255
P 167 116 0 0 255
P 168 116 0 0 255
P 169 116 0 0 255
P 124 117 0 0 255
P 125 117 0 0 255
P 126 117 0 0 255
P 127 117 0 0 255
P 128 117 0 0 255
P 129 117 0 0 255
P 130 117 0 0 255
P 131 117 0 0 255
P 132 117 0 0 255
P 133 117 0 0 255
P 134 117 0 0 255
P 135 117 0 0 255
P 136 117 0 0 255
P 137 117 0 0 255
P 138 117 0 0 255
P 139 117 0 0 255
P 140 117 0 0 255
P 141 117 0 0 255
P 142 117 0 0 255
P 143 117 0 0 255
P 144 117 0 0 255
P 145 117 0 0 255
P 146 117 0 0 255
P 147 117 0 0 255
P 148 117 0 0 255
P 149 117 0 0 255
P 150 117 0 0 255
P 151 117 0 0 255
P 152 117 0 0 255
P 153 117 0 0 255
P 154 117 0 0 255
P 155 117 0 0 255
P 156 117 0 0 255
P 157 117 0 0 255
P 158 117 0 0 255
P 159 117 0 0 255
P 160 117 0 0 255
P 161 117 0 0 255
P 162 117 0 0 255
P 163 117 0 0 255
P 164 117 0 0 255
P 165 117 0 0 255
P 166 117 0 0 255
P 167 117 0 0 255
P 168 117 0 0 255
P 124 118 0 0 255
P 125 118 0 0 255
P 126 118 0 0 255
P 127 118 0 0 255
P 128 118 0 0 255
P 129 118 0 0 255
P 130 118 0 0 255
P 131 118 0 0 255
P 132 118 0 0 255
P 133 118 0 0 255
P 134 118 0 0 255
P 135 118 0 0 255
P 136 118 0 0 255
P 137 118 0 0 255
P 138 118 0 0 255
P 139 118 0 0 255
P 140 118 0 0 255
P 141 118 0 0 255
P 142 118 0 0 255
P 143 118 0 0 255
P 144 118 0 0 255
P 145 118 0 0 255
P 146 118 0 0 255
P 147 118 0 0 255
P 148 118 0 0 255
P 149 118 0 0 255
P 150 118 0 0 255
P 151 118 0 0 255
P 152 118 0 0 255
P 153 118 0 0 255
P 154 118 0 0 255
P 155 118 0 0 255
P 156 118 0 0 255
P 157 118 0 0 255
P 158 118 0 0 255
P 159 118 0 0 255
P 160 118 0 0 255
P 161 118 0 0 255
P 162 118 0 0 255
P 163 118 0 0 255
P 164 118 0 0 255
P 165 118 0 0 255
P 166 118 0 0 255
P 167 118 0 0 255
P 124 119 0 0 255
P 125 119 0 0 255
P 126 119 0 0 255
P 127 119 0 0 255
P 128 119 0 0 255
P 129 119 0 0 255
P 130 119 0 0 255
P 131 119 0 0 255
P 132 119 0 0 255
P 133 119 0 0 255
P 134 119 0 0 255
P 135 119 0 0 255
P 136 119 0 0 255
P 137 119 0 0 255
P 138 119 0 0 255
P 139 119 0 0 255
P 140 119 0 0 255
P 141 119 0 0 255
P 142 119 0 0 255
P 143 119 0 0 255
P 144 119 0 0 255
P 145 119 0 0 255
P 146 119 0 0 255
P 147 119 0 0 255
P 148 119 0 0 255
P 149 119 0 0 255
P 150 119 0 0 255
P 151 119 0 0 255
P 152 119 0 0 255
P 153 119 0 0 255
P 154 119 0 0 255
P 155 119 0 0 255
P 156 119 0 0 255
P 157 119 0 0 255
P 158 119 0 0 255
P 159 119 0 0 255
P 160 119 0 0 255
P 161 119 0 0 255
P 162 119 0 0 255
P 163 119 0 0 255
P 164 119 0 0 255
P 165 119 0 0 255
P 166 119 0 0 255
P 167 119 0 0 255
P 124 120 0 0 255
P 125 120 0 0 255
P 126 120 0 0 255
P 127 120 0 0 255
P 128 120 0 0 255
P 129 120 0 0 255
P 130 120 0 0 255
P 131 120 0 0 255
P 132 120 0 0 255
P 133 120 0 0 255
P 134 120 0 0 255
P 135 120 0 0 255
P 136 120 0 0 255
P 137 120 0 0 255
P 138 120 0 0 255
P 139 120 0 0 255
P 140 120 0 0 255
P 141 120 0 0 255
P 142 120 0 0 255
P 143 120 0 0 255
P 144 120 0 0 255
P 145 120 0 0 255
P 146 120 0 0 255
P 147 120 0 0 255
P 148 120 0 0 255
P 149 120 0 0 255
P 150 120 0 0 255
P 151 120 0 0 255
P 152 120 0 0 255
P 153 120 0 0 255
P 154 120 0 0 255
P 155 120 0 0 255
P 156 120 0 0 255
P 157 120 0 0 255
P 158 120 0 0 255
P 159 120 0 0 255
P 160 120 0 0 255
P 161 120 0 0 255
P 162 120 0 0 255
P 163 120 0 0 255
P 164 120 0 0 255
P 165 120 0 0 255
P 166 120 0 0 255
P 124 121 0 0 255
P 125 121 0 0 255
P 126 121 0 0 255
P 127 121 0 0 255
P 128 121 0 0 255
P 129 121 0 0 255
P 130 121 0 0 255
P 131 121 0 0 255
P 132 121 0 0 255
P 133 121 0 0 255
P 134 121 0 0 255
P 135 121 0 0 255
P 136 121 0 0 255
P 137 121 0 0 255
P 138 121 0 0 255
P 139 121 0 0 255
P 140 121 0 0 255
P 141 121 0 0 255
P 142 121 0 0 255
P 143 121 0 0 255
P 144 121 0 0 255
P 145 121 0 0 255
P 146 121 0 0 255
P 147 121 0 0 255
P 148 121 0 0 255
P 149 121 0 0 255
P 150 121 0 0 255
P 151 121 0 0 255
P 152 121 0 0 255
P 153 121 0 0 255
P 154 121 0 0 255
P 155 121 0 0 255
P 156 121 0 0 255
P 157 121 0 0 255
P 158 121 0 0 255
P 159 121 0 0 255
P 160 121 0 0 255
P 161 121 0 0 255
P 162 121 0 0 255
P 163 121 0 0 255
P 164 121 0 0 255
P 165 121 0 0 255
P 166 121 0 0 255
P 124 122 0 0 255
P 125 122 0 0 255
P 126 122 0 0 255
P 127 122 0 0 255
P 128 122 0 0 255
P 129 122 0 0 255
P 130 122 0 0 255
P 131 122 0 0 255
P 132 122 0 0 255
P 133 122 0 0 255
P 134 122 0 0 255
P 135 122 0 0 255
P 136 122 0 0 255
P 137 122 0 0 255
P 138 122 0 0 255
P 139 122 0 0 255
P 140 122 0 0 255
P 141 122 0 0 255
P 142 122 0 0 255
P 143 122 0 0 255
P 144 122 0 0 255
P 145 122 0 0 255
P 146 122 0 0 255
P 147 122 0 0 255
P 148 122 0 0 255
P 149 122 0 0 255
P 150 122 0 0 255
P 151 122 0 0 255
P 152 122 0 0 255
P 153 122 0 0 255
P 154 122 0 0 255
P 155 122 0 0 255
P 156 122 0 0 255
P 157 122 0 0 255
P 158 122 0 0 255
P 159 122 0 0 255
P 160 122 0 0 255
P 161 122 0 0 255
P 162 122 0 0 255
P 163 122 0 0 255
P 164 122 0 0 255
P 165 122 0 0 255
P 124 123 0 0 255
P 125 123 0 0 255
P 126 123 0 0 255
P 127 123 0 0 255
P 128 123 0 0 255
P 129 123 0 0 255
P 130 123 0 0 255
P 131 123 0 0 255
P 132 123 0 0 255
P 133 123 0 0 255
P 134 123 0 0 255
P 135 123 0 0 255
P 136 123 0 0 255
P 137 123 0 0 255
P 138 123 0 0 255
P 139 123 0 0 255
P 140 123 0 0 255
P 141 123 0 0 255
P 142 123 0 0 255
P 143 123 0 0 255
P 144 123 0 0 255
P 145 123 0 0 255
P 146 123 0 0 255
P 147 123 0 0 255
P 148 123 0 0 255
P 149 123 0 0 255
P 150 123 0 0 255
P 151 123 0 0 255
P 152 123 0 0 255
P 153 123 0 0 255
P 154 123 0 0 255
P 155 123 0 0 255
P 156 123 0 0 255
P 157 123 0 0 255
P 158 123 0 0 255
P 159 123 0 0 255
P 160 123 0 0 255
P 161 123 0 0 255
P 162 123 0 0 255
P 163 123 0 0 255
P 164 123 0 0 255
P 124 124 0 0 255
P 125 124 0 0 255
P 126 124 0 0 255
P 127 124 0 0 255
P 128 124 0 0 255
P 129 124 0 0 255
P 130 124 0 0 255
P 131 124 0 0 255
P 132 124 0 0 255
P 133 124 0 0 255
P 134 124 0 0 255
P 135 124 0 0 255
P 136 124 0 0 255
P 137 124 0 0 255
P 138 124 0 0 255
P 139 124 0 0 255
P 140 124 0 0 255
P 141 124 0 0 255
P 142 124 0 0 255
P 143 124 0 0 255
P 144 124 0 0 255
P 145 124 0 0 255
P 146 124 0 0 255
P 147 124 0 0 255
P 148 124 0 0 255
P 149 124 0 0 255
P 150 124 0 0 255
P 151 124 0 0 255
P 152 124 0 0 255
P 153 124 0 0 255
P 154 124 0 0 255
P 155 124 0 0 255
P 156 124 0 0 255
P 157 124 0 0 255
P 158 124 0 0 255
P 159 124 0 0 255
P 160 124 0 0 255
P 161 124 0 0 255
P 162 124 0 0 255
P 163 124 0 0 255
P 164 124 0 0 255
P 124 125 0 0 255
P 125 125 0 0 255
P 126 125 0 0 255
P 127 125 0 0 255
P 128 125 0 0 255
P 129 125 0 0 255
P 130 125 0 0 255
P 131 125 0 0 255
P 132 125 0 0 255
P 133 125 0 0 255
P 134 125 0 0 255
P 135 125 0 0 255
P 136 125 0 0 255
P 137 125 0 0 255
P 138 125 0 0 255
P 139 125 0 0 255
P 140 125 0 0 255
P 141 125 0 0 255
P 142 125 0 0 255
P 143 125 0 0 255
P 144 125 0 0 255
P 145 125 0 0 255
P 146 125 0 0 255
P 147 125 0 0 255
P 148 125 0 0 255
P 149 125 0 0 255
P 150 125 0 0 255
P 151 125 0 0 255
P 152 125 0 0 255
P 153 125 0 0 255
P 154 125 0 0 255
P 155 125 0 0 255
P 156 125 0 0 255
P 157 125 0 0 255
P 158 125 0 0 255
P 159 125 0 0 255
P 160 125 0 0 255
P 161 125 0 0 255
P 162 125 0 0 255
P 163 125 0 0 255
P 124 126 0 0 255
P 125 126 0 0 255
P 126 126 0 0 255
P 127 126 0 0 255
P 128 126 0 0 255
P 129 126 0 0 255
P 130 126 0 0 255
P 131 126 0 0 255
P 132 126 0 0 255
P 133 126 0 0 255
P 134 126 0 0 255
P 135 126 0 0 255
P 136 126 0 0 255
P 137 126 0 0 255
P 138 126 0 0 255
P 139 126 0 0 255
P 140 126 0 0 255
P 141 126 0 0 255
P 142 126 0 0 255
P 143 126 0 0 255
P 144 126 0 0 255
P 145 126 0 0 255
P 146 126 0 0 255
P 147 126 0 0 255
P 148 126 0 0 255
P 149 126 0 0 255
P 150 126 0 0 255
P 151 126 0 0 255
P 152 126 0 0 255
P 153 126 0 0 255
P 154 126 0 0 255
P 155 126 0 0 255
P 156 126 0 0 255
P 157 126 0 0 255
P 158 126 0 0 255
P 159 126 0 0 255
P 160 126 0 0 255
P 161 126 0 0 255
P 162 126 0 0 255
P 163 126 0 0 255
P 124 127 0 0 255
P 125 127 0 0 255
P 126 127 0 0 255
P 127 127 0 0 255
P 128 127 0 0 255
P 129 127 0 0 255
P 130 127 0 0 255
P 131 127 0 0 255
P 132 127 0 0 255
P 133 127 0 0 255
P 134 127 0 0 255
P 135 127 0 0 255
P 136 127 0 0 255
P 137 127 0 0 255
P 138 127 0 0 255
P 139 127 0 0 255
P 140 127 0 0 255
P 141 127 0 0 255
P 142 127 0 0 255
P 143 127 0 0 255
P 144 127 0 0 255
P 145 127 0 0 255
P 146 127 0 0 255
P 147 127 0 0 255
P 148 127 0 0 255
P 149 127 0 0 255
P 150 127 0 0 255
P 151 127 0 0 255
P 152 127 0 0 255
P 153 127 0 0 255
P 154 127 0 0 255
P 155 127 0 0 255
P 156 127 0 0 255
P 157 127 0 0 255
P 158 127 0 0 255
P 159 127 0 0 255
P 160 127 0 0 255
P 161 127 0 0 255
P 162 127 0 0 255
P 124 128 0 0 255
P 125 128 0 0 255
P 126 128 0 0 255
P 127 128 0 0 255
P 128 128 0 0 255
P 129 128 0 0 255
P 130 128 0 0 255
P 131 128 0 0 255
P 132 128 0 0 255
P 133 128 0 0 255
P 134 128 0 0 255
P 135 128 0 0 255
P 136 128 0 0 255
P 137 128 0 0 255
P 138 128 0 0 255
P 139 128 0 0 255
P 140 128 0 0 255
P 141 128 0 0 255
P 142 128 0 0 255
P 143 128 0 0 255
P 144 128 0 0 255
P 145 128 0 0 255
P 146 128 0 0 255
P 147 128 0 0 255
P 148 128 0 0 255
P 149 128 0 0 255
P 150 128 0 0 255
P 151 128 0 0 255
P 152 128 0 0 255
P 153 128 0 0 255
P 154 128 0 0 255
P 155 128 0 0 255
P 156 128 0 0 255
P 157 128 0 0 255
P 158 128 0 0 255
P 159 128 0 0 255
P 160 128 0 0 255
P 161 128 0 0 255
P 162 128 0 0 255
P 125 129 0 0 255
P 126 129 0 0 255
P 127 129 0 0 255
P 128 129 0 0 255
P 129 129 0 0 255
P 130 129 0 0 255
P 131 129 0 0 255
P 132 129 0 0 255
P 133 129 0 0 255
P 134 129 0 0 255
P 135 129 0 0 255
P 136 129 0 0 255
P 137 129 0 0 255
P 138 129 0 0 255
P 139 129 0 0 255
P 140 129 0 0 255
P 141 129 0 0 255
P 142 129 0 0 255
P 143 129 0 0 255
P 144 129 0 0 255
P 145 129 0 0 255
P 146 129 0 0 255
P 147 129 0 0 255
P 148 129 0 0 255
P 149 129 0 0 255
P 150 129 0 0 255
P 151 129 0 0 255
P 152 129 0 0 255
P 153 129 0 0 255
P 154 129 0 0 255
P 155 129 0 0 255
P 156 129 0 0 255
P 157 129 0 0 255
P 158 129 0 0 255
P 159 129 0 0 255
P 160 129 0 0 255
P 161 129 0 0 255
P 125 130 0 0 255
P 126 130 0 0 255
P 127 130 0 0 255
P 128 130 0 0 255
P 129 130 0 0 255
P 130 130 0 0 255
P 131 130 0 0 255
P 132 130 0 0 255
P 133 130 0 0 255
P 134 130 0 0 255
P 135 130 0 0 255
P 136 130 0 0 255
P 137 130 0 0 255
P 138 130 0 0 255
P 139 130 0 0 255
P 140 130 0 0 255
P 141 130 0 0 255
P 142 130 0 0 255
P 143 130 0 0 255
P 144 130 0 0 255
P 145 130 0 0 255
P 146 130 0 0 255
P 147 130 0 0 255
P 148 130 0 0 255
P 149 130 0 0 255
P 150 130 0 0 255
P 151 130 0 0 255
P 152 130 0 0 255
P 153 130 0 0 255
P 154 130 0 0 255
P 155 130 0 0 255
P 156 130 0 0 255
P 157 130 0 0 255
P 158 130 0 0 255
P 159 130 0 0 255
P 160 130 0 0 255
P 125 131 0 0 255
P 126 131 0 0 255
P 127 131 0 0 255
P 128 131 0 0 255
P 129 131 0 0 255
P 130 131 0 0 255
P 131 131 0 0 255
P 132 131 0 0 255
P 133 131 0 0 255
P 134 131 0 0 255
P 135 131 0 0 255
P 136 131 0 0 255
P 137 131 0 0 255
P 138 131 0 0 255
P 139 131 0 0 255
P 140 131 0 0 255
P 141 131 0 0 255
P 142 131 0 0 255
P 143 131 0 0 255
P 144 131 0 0 255
P 145 131 0 0 255
P 146 131 0 0 255
P 147 131 0 0 255
P 148 131 0 0 255
P 149 131 0 0 255
P 150 131 0 0 255
P 151 131 0 0 255
P 152 131 0 0 255
P 153 131 0 0 255
P 154 131 0 0 255
P 155 131 0 0 255
P 156 131 0 0 255
P 157 131 0 0 255
P 158 131 0 0 255
P 159 131 0 0 255
P 160 131 0 0 255
P 125 132 0 0 255
P 126 132 0 0 255
P 127 132 0 0 255
P 128 132 0 0 255
P 129 132 0 0 255
P 130 132 0 0 255
P 131 132 0 0 255
P 132 132 0 0 255
P 133 132 0 0 255
P 134 132 0 0 255
P 135 132 0 0 255
P 136 132 0 0 255
P 137 132 0 0 255
P 138 132 0 0 255
P 139 132 0 0 255
P 140 132 0 0 255
P 141 132 0 0 255
P 142 132 0 0 255
P 143 132 0 0 255
P 144 132 0 0 255
P 145 132 0 0 255
P 146 132 0 0 255
P 147 132 0 0 255
P 148 132 0 0 255
P 149 132 0 0 255
P 150 132 0 0 255
P 151 132 0 0 255
P 152 132 0 0 255
P 153 132 0 0 255
P 154 132 0 0 255
P 155 132 0 0 255
P 156 132 0 0 255
P 157 132 0 0 255
P 158 132 0 0 255
P 159 132 0 0 255
P 125 133 0 0 255
P 126 133 0 0 255
P 127 133 0 0 255
P 128 133 0 0 255
P 129 133 0 0 255
P 130 133 0 0 255
P 131 133 0 0 255
P 132 133 0 0 255
P 133 133 0 0 255
P 134 133 0 0 255
P 135 133 0 0 255
P 136 133 0 0 255
P 137 133 0 0 255
P 138 133 0 0 255
P 139 133 0 0 255
P 140 133 0 0 255
P 141 133 0 0 255
P 142 133 0 0 255
P 143 133 0 0 255
P 144 133 0 0 255
P 145 133 0 0 255
P 146 133 0 0 255
P 147 133 0 0 255
P 148 133 0 0 255
P 149 133 0 0 255
P 150 133 0 0 255
P 151 133 0 0 255
P 152 133 0 0 255
P 153 133 0 0 255
P 154 133 0 0 255
P 155 133 0 0 255
P 156 133 0 0 255
P 157 133 0 0 255
P 158 133 0 0 255
P 159 133 0 0 255
P 125 134 0 0 255
P 126 134 0 0 255
P 127 134 0 0 255
P 128 134 0 0 255
P 129 134 0 0 255
P 130 134 0 0 255
P 131 134 0 0 255
P 132 134 0 0 255
P 133 134 0 0 255
P 134 134 0 0 255
P 135 134 0 0 255
P 136 134 0 0 255
P 137 134 0 0 255
P 138 134 0 0 255
P 139 134 0 0 255
P 140 134 0 0 255
P 141 134 0 0 255
P 142 134 0 0 255
P 143 134 0 0 255
P 144 134 0 0 255
P 145 134 0 0 255
P 146 134 0 0 255
P 147 134 0 0 255
P 148 134 0 0 255
P 149 134 0 0 255
P 150 134 0 0 255
P 151 134 0 0 255
P 152 134 0 0 255
P 153 134 0 0 255
P 154 134 0 0 255
P 155 134 0 0 255
P 156 134 0 0 255
P 157 134 0 0 255
P 158 134 0 0 255
P 125 135 0 0 255
P 126 135 0 0 255
P 127 135 0 0 255
P 128 135 0 0 255
P 129 135 0 0 255
P 130 135 0 0 255
P 131 135 0 0 255
P 132 135 0 0 255
P 133 135 0 0 255
P 134 135 0 0 255
P 135 135 0 0 255
P 136 135 0 0 255
P 137 135 0 0 255
P 138 135 0 0 255
P 139 135 0 0 255
P 140 135 0 0 255
P 141 135 0 0 255
P 142 135 0 0 255
P 143 135 0 0 255
P 144 135 0 0 255
P 145 135 0 0 255
P 146 135 0 0 255
P 147 135 0 0 255
P 148 135 0 0 255
P 149 135 0 0 255
P 150 135 0 0 255
P 151 135 0 0 255
P 152 135 0 0 255
P 153 135 0 0 255
P 154 135 0 0 255
P 155 135 0 0 255
P 156 135 0 0 255
P 157 135 0 0 255
P 125 136 0 0 255
P 126 136 0 0 255
P 127 136 0 0 255
P 128 136 0 0 255
P 129 136 0 0 255
P 130 136 0 0 255
P 131 136 0 0 255
P 132 136 0 0 255
P 133 136 0 0 255
P 134 136 0 0 255
P 135 136 0 0 255
P 136 136 0 0 255
P 137 136 0 0 255
P 138 136 0 0 255
P 139 136 0 0 255
P 140 136 0 0 255
P 141 136 0 0 255
P 142 136 0 0 255
P 143 136 0 0 255
P 144 136 0 0 255
P 145 136 0 0 255
P 146 136 0 0 255
P 147 136 0 0 255
P 148 136 0 0 255
P 149 136 0 0 255
P 150 136 0 0 255
P 151 136 0 0 255
P 152 136 0 0 255
P 153 136 0 0 255
P 154 136 0 0 255
P 155 136 0 0 255
P 156 136 0 0 255
P 157 136 0 0 255
P 125 137 0 0 255
P 126 137 0 0 255
P 127 137 0 0 255
P 128 137 0 0 255
P 129 137 0 0 255
P 130 137 0 0 255
P 131 137 0 0 255
P 132 137 0 0 255
P 133 137 0 0 255
P 134 137 0 0 255
P 135 137 0 0 255
P 136 137 0 0 255
P 137 137 0 0 255
P 138 137 0 0 255
P 139 137 0 0 255
P 140 137 0 0 255
P 141 137 0 0 255
P 142 137 0 0 255
P 143 137 0 0 255
P 144 137 0 0 255
P 145 137 0 0 255
P 146 137 0 0 255
P 147 137 0 0 255
P 148 137 0 0 255
P 149 137 0 0 255
P 150 137 0 0 255
P 151 137 0 0 255
P 152 137 0 0 255
P 153 137 0 0 255
P 154 137 0 0 255
P 155 137 0 0 255
P 156 137 0 0 255
P 125 138 0 0 255
P 126 138 0 0 255
P 127 138 0 0 255
P 128 138 0 0 255
P 129 138 0 0 255
P 130 138 0 0 255
P 131 138 0 0 255
P 132 138 0 0 255
P 133 138 0 0 255
P 134 138 0 0 255
P 135 138 0 0 255
P 136 138 0 0 255
P 137 138 0 0 255
P 138 138 0 0 255
P 139 138 0 0 255
P 140 138 0 0 255
P 141 138 0 0 255
P 142 138 0 0 255
P 143 138 0 0 255
P 144 138 0 0 255
P 145 138 0 0 255
P 146 138 0 0 255
P 147 138 0 0 255
P 148 138 0 0 255
P 149 138 0 0 255
P 150 138 0 0 255
P 151 138 0 0 255
P 152 138 0 0 255
P 153 138 0 0 255
P 154 138 0 0 255
P 155 138 0 0 255
P 156 138 0 0 255
P 125 139 0 0 255
P 126 139 0 0 255
P 127 139 0 0 255
P 128 139 0 0 255
P 129 139 0 0 255
P 130 139 0 0 255
P 131 139 0 0 255
P 132 139 0 0 255
P 133 139 0 0 255
P 134 139 0 0 255
P 135 139 0 0 255
P 136 139 0 0 255
P 137 139 0 0 255
P 138 139 0 0 255
P 139 139 0 0 255
P 140 139 0 0 255
P 141 139 0 0 255
P 142 139 0 0 255
P 143 139 0 0 255
P 144 139 0 0 255
P 145 139 0 0 255
P 146 139 0 0 255
P 147 139 0 0 255
P 148 139 0 0 255
P 149 139 0 0 255
P 150 139 0 0 255
P 151 139 0 0 255
P 152 139 0 0 255
P 153 139 0 0 255
P 154 139 0 0 255
P 155 139 0 0 255
P 125 140 0 0 255
P 126 140 0 0 255
P 127 140 0 0 255
P 128 140 0 0 255
P 129 140 0 0 255
P 130 140 0 0 255
P 131 140 0 0 255
P 132 140 0 0 255
P 133 140 0 0 255
P 134 140 0 0 255
P 135 140 0 0 255
P 136 140 0 0 255
P 137 140 0 0 255
P 138 140 0 0 255
P 139 140 0 0 255
P 140 140 0 0 255
P 141 140 0 0 255
P 142 140 0 0 255
P 143 140 0 0 255
P 144 140 0 0 255
P 145 140 0 0 255
P 146 140 0 0 255
P 147 140 0 0 255
P 148 140 0 0 255
P 149 140 0 0 255
P 150 140 0 0 255
P 151 140 0 0 255
P 152 140 0 0 255
P 153 140 0 0 255
P 154 140 0 0 255
P 155 140 0 0 255
P 125 141 0 0 255
P 126 141 0 0 255
P 127 141 0 0 255
P 128 141 0 0 255
P 129 141 0 0 255
P 130 141 0 0 255
P 131 141 0 0 255
P 132 141 0 0 255
P 133 141 0 0 255
P 134 141 0 0 255
P 135 141 0 0 255
P 136 141 0 0 255
P 137 141 0 0 255
P 138 141 0 0 255
P 139 141 0 0 255
P 140 141 0 0 255
P 141 141 0 0 255
P 142 141 0 0 255
P 143 141 0 0 255
P 144 141 0 0 255
P 145 141 0 0 255
P 146 141 0 0 255
P 147 141 0 0 255
P 148 141 0 0 255
P 149 141 0 0 255
P 150 141 0 0 255
P 151 141 0 0 255
P 152 141 0 0 255
P 153 141 0 0 255
P 154 141 0 0 255
P 125 142 0 0 255
P 126 142 0 0 255
P 127 142 0 0 255
P 128 142 0 0 255
P 129 142 0 0 255
P 130 142 0 0 255
P 131 142 0 0 255
P 132 142 0 0 255
P 133 142 0 0 255
P 134 142 0 0 255
P 135 142 0 0 255
P 136 142 0 0 255
P 137 142 0 0 255
P 138 142 0 0 255
P 139 142 0 0 255
P 140 142 0 0 255
P 141 142 0 0 255
P 142 142 0 0 255
P 143 142 0 0 255
P 144 142 0 0 255
P 145 142 0 0 255
P 146 142 0 0 255
P 147 142 0 0 255
P 148 142 0 0 255
P 149 142 0 0 255
P 150 142 0 0 255
P 151 142 0 0 255
P 152 142 0 0 255
P 153 142 0 0 255
P 125 143 0 0 255
P 126 143 0 0 255
P 127 143 0 0 255
P 128 143 0 0 255
P 129 143 0 0 255
P 130 143 0 0 255
P 131 143 0 0 255
P 132 143 0 0 255
P 133 143 0 0 255
P 134 143 0 0 255
P 135 143 0 0 255
P 136 143 0 0 255
P 137 143 0 0 255
P 138 143 0 0 255
P 139 143 0 0 255
P 140 143 0 0 255
P 141 143 0 0 255
P 142 143 0 0 255
P 143 143 0 0 255
P 144 143 0 0 255
P 145 143 0 0 255
P 146 143 0 0 255
P 147 143 0 0 255
P 148 143 0 0 255
P 149 143 0 0 255
P 150 143 0 0 255
P 151 143 0 0 255
P 152 143 0 0 255
P 153 143 0 0 255
P 125 144 0 0 255
P 126 144 0 0 255
P 127 144 0 0 255
P 128 144 0 0 255
P 129 144 0 0 255
P 130 144 0 0 255
P 131 144 0 0 255
P 132 144 0 0 255
P 133 144 0 0 255
P 134 144 0 0 255
P 135 144 0 0 255
P 136 144 0 0 255
P 137 144 0 0 255
P 138 144 0 0 255
P 139 144 0 0 255
P 140 144 0 0 255
P 141 144 0 0 255
P 142 144 0 0 255
P 143 144 0 0 255
P 144 144 0 0 255
P 145 144 0 0 255
P 146 144 0 0 255
P 147 144 0 0 255
P 148 144 0 0 255
P 149 144 0 0 255
P 150 144 0 0 255
P 151 144 0 0 255
P 152 144 0 0 255
P 125 145 0 0 255
P 126 145 0 0 255
P 127 145 0 0 255
P 128 145 0 0 255
P 129 145 0 0 255
P 130 145 0 0 255
P 131 145 0 0 255
P 132 145 0 0 255
P 133 145 0 0 255
P 134 145 0 0 255
P 135 145 0 0 255
P 136 145 0 0 255
P 137 145 0 0 255
P 138 145 0 0 255
P 139 145 0 0 255
P 140 145 0 0 255
P 141 145 0 0 255
P 142 145 0 0 255
P 143 145 0 0 255
P 144 145 0 0 255
P 145 145 0 0 255
P 146 145 0 0 255
P 147 145 0 0 255
P 148 145 0 0 255
P 149 145 0 0 255
P 150 145 0 0 255
P 151 145 0 0 255
P 152 145 0 0 255
P 126 146 0 0 255
P 127 146 0 0 255
P 128 146 0 0 255
P 129 146 0 0 255
P 130 146 0 0 255
P 131 146 0 0 255
P 132 146 0 0 255
P 133 146 0 0 255
P 134 146 0 0 255
P 135 146 0 0 255
P 136 146 0 0 255
P 137 146 0 0 255
P 138 146 0 0 255
P 139 146 0 0 255
P 140 146 0 0 255
P 141 146 0 0 255
P 142 146 0 0 255
P 143 146 0 0 255
P 144 146 0 0 255
P 145 146 0 0 255
P 146 146 0 0 255
P 147 146 0 0 255
P 148 146 0 0 255
P 149 146 0 0 255
P 150 146 0 0 255
P 151 146 0 0 255
P 126 147 0 0 255
P 127 147 0 0 255
P 128 147 0 0 255
P 129 147 0 0 255
P 130 147 0 0 255
P 131 147 0 0 255
P 132 147 0 0 255
P 133 147 0 0 255
P 134 147 0 0 255
P 135 147 0 0 255
P 136 147 0 0 255
P 137 147 0 0 255
P 138 147 0 0 255
P 139 147 0 0 255
P 140 147 0 0 255
P 141 147 0 0 255
P 142 147 0 0 255
P 143 147 0 0 255
P 144 147 0 0 255
P 145 147 0 0 255
P 146 147 0 0 255
P 147 147 0 0 255
P 148 147 0 0 255
P 149 147 0 0 255
P 150 147 0 0 255
P 151 147 0 0 255
P 126 148 0 0 255
P 127 148 0 0 255
P 128 148 0 0 255
P 129 148 0 0 255
P 130 148 0 0 255
P 131 148 0 0 255
P 132 148 0 0 255
P 133 148 0 0 255
P 134 148 0 0 255
P 135 148 0 0 255
P 136 148 0 0 255
P 137 148 0 0 255
P 138 148 0 0 255
P 139 148 0 0 255
P 140 148 0 0 255
P 141 148 0 0 255
P 142 148 0 0 255
P 143 148 0 0 255
P 144 148 0 0 255
P 145 148 0 0 255
P 146 148 0 0 255
P 147 148 0 0 255
P 148 148 0 0 255
P 149 148 0 0 255
P 150 148 0 0 255
P 126 149 0 0 255
P 127 149 0 0 255
P 128 149 0 0 255
P 129 149 0 0 255
P 130 149 0 0 255
P 131 149 0 0 255
P 132 149 0 0 255
P 133 149 0 0 255
P 134 149 0 0 255
P 135 149 0 0 255
P 136 149 0 0 255
P 137 149 0 0 255
P 138 149 0 0 255
P 139 149 0 0 255
P 140 149 0 0 255
P 141 149 0 0 255
P 142 149 0 0 255
P 143 149 0 0 255
P 144 149 0 0 255
P 145 149 0 0 255
P 146 149 0 0 255
P 147 149 0 0 255
P 148 149 0 0 255
P 149 149 0 0 255
P 126 150 0 0 255
P 127 150 0 0 255
P 128 150 0 0 255
P 129 150 0 0 255
P 130 150 0 0 255
P 131 150 0 0 255
P 132 150 0 0 255
P 133 150 0 0 255
P 134 150 0 0 255
P 135 150 0 0 255
P 136 150 0 0 255
P 137 150 0 0 255
P 138 150 0 0 255
P 139 150 0 0 255
P 140 150 0 0 255
P 141 150 0 0 255
P 142 150 0 0 255
P 143 150 0 0 255
P 144 150 0 0 255
P 145 150 0 0 255
P 146 150 0 0 255
P 147 150 0 0 255
P 148 150 0 0 255
P 149 150 0 0 255
P 126 151 0 0 255
P 127 151 0 0 255
P 128 151 0 0 255
P 129 151 0 0 255
P 130 151 0 0 255
P 131 151 0 0 255
P 132 151 0 0 255
P 133 151 0 0 255
P 134 151 0 0 255
P 135 151 0 0 255
P 136 151 0 0 255
P 137 151 0 0 255
P 138 151 0 0 255
P 139 151 0 0 255
P 140 151 0 0 255
P 141 151 0 0 255
P 142 151 0 0 255
P 143 151 0 0 255
P 144 151 0 0 255
P 145 151 0 0 255
P 146 151 0 0 255
P 147 151 0 0 255
P 148 151 0 0 255
P 126 152 0 0 255
P 127 152 0 0 255
P 128 152 0 0 255
P 129 152 0 0 255
P 130 152 0 0 255
P 131 152 0 0 255
P 132 152 0 0 255
P 133 152 0 0 255
P 134 152 0 0 255
P 135 152 0 0 255
P 136 152 0 0 255
P 137 152 0 0 255
P 138 152 0 0 255
P 139 152 0 0 255
P 140 152 0 0 255
P 141 152 0 0 255
P 142 152 0 0 255
P 143 152 0 0 255
P 144 152 0 0 255
P 145 152 0 0 255
P 146 152 0 0 255
P 147 152 0 0 255
P 148 152 0 0 255
P 126 153 0 0 255
P 127 153 0 0 255
P 128 153 0 0 255
P 129 153 0 0 255
P 130 153 0 0 255
P 131 153 0 0 255
P 132 153 0 0 255
P 133 153 0 0 255
P 134 153 0 0 255
P 135 153 0 0 255
P 136 153 0 0 255
P 137 153 0 0 255
P 138 153 0 0 255
P 139 153 0 0 255
P 140 153 0 0 255
P 141 153 0 0 255
P 142 153 0 0 255
P 143 153 0 0 255
P 144 153 0 0 255
P 145 153 0 0 255
P 146 153 0 0 255
P 147 153 0 0 255
P 126 154 0 0 255
P 127 154 0 0 255
P 128 154 0 0 255
P 129 154 0 0 255
P 130 154 0 0 255
P 131 154 0 0 255
P 132 154 0 0 255
P 133 154 0 0 255
P 134 154 0 0 255
P 135 154 0 0 255
P 136 154 0 0 255
P 137 154 0 0 255
P 138 154 0 0 255
P 139 154 0 0 255
P 140 154 0 0 255
P 141 154 0 0 255
P 142 154 0 0 255
P 143 154 0 0 255
P 144 154 0 0 255
P 145 154 0 0 255
P 146 154 0 0 255
P 126 155 0 0 255
P 127 155 0 0 255
P 128 155 0 0 255
P 129 155 0 0 255
P 130 155 0 0 255
P 131 155 0 0 255
P 132 155 0 0 255
P 133 155 0 0 255
P 134 155 0 0 255
P 135 155 0 0 255
P 136 155 0 0 255
P 137 155 0 0 255
P 138 155 0 0 255
P 139 155 0 0 255
P 140 155 0 0 255
P 141 155 0 0 255
P 142 155 0 0 255
P 143 155 0 0 255
P 144 155 0 0 255
P 145 155 0 0 255
P 146 155 0 0 255
P 126 156 0 0 255
P 127 156 0 0 255
P 128 156 0 0 255
P 129 156 0 0 255
P 130 156 0 0 255
P 131 156 0 0 255
P 132 156 0 0 255
P 133 156 0 0 255
P 134 156 0 0 255
P 135 156 0 0 255
P 136 156 0 0 255
P 137 156 0 0 255
P 138 156 0 0 255
P 139 156 0 0 255
P 140 156 0 0 255
P 141 156 0 0 255
P 142 156 0 0 255
P 143 156 0 0 255
P 144 156 0 0 255
P 145 156 0 0 255
P 126 157 0 0 255
P 127 157 0 0 255
P 128 157 0 0 255
P 129 157 0 0 255
P 130 157 0 0 255
P 131 157 0 0 255
P 132 157 0 0 255
P 133 157 0 0 255
P 134 157 0 0 255
P 135 157 0 0 255
P 136 157 0 0 255
P 137 157 0 0 255
P 138 157 0 0 255
P 139 157 0 0 255
P 140 157 0 0 255
P 141 157 0 0 255
P 142 157 0 0 255
P 143 157 0 0 255
P 144 157 0 0 255
P 145 157 0 0 255
P 126 158 0 0 255
P 127 158 0 0 255
P 128 158 0 0 255
P 129 158 0 0 255
P 130 158 0 0 255
P 131 158 0 0 255
P 132 158 0 0 255
P 133 158 0 0 255
P 134 158 0 0 255
P 135 158 0 0 255
P 136 158 0 0 255
P 137 158 0 0 255
P 138 158 0 0 255
P 139 158 0 0 255
P 140 158 0 0 255
P 141 158 0 0 255
P 142 158 0 0 255
P 143 158 0 0 255
P 144 158 0 0 255
P 126 159 0 0 255
P 127 159 0 0 255
P 128 159 0 0 255
P 129 159 0 0 255
P 130 159 0 0 255
P 131 159 0 0 255
P 132 159 0 0 255
P 133 159 0 0 255
P 134 159 0 0 255
P 135 159 0 0 255
P 136 159 0 0 255
P 137 159 0 0 255
P 138 159 0 0 255
P 139 159 0 0 255
P 140 159 0 0 255
P 141 159 0 0 255
P 142 159 0 0 255
P 143 159 0 0 255
P 144 159 0 0 255
P 126 160 0 0 255
P 127 160 0 0 255
P 128 160 0 0 255
P 129 160 0 0 255
P 130 160 0 0 255
P 131 160 0 0 255
P 132 160 0 0 255
P 133 160 0 0 255
P 134 160 0 0 255
P 135 160 0 0 255
P 136 160 0 0 255
P 137 160 0 0 255
P 138 160 0 0 255
P 139 160 0 0 255
P 140 160 0 0 255
P 141 160 0 0 255
P 142 160 0 0 255
P 143 160 0 0 255
P 126 161 0 0 255
P 127 161 0 0 255
P 128 161 0 0 255
P 129 161 0 0 255
P 130 161 0 0 255
P 131 161 0 0 255
P 132 161 0 0 255
P 133 161 0 0 255
P 134 161 0 0 255
P 135 161 0 0 255
P 136 161 0 0 255
P 137 161 0 0 255
P 138 161 0 0 255
P 139 161 0 0 255
P 140 161 0 0 255
P 141 161 0 0 255
P 142 161 0 0 255
P 126 162 0 0 255
P 127 162 0 0 255
P 128 162 0 0 255
P 129 162 0 0 255
P 130 162 0 0 255
P 131 162 0 0 255
P 132 162 0 0 255
P 133 162 0 0 255
P 134 162 0 0 255
P 135 162 0 0 255
P 136 162 0 0 255
P 137 162 0 0 255
P 138 162 0 0 255
P 139 162 0 0 255
P 140 162 0 0 255
P 141 162 0 0 255
P 142 162 0 0 255
P 127 163 0 0 255
P 128 163 0 0 255
P 129 163 0 0 255
P 130 163 0 0 255
P 131 163 0 0 255
P 132 163 0 0 255
P 133 163 0 0 255
P 134 163 0 0 255
P 135 163 0 0 255
P 136 163 0 0 255
P 137 163 0 0 255
P 138 163 0 0 255
P 139 163 0 0 255
P 140 163 0 0 255
P 141 163 0 0 255
P 127 164 0 0 255
P 128 164 0 0 255
P 129 164 0 0 255
P 130 164 0 0 255
P 131 164 0 0 255
P 132 164 0 0 255
P 133 164 0 0 255
P 134 164 0 0 255
P 135 164 0 0 255
P 136 164 0 0 255
P 137 164 0 0 255
P 138 164 0 0 255
P 139 164 0 0 255
P 140 164 0 0 255
P 141 164 0 0 255
P 127 165 0 0 255
P 128 165 0 0 255
P 129 165 0 0 255
P 130 165 0 0 255
P 131 165 0 0 255
P 132 165 0 0 255
P 133 165 0 0 255
P 134 165 0 0 255
P 135 165 0 0 255
P 136 165 0 0 255
P 137 165 0 0 255
P 138 165 0 0 255
P 139 165 0 0 255
P 140 165 0 0 255
P 127 166 0 0 255
P 128 166 0 0 255
P 129 166 0 0 255
P 130 166 0 0 255
P 131 166 0 0 255
P 132 166 0 0 255
P 133 166 0 0 255
P 134 166 0 0 255
P 135 166 0 0 255
P 136 166 0 0 255
P 137 166 0 0 255
P 138 166 0 0 255
P 139 166 0 0 255
P 127 167 0 0 255
P 128 167 0 0 255
P 129 167 0 0 255
P 130 167 0 0 255
P 131 167 0 0 255
P 132 167 0 0 255
P 133 167 0 0 255
P 134 167 0 0 255
P 135 167 0 0 255
P 136 167 0 0 255
P 137 167 0 0 255
P 138 167 0 0 255
P 139 167 0 0 255
P 127 168 0 0 255
P 128 168 0 0 255
P 129 168 0 0 255
P 130 168 0 0 255
P 131 168 0 0 255
P 132 168 0 0 255
P 133 168 0 0 255
P 134 168 0 0 255
P 135 168 0 0 255
P 136 168 0 0 255
P 137 168 0 0 255
P 138 168 0 0 255
P 127 169 0 0 255
P 128 169 0 0 255
P 129 169 0 0 255
P 130 169 0 0 255
P 131 169 0 0 255
P 132 169 0 0 255
P 133 169 0 0 255
P 134 169 0 0 255
P 135 169 0 0 255
P 136 169 0 0 255
P 137 169 0 0 255
P 138 169 0 0 255
P 127 170 0 0 255
P 128 170 0 0 255
P 129 170 0 0 255
P 130 170 0 0 255
P 131 170 0 0 255
P 132 170 0 0 255
P 133 170 0 0 255
P 134 170 0 0 255
P 135 170 0 0 255
P 136 170 0 0 255
P 137 170 0 0 255
P 127 171 0 0 255
P 128 171 0 0 255
P 129 171 0 0 255
P 130 171 0 0 255
P 131 171 0 0 255
P 132 171 0 0 255
P 133 171 0 0 255
P 134 171 0 0 255
P 135 171 0 0 255
P 136 171 0 0 255
P 137 171 0 0 255
P 127 172 0 0 255
P 128 172 0 0 255
P 129 172 0 0 255
P 130 172 0 0 255
P 131 172 0 0 255
P 132 172 0 0 255
P 133 172 0 0 255
P 134 172 0 0 255
P 135 172 0 0 255
P 136 172 0 0 255
P 127 173 0 0 255
P 128 173 0 0 255
P 129 173 0 0 255
P 130 173 0 0 255
P 131 173 0 0 255
P 132 173 0 0 255
P 133 173 0 0 255
P 134 173 0 0 255
P 135 173 0 0 255
P 127 174 0 0 255
P 128 174 0 0 255
P 129 174 0 0 255
P 130 174 0 0 255
P 131 174 0 0 255
P 132 174 0 0 255
P 133 174 0 0 255
P 134 174 0 0 255
P 135 174 0 0 255
P 127 175 0 0 255
P 128 175 0 0 255
P 129 175 0 0 255
P 130 175 0 0 255
P 131 175 0 0 255
P 132 175 0 0 255
P 133 175 0 0 255
P 134 175 0 0 255
P 127 176 0 0 255
P 128 176 0 0 255
P 129 176 0 0 255
P 130 176 0 0 255
P 131 176 0 0 255
P 132 176 0 0 255
P 133 176 0 0 255
P 134 176 0 0 255
P 127 177 0 0 255
P 128 177 0 0 255
P 129 177 0 0 255
P 130 177 0 0 255
P 131 177 0 0 255
P 132 177 0 0 255
P 133 177 0 0 255
P 127 178 0 0 255
P 128 178 0 0 255
P 129 178 0 0 255
P 130 178 0 0 255
P 131 178 0 0 255
P 132 178 0 0 255
P 133 178 0 0 255
P 127 179 0 0 255
P 128 179 0 0 255
P 129 179 0 0 255
P 130 179 0 0 255
P 131 179 0 0 255
P 132 179 0 0 255
P 128 180 0 0 255
P 129 180 0 0 255
P 130 180 0 0 255
P 131 180 0 0 255
P 128 181 0 0 255
P 129 181 0 0 255
P 130 181 0 0 255
P 131 181 0 0 255
P 128 182 0 0 255
P 129 182 0 0 255
P 130 182 0 0 255
P 128 183 0 0 255
P 129 183 0 0 255
P 130 183 0 0 255
P 128 184 0 0 255
P 129 184 0 0 255
P 128 185 0 0 255
P 128 186 0 0 255
