# surface 320x240  origin 0  clear ff102030
# shape 1
# vertex 0  190 53  rgba 24 231 206 40
# vertex 1  198 61  rgba 231 24 206 200
# vertex 2  150 189  rgba 127 127 30 120
# counters drawn=0 software=0 unsupported=0 declined=0
# mode software
P 190 54 43 212 205 55
P 189 55 30 225 203 45
P 190 55 50 205 204 60
P 191 55 69 186 205 75
P 189 56 37 218 202 50
P 190 56 56 199 203 65
P 191 56 76 179 204 80
P 192 56 95 160 205 95
P 189 57 43 212 201 55
P 190 57 63 192 202 70
P 191 57 82 173 203 85
P 192 57 102 153 204 100
P 193 57 121 134 205 115
P 188 58 30 225 199 45
P 189 58 50 205 200 60
P 190 58 69 186 201 75
P 191 58 89 166 202 90
P 192 58 108 147 203 105
P 193 58 127 127 204 120
P 194 58 147 108 205 135
P 188 59 37 218 198 50
P 189 59 56 199 199 65
P 190 59 76 179 200 80
P 191 59 95 160 201 95
P 192 59 115 140 202 110
P 193 59 134 121 203 125
P 194 59 153 102 204 140
P 195 59 173 82 205 155
P 188 60 43 212 197 55
P 189 60 63 192 198 70
P 190 60 82 173 199 85
P 191 60 102 153 200 100
P 192 60 121 134 201 115
P 193 60 140 115 202 130
P 194 60 160 95 203 145
P 195 60 179 76 204 160
P 196 60 199 56 205 175
P 188 61 50 205 196 60
P 189 61 69 186 197 75
P 190 61 89 166 198 90
P 191 61 108 147 199 105
P 192 61 127 127 200 120
P 193 61 147 108 201 135
P 194 61 166 89 202 150
P 195 61 186 69 203 165
P 196 61 205 50 204 180
P 197 61 225 30 205 195
P 187 62 37 218 194 50
P 188 62 56 199 195 65
P 189 62 76 179 196 80
P 190 62 95 160 197 95
P 191 62 115 140 198 110
P 192 62 134 121 199 125
P 193 62 153 102 200 140
P 194 62 173 82 201 155
P 195 62 192 63 202 170
P 196 62 212 43 203 185
P 187 63 43 212 193 55
P 188 63 63 192 194 70
P 189 63 82 173 195 85
P 190 63 102 153 196 100
P 191 63 121 134 197 115
P 192 63 140 115 198 130
P 193 63 160 95 199 145
P 194 63 179 76 200 160
P 195 63 199 56 201 175
P 196 63 218 37 202 190
P 187 64 50 205 192 60
P 188 64 69 186 193 75
P 189 64 89 166 194 90
P 190 64 108 147 195 105
P 191 64 127 127 196 120
P 192 64 147 108 197 135
P 193 64 166 89 198 150
P 194 64 186 69 199 165
P 195 64 205 50 200 180
P 196 64 225 30 201 195
P 186 65 37 218 190 50
P 187 65 56 199 191 65
P 188 65 76 179 192 80
P 189 65 95 160 193 95
P 190 65 115 140 194 110
P 191 65 134 121 195 125
P 192 65 153 102 196 140
P 193 65 173 82 197 155
P 194 65 192 63 198 170
P 195 65 212 43 199 185
P 186 66 43 212 189 55
P 187 66 63 192 190 70
P 188 66 82 173 191 85
P 189 66 102 153 192 100
P 190 66 121 134 193 115
P 191 66 140 115 194 130
P 192 66 160 95 195 145
P 193 66 179 76 196 160
P 194 66 199 56 197 175
P 195 66 218 37 198 190
P 186 67 50 205 188 60
P 187 67 69 186 189 75
P 188 67 89 166 190 90
P 189 67 108 147 191 105
P 190 67 127 127 192 120
P 191 67 147 108 193 135
P 192 67 166 89 194 150
P 193 67 186 69 195 165
P 194 67 205 50 196 180
P 195 67 225 30 197 195
P 185 68 37 218 186 50
P 186 68 56 199 187 65
P 187 68 76 179 188 80
P 188 68 95 160 189 95
P 189 68 115 140 190 110
P 190 68 134 121 191 125
P 191 68 153 102 192 140
P 192 68 173 82 193 155
P 193 68 192 63 194 170
P 194 68 212 43 195 185
P 185 69 43 212 185 55
P 186 69 63 192 186 70
P 187 69 82 173 187 85
P 188 69 102 153 188 100
P 189 69 121 134 189 115
P 190 69 140 115 190 130
P 191 69 160 95 191 145
P 192 69 179 76 192 160
P 193 69 199 56 193 175
P 194 69 218 37 194 190
P 185 70 50 205 184 60
P 186 70 69 186 185 75
P 187 70 89 166 186 90
P 188 70 108 147 187 105
P 189 70 127 127 188 120
P 190 70 147 108 189 135
P 191 70 166 89 190 150
P 192 70 186 69 191 165
P 193 70 205 50 192 180
P 185 71 56 199 183 65
P 186 71 76 179 184 80
P 187 71 95 160 185 95
P 188 71 115 140 186 110
P 189 71 134 121 187 125
P 190 71 153 102 188 140
P 191 71 173 82 189 155
P 192 71 192 63 190 170
P 193 71 212 43 191 185
P 184 72 43 212 181 55
P 185 72 63 192 182 70
P 186 72 82 173 183 85
P 187 72 102 153 184 100
P 188 72 121 134 185 115
P 189 72 140 115 186 130
P 190 72 160 95 187 145
P 191 72 179 76 188 160
P 192 72 199 56 189 175
P 193 72 218 37 190 190
P 184 73 50 205 180 60
P 185 73 69 186 181 75
P 186 73 89 166 182 90
P 187 73 108 147 183 105
P 188 73 127 127 184 120
P 189 73 147 108 185 135
P 190 73 166 89 186 150
P 191 73 186 69 187 165
P 192 73 205 50 188 180
P 184 74 56 199 179 65
P 185 74 76 179 180 80
P 186 74 95 160 181 95
P 187 74 114 140 182 110
P 188 74 134 121 183 125
P 189 74 153 102 184 140
P 190 74 173 82 185 155
P 191 74 192 63 186 170
P 192 74 212 43 187 185
P 183 75 43 212 177 55
P 184 75 63 192 178 70
P 185 75 82 173 179 85
P 186 75 102 153 180 100
P 187 75 121 134 181 115
P 188 75 140 114 182 130
P 189 75 160 95 183 145
P 190 75 179 76 184 160
P 191 75 199 56 185 175
P 192 75 218 37 186 190
P 183 76 50 205 176 60
P 184 76 69 186 177 75
P 185 76 89 166 178 90
P 186 76 108 147 179 105
P 187 76 127 127 180 120
P 188 76 147 108 181 135
P 189 76 166 89 182 150
P 190 76 186 69 183 165
P 191 76 205 50 184 180
P 183 77 56 199 175 65
P 184 77 76 179 176 80
P 185 77 95 160 177 95
P 186 77 114 140 178 110
P 187 77 134 121 179 125
P 188 77 153 102 180 140
P 189 77 173 82 181 155
P 190 77 192 63 182 170
P 191 77 212 43 183 185
P 183 78 63 192 174 70
P 184 78 82 173 175 85
P 185 78 102 153 176 100
P 186 78 121 134 177 115
P 187 78 140 114 178 130
P 188 78 160 95 179 145
P 189 78 179 76 180 160
P 190 78 199 56 181 175
P 182 79 50 205 172 60
P 183 79 69 186 173 75
P 184 79 89 166 174 90
P 185 79 108 147 175 105
P 186 79 127 127 176 120
P 187 79 147 108 177 135
P 188 79 166 89 178 150
P 189 79 186 69 179 165
P 190 79 205 50 180 180
P 182 80 56 199 171 65
P 183 80 76 179 172 80
P 184 80 95 160 173 95
P 185 80 114 140 174 110
P 186 80 134 121 175 125
P 187 80 153 102 176 140
P 188 80 173 82 177 155
P 189 80 192 63 178 170
P 190 80 212 43 179 185
P 182 81 63 192 170 70
P 183 81 82 173 171 85
P 184 81 102 153 172 100
P 185 81 121 134 173 115
P 186 81 140 114 174 130
P 187 81 160 95 175 145
P 188 81 179 76 176 160
P 189 81 199 56 177 175
P 181 82 50 205 168 60
P 182 82 69 186 169 75
P 183 82 89 166 170 90
P 184 82 108 147 171 105
P 185 82 127 127 172 120
P 186 82 147 108 173 135
P 187 82 166 89 174 150
P 188 82 186 69 175 165
P 189 82 205 50 176 180
P 181 83 56 199 167 65
P 182 83 76 179 168 80
P 183 83 95 160 169 95
P 184 83 114 140 170 110
P 185 83 134 121 171 125
P 186 83 153 102 172 140
P 187 83 173 82 173 155
P 188 83 192 63 174 170
P 189 83 212 43 175 185
P 181 84 63 192 166 70
P 182 84 82 173 167 85
P 183 84 102 153 168 100
P 184 84 121 134 169 115
P 185 84 140 114 170 130
P 186 84 160 95 171 145
P 187 84 179 76 172 160
P 188 84 199 56 173 175
P 180 85 50 205 164 60
P 181 85 69 186 165 75
P 182 85 89 166 166 90
P 183 85 108 147 167 105
P 184 85 127 127 168 120
P 185 85 147 108 169 135
P 186 85 166 89 170 150
P 187 85 186 69 171 165
P 188 85 205 50 172 180
P 180 86 56 199 163 65
P 181 86 76 179 164 80
P 182 86 95 160 165 95
P 183 86 114 140 166 110
P 184 86 134 121 167 125
P 185 86 153 102 168 140
P 186 86 173 82 169 155
P 187 86 192 63 170 170
P 180 87 63 192 162 70
P 181 87 82 173 163 85
P 182 87 102 153 164 100
P 183 87 121 134 165 115
P 184 87 140 114 166 130
P 185 87 160 95 167 145
P 186 87 179 76 168 160
P 187 87 199 56 169 175
P 180 88 69 186 161 75
P 181 88 89 166 162 90
P 182 88 108 147 163 105
P 183 88 127 127 164 120
P 184 88 147 108 165 135
P 185 88 166 89 166 150
P 186 88 186 69 167 165
P 187 88 205 50 168 180
P 179 89 56 199 159 65
P 180 89 76 179 160 80
P 181 89 95 160 161 95
P 182 89 114 140 162 110
P 183 89 134 121 163 125
P 184 89 153 102 164 140
P 185 89 173 82 165 155
P 186 89 192 63 166 170
P 179 90 63 192 158 70
P 180 90 82 173 159 85
P 181 90 101 153 160 100
P 182 90 121 134 161 115
P 183 90 140 114 162 130
P 184 90 160 95 163 145
P 185 90 179 76 164 160
P 186 90 199 56 165 175
P 179 91 69 186 157 75
P 180 91 89 166 158 90
P 181 91 108 147 159 105
P 182 91 127 127 160 120
P 183 91 147 108 161 135
P 184 91 166 89 162 150
P 185 91 186 69 163 165
P 186 91 205 50 164 180
P 178 92 56 199 155 65
P 179 92 76 179 156 80
P 180 92 95 160 157 95
P 181 92 114 140 158 110
P 182 92 134 121 159 125
P 183 92 153 101 160 140
P 184 92 173 82 161 155
P 185 92 192 63 162 170
P 178 93 63 192 154 70
P 179 93 82 173 155 85
P 180 93 101 153 156 100
P 181 93 121 134 157 115
P 182 93 140 114 158 130
P 183 93 160 95 159 145
P 184 93 179 76 160 160
P 185 93 199 56 161 175
P 178 94 69 186 153 75
P 179 94 89 166 154 90
P 180 94 108 147 155 105
P 181 94 127 127 156 120
P 182 94 147 108 157 135
P 183 94 166 89 158 150
P 184 94 186 69 159 165
P 178 95 76 179 152 80
P 179 95 95 160 153 95
P 180 95 114 140 154 110
P 181 95 134 121 155 125
P 182 95 153 101 156 140
P 183 95 173 82 157 155
P 184 95 192 63 158 170
P 177 96 63 192 150 70
P 178 96 82 173 151 85
P 179 96 101 153 152 100
P 180 96 121 134 153 115
P 181 96 140 114 154 130
P 182 96 160 95 155 145
P 183 96 179 76 156 160
P 184 96 199 56 157 175
P 177 97 69 186 149 75
P 178 97 89 166 150 90
P 179 97 108 147 151 105
P 180 97 127 127 152 120
P 181 97 147 108 153 135
P 182 97 166 89 154 150
P 183 97 186 69 155 165
P 177 98 76 179 148 80
P 178 98 95 160 149 95
P 179 98 114 140 150 110
P 180 98 134 121 151 125
P 181 98 153 101 152 140
P 182 98 173 82 153 155
P 183 98 192 63 154 170
P 176 99 63 192 146 70
P 177 99 82 173 147 85
P 178 99 101 153 148 100
P 179 99 121 134 149 115
P 180 99 140 114 150 130
P 181 99 160 95 151 145
P 182 99 179 76 152 160
P 183 99 199 56 153 175
P 176 100 69 186 145 75
P 177 100 89 166 146 90
P 178 100 108 147 147 105
P 179 100 127 127 148 120
P 180 100 147 108 149 135
P 181 100 166 89 150 150
P 182 100 186 69 151 165
P 176 101 76 179 144 80
P 177 101 95 160 145 95
P 178 101 114 140 146 110
P 179 101 134 121 147 125
P 180 101 153 101 148 140
P 181 101 173 82 149 155
P 182 101 192 63 150 170
P 175 102 63 192 142 70
P 176 102 82 173 143 85
P 177 102 101 153 144 100
P 178 102 121 134 145 115
P 179 102 140 114 146 130
P 180 102 160 95 147 145
P 181 102 179 76 148 160
P 175 103 69 186 141 75
P 176 103 89 166 142 90
P 177 103 108 147 143 105
P 178 103 127 127 144 120
P 179 103 147 108 145 135
P 180 103 166 89 146 150
P 181 103 186 69 147 165
P 175 104 76 179 140 80
P 176 104 95 160 141 95
P 177 104 114 140 142 110
P 178 104 134 121 143 125
P 179 104 153 101 144 140
P 180 104 173 82 145 155
P 181 104 192 63 146 170
P 175 105 82 173 139 85
P 176 105 101 153 140 100
P 177 105 121 134 141 115
P 178 105 140 114 142 130
P 179 105 160 95 143 145
P 180 105 179 76 144 160
P 174 106 69 186 137 75
P 175 106 88 166 138 90
P 176 106 108 147 139 105
P 177 106 127 127 140 120
P 178 106 147 108 141 135
P 179 106 166 89 142 150
P 180 106 186 69 143 165
P 174 107 76 179 136 80
P 175 107 95 160 137 95
P 176 107 114 140 138 110
P 177 107 134 121 139 125
P 178 107 153 101 140 140
P 179 107 173 82 141 155
P 180 107 192 63 142 170
P 174 108 82 173 135 85
P 175 108 101 153 136 100
P 176 108 121 134 137 115
P 177 108 140 114 138 130
P 178 108 160 95 139 145
P 179 108 179 76 140 160
P 173 109 69 186 133 75
P 174 109 88 166 134 90
P 175 109 108 147 135 105
P 176 109 127 127 136 120
P 177 109 147 108 137 135
P 178 109 166 88 138 150
P 179 109 186 69 139 165
P 173 110 76 179 132 80
P 174 110 95 160 133 95
P 175 110 114 140 134 110
P 176 110 134 121 135 125
P 177 110 153 101 136 140
P 178 110 173 82 137 155
P 173 111 82 173 131 85
P 174 111 101 153 132 100
P 175 111 121 134 133 115
P 176 111 140 114 134 130
P 177 111 160 95 135 145
P 178 111 179 76 136 160
P 173 112 88 166 130 90
P 174 112 108 147 131 105
P 175 112 127 127 132 120
P 176 112 147 108 133 135
P 177 112 166 88 134 150
P 178 112 186 69 135 165
P 172 113 76 179 128 80
P 173 113 95 160 129 95
P 174 113 114 140 130 110
P 175 113 134 121 131 125
P 176 113 153 101 132 140
P 177 113 173 82 133 155
P 172 114 82 173 127 85
P 173 114 101 153 128 100
P 174 114 121 134 129 115
P 175 114 140 114 130 130
P 176 114 160 95 131 145
P 177 114 179 76 132 160
P 172 115 88 166 126 90
P 173 115 108 147 127 105
P 174 115 127 127 128 120
P 175 115 147 108 129 135
P 176 115 166 88 130 150
P 177 115 186 69 131 165
P 171 116 76 179 124 80
P 172 116 95 160 125 95
P 173 116 114 140 126 110
P 174 116 134 121 127 125
P 175 116 153 101 128 140
P 176 116 173 82 129 155
P 171 117 82 173 123 85
P 172 117 101 153 124 100
P 173 117 121 134 125 115
P 174 117 140 114 126 130
P 175 117 160 95 127 145
P 176 117 179 76 128 160
P 171 118 88 166 122 90
P 172 118 108 147 123 105
P 173 118 127 127 124 120
P 174 118 147 108 125 135
P 175 118 166 88 126 150
P 170 119 76 179 120 80
P 171 119 95 160 121 95
P 172 119 114 140 122 110
P 173 119 134 121 123 125
P 174 119 153 101 124 140
P 175 119 173 82 125 155
P 170 120 82 173 119 85
P 171 120 101 153 120 100
P 172 120 121 134 121 115
P 173 120 140 114 122 130
P 174 120 160 95 123 145
P 175 120 179 76 124 160
P 170 121 88 166 118 90
P 171 121 108 147 119 105
P 172 121 127 127 120 120
P 173 121 147 108 121 135
P 174 121 166 88 122 150
P 170 122 95 160 117 95
P 171 122 114 140 118 110
P 172 122 134 121 119 125
P 173 122 153 101 120 140
P 174 122 173 82 121 155
P 169 123 82 173 115 85
P 170 123 101 153 116 100
P 171 123 121 134 117 115
P 172 123 140 114 118 130
P 173 123 160 95 119 145
P 174 123 179 75 120 160
P 169 124 88 166 114 90
P 170 124 108 147 115 105
P 171 124 127 127 116 120
P 172 124 147 108 117 135
P 173 124 166 88 118 150
P 169 125 95 160 113 95
P 170 125 114 140 114 110
P 171 125 134 121 115 125
P 172 125 153 101 116 140
P 173 125 173 82 117 155
P 168 126 82 173 111 85
P 169 126 101 153 112 100
P 170 126 121 134 113 115
P 171 126 140 114 114 130
P 172 126 160 95 115 145
P 168 127 88 166 110 90
P 169 127 108 147 111 105
P 170 127 127 127 112 120
P 171 127 147 108 113 135
P 172 127 166 88 114 150
P 168 128 95 160 109 95
P 169 128 114 140 110 110
P 170 128 134 121 111 125
P 171 128 153 101 112 140
P 172 128 173 82 113 155
P 168 129 101 153 108 100
P 169 129 121 134 109 115
P 170 129 140 114 110 130
P 171 129 160 95 111 145
P 167 130 88 166 106 90
P 168 130 108 147 107 105
P 169 130 127 127 108 120
P 170 130 147 108 109 135
P 171 130 166 88 110 150
P 167 131 95 160 105 95
P 168 131 114 140 106 110
P 169 131 134 121 107 125
P 170 131 153 101 108 140
P 171 131 173 82 109 155
P 167 132 101 153 104 100
P 168 132 121 134 105 115
P 169 132 140 114 106 130
P 170 132 160 95 107 145
P 166 133 88 166 102 90
P 167 133 108 147 103 105
P 168 133 127 127 104 120
P 169 133 147 108 105 135
P 170 133 166 88 106 150
P 166 134 95 160 101 95
P 167 134 114 140 102 110
P 168 134 134 121 103 125
P 169 134 153 101 104 140
P 166 135 101 153 100 100
P 167 135 121 134 101 115
P 168 135 140 114 102 130
P 169 135 160 95 103 145
P 165 136 88 166 98 90
P 166 136 108 147 99 105
P 167 136 127 127 100 120
P 168 136 147 108 101 135
P 169 136 166 88 102 150
P 165 137 95 160 97 95
P 166 137 114 140 98 110
P 167 137 134 121 99 125
P 168 137 153 101 100 140
P 165 138 101 153 96 100
P 166 138 121 134 97 115
P 167 138 140 114 98 130
P 168 138 160 95 99 145
P 165 139 108 147 95 105
P 166 139 127 127 96 120
P 167 139 147 108 97 135
P 168 139 166 88 98 150
P 164 140 95 160 93 95
P 165 140 114 140 94 110
P 166 140 134 121 95 125
P 167 140 153 101 96 140
P 164 141 101 153 92 100
P 165 141 121 134 93 115
P 166 141 140 114 94 130
P 167 141 160 95 95 145
P 164 142 108 147 91 105
P 165 142 127 127 92 120
P 166 142 147 108 93 135
P 163 143 95 160 89 95
P 164 143 114 140 90 110
P 165 143 134 121 91 125
P 166 143 153 101 92 140
P 163 144 101 153 88 100
P 164 144 121 134 89 115
P 165 144 140 114 90 130
P 166 144 160 95 91 145
P 163 145 108 147 87 105
P 164 145 127 127 88 120
P 165 145 147 108 89 135
P 163 146 114 140 86 110
P 164 146 134 121 87 125
P 165 146 153 101 88 140
P 162 147 101 153 84 100
P 163 147 121 134 85 115
P 164 147 140 114 86 130
P 165 147 160 95 87 145
P 162 148 108 147 83 105
P 163 148 127 127 84 120
P 164 148 147 108 85 135
P 162 149 114 140 82 110
P 163 149 134 121 83 125
P 164 149 153 101 84 140
P 161 150 101 153 80 100
P 162 150 121 134 81 115
P 163 150 140 114 82 130
P 161 151 108 147 79 105
P 162 151 127 127 80 120
P 163 151 147 108 81 135
P 161 152 114 140 78 110
P 162 152 134 121 79 125
P 163 152 153 101 80 140
P 160 153 101 153 76 100
P 161 153 121 134 77 115
P 162 153 140 114 78 130
P 160 154 108 147 75 105
P 161 154 127 127 76 120
P 162 154 147 108 77 135
P 160 155 114 140 74 110
P 161 155 134 121 75 125
P 162 155 153 101 76 140
P 160 156 121 134 73 115
P 161 156 140 114 74 130
P 159 157 108 147 71 105
P 160 157 127 127 72 120
P 161 157 147 108 73 135
P 159 158 114 140 70 110
P 160 158 134 121 71 125
P 159 159 121 134 69 115
P 160 159 140 114 70 130
P 158 160 108 146 67 105
P 159 160 127 127 68 120
P 160 160 147 108 69 135
P 158 161 114 140 66 110
P 159 161 134 121 67 125
P 158 162 121 134 65 115
P 159 162 140 114 66 130
P 158 163 127 127 64 120
P 159 163 147 108 65 135
P 157 164 114 140 62 110
P 158 164 134 121 63 125
P 157 165 121 134 61 115
P 158 165 140 114 62 130
P 157 166 127 127 60 120
P 156 167 114 140 58 110
P 157 167 134 121 59 125
P 156 168 121 134 57 115
P 157 168 140 114 58 130
P 156 169 127 127 56 120
P 155 170 114 140 54 110
P 156 170 134 121 55 125
P 155 171 121 134 53 115
P 156 171 140 114 54 130
P 155 172 127 127 52 120
P 155 173 134 121 51 125
P 154 174 121 134 49 115
P 154 175 127 127 48 120
P 154 176 134 121 47 125
P 153 177 121 133 45 115
P 153 178 127 127 44 120
P 153 179 134 121 43 125
P 152 181 127 127 40 120
P 151 184 127 127 36 120
P 150 187 127 127 32 120
