# surface 320x240  origin 9322496  clear ff102030
# shape 1
# vertex 0  190 53  rgba 24 231 206 40
# vertex 1  198 61  rgba 231 24 206 200
# vertex 2  150 189  rgba 127 127 30 120
# counters drawn=0 software=0 unsupported=0 declined=0
# mode hardware
P 190 54 43 211 205 54
P 189 55 30 224 203 44
P 190 55 49 205 204 59
P 191 55 69 185 205 74
P 189 56 36 218 202 49
P 190 56 56 198 203 64
P 191 56 75 179 204 79
P 192 56 95 159 205 94
P 189 57 43 211 201 54
P 190 57 62 192 202 69
P 191 57 82 172 203 84
P 192 57 101 153 204 99
P 193 57 121 133 205 114
P 188 58 30 224 199 44
P 189 58 49 205 200 59
P 190 58 69 185 201 74
P 191 58 88 166 202 89
P 192 58 108 146 203 104
P 193 58 127 127 204 119
P 194 58 146 108 205 134
P 188 59 36 218 198 49
P 189 59 56 198 199 64
P 190 59 75 179 200 79
P 191 59 95 159 201 94
P 192 59 114 140 202 109
P 193 59 133 121 203 124
P 194 59 153 101 204 139
P 195 59 172 82 205 154
P 188 60 43 211 197 54
P 189 60 62 192 198 69
P 190 60 82 172 199 84
P 191 60 101 153 200 99
P 192 60 121 133 201 114
P 193 60 140 114 202 129
P 194 60 159 95 203 144
P 195 60 179 75 204 159
P 196 60 198 56 205 174
P 187 61 30 224 195 44
P 188 61 49 205 196 59
P 189 61 69 185 197 74
P 190 61 88 166 198 89
P 191 61 108 146 199 104
P 192 61 127 127 200 119
P 193 61 146 108 201 134
P 194 61 166 88 202 149
P 195 61 185 69 203 164
P 196 61 205 49 204 179
P 197 61 224 30 205 194
P 187 62 36 218 194 49
P 188 62 56 198 195 64
P 189 62 75 179 196 79
P 190 62 95 159 197 94
P 191 62 114 140 198 109
P 192 62 133 121 199 124
P 193 62 153 101 200 139
P 194 62 172 82 201 154
P 195 62 192 62 202 169
P 196 62 211 43 203 184
P 187 63 43 211 193 54
P 188 63 62 192 194 69
P 189 63 82 172 195 84
P 190 63 101 153 196 99
P 191 63 121 133 197 114
P 192 63 140 114 198 129
P 193 63 159 95 199 144
P 194 63 179 75 200 159
P 195 63 198 56 201 174
P 196 63 218 36 202 189
P 187 64 49 205 192 59
P 188 64 69 185 193 74
P 189 64 88 166 194 89
P 190 64 108 146 195 104
P 191 64 127 127 196 119
P 192 64 146 108 197 134
P 193 64 166 88 198 149
P 194 64 185 69 199 164
P 195 64 205 49 200 179
P 196 64 224 30 201 194
P 186 65 36 218 190 49
P 187 65 56 198 191 64
P 188 65 75 179 192 79
P 189 65 95 159 193 94
P 190 65 114 140 194 109
P 191 65 133 121 195 124
P 192 65 153 101 196 139
P 193 65 172 82 197 154
P 194 65 192 62 198 169
P 195 65 211 43 199 184
P 186 66 43 211 189 54
P 187 66 62 192 190 69
P 188 66 82 172 191 84
P 189 66 101 153 192 99
P 190 66 120 133 193 114
P 191 66 140 114 194 129
P 192 66 159 95 195 144
P 193 66 179 75 196 159
P 194 66 198 56 197 174
P 195 66 218 36 198 189
P 186 67 49 205 188 59
P 187 67 69 185 189 74
P 188 67 88 166 190 89
P 189 67 108 146 191 104
P 190 67 127 127 192 119
P 191 67 146 108 193 134
P 192 67 166 88 194 149
P 193 67 185 69 195 164
P 194 67 205 49 196 179
P 195 67 224 30 197 194
P 185 68 36 218 186 49
P 186 68 56 198 187 64
P 187 68 75 179 188 79
P 188 68 95 159 189 94
P 189 68 114 140 190 109
P 190 68 133 120 191 124
P 191 68 153 101 192 139
P 192 68 172 82 193 154
P 193 68 192 62 194 169
P 194 68 211 43 195 184
P 185 69 43 211 185 54
P 186 69 62 192 186 69
P 187 69 82 172 187 84
P 188 69 101 153 188 99
P 189 69 120 133 189 114
P 190 69 140 114 190 129
P 191 69 159 95 191 144
P 192 69 179 75 192 159
P 193 69 198 56 193 174
P 194 69 218 36 194 189
P 185 70 49 205 184 59
P 186 70 69 185 185 74
P 187 70 88 166 186 89
P 188 70 108 146 187 104
P 189 70 127 127 188 119
P 190 70 146 108 189 134
P 191 70 166 88 190 149
P 192 70 185 69 191 164
P 193 70 205 49 192 179
P 185 71 56 198 183 64
P 186 71 75 179 184 79
P 187 71 95 159 185 94
P 188 71 114 140 186 109
P 189 71 133 120 187 124
P 190 71 153 101 188 139
P 191 71 172 82 189 154
P 192 71 192 62 190 169
P 193 71 211 43 191 184
P 184 72 43 211 181 54
P 185 72 62 192 182 69
P 186 72 82 172 183 84
P 187 72 101 153 184 99
P 188 72 120 133 185 114
P 189 72 140 114 186 129
P 190 72 159 95 187 144
P 191 72 179 75 188 159
P 192 72 198 56 189 174
P 193 72 218 36 190 189
P 184 73 49 205 180 59
P 185 73 69 185 181 74
P 186 73 88 166 182 89
P 187 73 108 146 183 104
P 188 73 127 127 184 119
P 189 73 146 108 185 134
P 190 73 166 88 186 149
P 191 73 185 69 187 164
P 192 73 205 49 188 179
P 184 74 56 198 179 64
P 185 74 75 179 180 79
P 186 74 95 159 181 94
P 187 74 114 140 182 109
P 188 74 133 120 183 124
P 189 74 153 101 184 139
P 190 74 172 82 185 154
P 191 74 192 62 186 169
P 192 74 211 43 187 184
P 183 75 43 211 177 54
P 184 75 62 192 178 69
P 185 75 82 172 179 84
P 186 75 101 153 180 99
P 187 75 120 133 181 114
P 188 75 140 114 182 129
P 189 75 159 95 183 144
P 190 75 179 75 184 159
P 191 75 198 56 185 174
P 192 75 218 36 186 189
P 183 76 49 205 176 59
P 184 76 69 185 177 74
P 185 76 88 166 178 89
P 186 76 108 146 179 104
P 187 76 127 127 180 119
P 188 76 146 108 181 134
P 189 76 166 88 182 149
P 190 76 185 69 183 164
P 191 76 205 49 184 179
P 183 77 56 198 175 64
P 184 77 75 179 176 79
P 185 77 95 159 177 94
P 186 77 114 140 178 109
P 187 77 133 120 179 124
P 188 77 153 101 180 139
P 189 77 172 82 181 154
P 190 77 192 62 182 169
P 191 77 211 43 183 184
P 182 78 43 211 173 54
P 183 78 62 192 174 69
P 184 78 82 172 175 84
P 185 78 101 153 176 99
P 186 78 120 133 177 114
P 187 78 140 114 178 129
P 188 78 159 95 179 144
P 189 78 179 75 180 159
P 190 78 198 56 181 174
P 182 79 49 205 172 59
P 183 79 69 185 173 74
P 184 79 88 166 174 89
P 185 79 108 146 175 104
P 186 79 127 127 176 119
P 187 79 146 108 177 134
P 188 79 166 88 178 149
P 189 79 185 69 179 164
P 190 79 205 49 180 179
P 182 80 56 198 171 64
P 183 80 75 179 172 79
P 184 80 95 159 173 94
P 185 80 114 140 174 109
P 186 80 133 120 175 124
P 187 80 153 101 176 139
P 188 80 172 82 177 154
P 189 80 192 62 178 169
P 190 80 211 43 179 184
P 182 81 62 192 170 69
P 183 81 82 172 171 84
P 184 81 101 153 172 99
P 185 81 120 133 173 114
P 186 81 140 114 174 129
P 187 81 159 95 175 144
P 188 81 179 75 176 159
P 189 81 198 56 177 174
P 181 82 49 205 168 59
P 182 82 69 185 169 74
P 183 82 88 166 170 89
P 184 82 107 146 171 104
P 185 82 127 127 172 119
P 186 82 146 108 173 134
P 187 82 166 88 174 149
P 188 82 185 69 175 164
P 189 82 205 49 176 179
P 181 83 56 198 167 64
P 182 83 75 179 168 79
P 183 83 95 159 169 94
P 184 83 114 140 170 109
P 185 83 133 120 171 124
P 186 83 153 101 172 139
P 187 83 172 82 173 154
P 188 83 192 62 174 169
P 189 83 211 43 175 184
P 181 84 62 192 166 69
P 182 84 82 172 167 84
P 183 84 101 153 168 99
P 184 84 120 133 169 114
P 185 84 140 114 170 129
P 186 84 159 95 171 144
P 187 84 179 75 172 159
P 188 84 198 56 173 174
P 180 85 49 205 164 59
P 181 85 69 185 165 74
P 182 85 88 166 166 89
P 183 85 107 146 167 104
P 184 85 127 127 168 119
P 185 85 146 108 169 134
P 186 85 166 88 170 149
P 187 85 185 69 171 164
P 188 85 205 49 172 179
P 180 86 56 198 163 64
P 181 86 75 179 164 79
P 182 86 95 159 165 94
P 183 86 114 140 166 109
P 184 86 133 120 167 124
P 185 86 153 101 168 139
P 186 86 172 82 169 154
P 187 86 192 62 170 169
P 180 87 62 192 162 69
P 181 87 82 172 163 84
P 182 87 101 153 164 99
P 183 87 120 133 165 114
P 184 87 140 114 166 129
P 185 87 159 95 167 144
P 186 87 179 75 168 159
P 187 87 198 56 169 174
P 180 88 69 185 161 74
P 181 88 88 166 162 89
P 182 88 107 146 163 104
P 183 88 127 127 164 119
P 184 88 146 107 165 134
P 185 88 166 88 166 149
P 186 88 185 69 167 164
P 187 88 205 49 168 179
P 179 89 56 198 159 64
P 180 89 75 179 160 79
P 181 89 95 159 161 94
P 182 89 114 140 162 109
P 183 89 133 120 163 124
P 184 89 153 101 164 139
P 185 89 172 82 165 154
P 186 89 192 62 166 169
P 179 90 62 192 158 69
P 180 90 82 172 159 84
P 181 90 101 153 160 99
P 182 90 120 133 161 114
P 183 90 140 114 162 129
P 184 90 159 95 163 144
P 185 90 179 75 164 159
P 186 90 198 56 165 174
P 179 91 69 185 157 74
P 180 91 88 166 158 89
P 181 91 107 146 159 104
P 182 91 127 127 160 119
P 183 91 146 107 161 134
P 184 91 166 88 162 149
P 185 91 185 69 163 164
P 186 91 205 49 164 179
P 178 92 56 198 155 64
P 179 92 75 179 156 79
P 180 92 95 159 157 94
P 181 92 114 140 158 109
P 182 92 133 120 159 124
P 183 92 153 101 160 139
P 184 92 172 82 161 154
P 185 92 192 62 162 169
P 178 93 62 192 154 69
P 179 93 82 172 155 84
P 180 93 101 153 156 99
P 181 93 120 133 157 114
P 182 93 140 114 158 129
P 183 93 159 95 159 144
P 184 93 179 75 160 159
P 185 93 198 56 161 174
P 178 94 69 185 153 74
P 179 94 88 166 154 89
P 180 94 107 146 155 104
P 181 94 127 127 156 119
P 182 94 146 107 157 134
P 183 94 166 88 158 149
P 184 94 185 69 159 164
P 177 95 56 198 151 64
P 178 95 75 179 152 79
P 179 95 95 159 153 94
P 180 95 114 140 154 109
P 181 95 133 120 155 124
P 182 95 153 101 156 139
P 183 95 172 82 157 154
P 184 95 192 62 158 169
P 177 96 62 192 150 69
P 178 96 82 172 151 84
P 179 96 101 153 152 99
P 180 96 120 133 153 114
P 181 96 140 114 154 129
P 182 96 159 95 155 144
P 183 96 179 75 156 159
P 184 96 198 56 157 174
P 177 97 69 185 149 74
P 178 97 88 166 150 89
P 179 97 107 146 151 104
P 180 97 127 127 152 119
P 181 97 146 107 153 134
P 182 97 166 88 154 149
P 183 97 185 69 155 164
P 177 98 75 179 148 79
P 178 98 94 159 149 94
P 179 98 114 140 150 109
P 180 98 133 120 151 124
P 181 98 153 101 152 139
P 182 98 172 82 153 154
P 183 98 192 62 154 169
P 176 99 62 192 146 69
P 177 99 82 172 147 84
P 178 99 101 153 148 99
P 179 99 120 133 149 114
P 180 99 140 114 150 129
P 181 99 159 95 151 144
P 182 99 179 75 152 159
P 183 99 198 56 153 174
P 176 100 69 185 145 74
P 177 100 88 166 146 89
P 178 100 107 146 147 104
P 179 100 127 127 148 119
P 180 100 146 107 149 134
P 181 100 166 88 150 149
P 182 100 185 69 151 164
P 176 101 75 179 144 79
P 177 101 94 159 145 94
P 178 101 114 140 146 109
P 179 101 133 120 147 124
P 180 101 153 101 148 139
P 181 101 172 82 149 154
P 182 101 192 62 150 169
P 175 102 62 192 142 69
P 176 102 82 172 143 84
P 177 102 101 153 144 99
P 178 102 120 133 145 114
P 179 102 140 114 146 129
P 180 102 159 95 147 144
P 181 102 179 75 148 159
P 175 103 69 185 141 74
P 176 103 88 166 142 89
P 177 103 107 146 143 104
P 178 103 127 127 144 119
P 179 103 146 107 145 134
P 180 103 166 88 146 149
P 181 103 185 69 147 164
P 175 104 75 179 140 79
P 176 104 94 159 141 94
P 177 104 114 140 142 109
P 178 104 133 120 143 124
P 179 104 153 101 144 139
P 180 104 172 82 145 154
P 181 104 192 62 146 169
P 175 105 82 172 139 84
P 176 105 101 153 140 99
P 177 105 120 133 141 114
P 178 105 140 114 142 129
P 179 105 159 94 143 144
P 180 105 179 75 144 159
P 174 106 69 185 137 74
P 175 106 88 166 138 89
P 176 106 107 146 139 104
P 177 106 127 127 140 119
P 178 106 146 107 141 134
P 179 106 166 88 142 149
P 180 106 185 69 143 164
P 174 107 75 179 136 79
P 175 107 94 159 137 94
P 176 107 114 140 138 109
P 177 107 133 120 139 124
P 178 107 153 101 140 139
P 179 107 172 82 141 154
P 180 107 192 62 142 169
P 174 108 82 172 135 84
P 175 108 101 153 136 99
P 176 108 120 133 137 114
P 177 108 140 114 138 129
P 178 108 159 94 139 144
P 179 108 179 75 140 159
P 173 109 69 185 133 74
P 174 109 88 166 134 89
P 175 109 107 146 135 104
P 176 109 127 127 136 119
P 177 109 146 107 137 134
P 178 109 166 88 138 149
P 179 109 185 69 139 164
P 173 110 75 179 132 79
P 174 110 94 159 133 94
P 175 110 114 140 134 109
P 176 110 133 120 135 124
P 177 110 153 101 136 139
P 178 110 172 82 137 154
P 173 111 82 172 131 84
P 174 111 101 153 132 99
P 175 111 120 133 133 114
P 176 111 140 114 134 129
P 177 111 159 94 135 144
P 178 111 179 75 136 159
P 172 112 69 185 129 74
P 173 112 88 166 130 89
P 174 112 107 146 131 104
P 175 112 127 127 132 119
P 176 112 146 107 133 134
P 177 112 166 88 134 149
P 178 112 185 69 135 164
P 172 113 75 179 128 79
P 173 113 94 159 129 94
P 174 113 114 140 130 109
P 175 113 133 120 131 124
P 176 113 153 101 132 139
P 177 113 172 82 133 154
P 172 114 81 172 127 84
P 173 114 101 153 128 99
P 174 114 120 133 129 114
P 175 114 140 114 130 129
P 176 114 159 94 131 144
P 177 114 179 75 132 159
P 172 115 88 166 126 89
P 173 115 107 146 127 104
P 174 115 127 127 128 119
P 175 115 146 107 129 134
P 176 115 166 88 130 149
P 177 115 185 69 131 164
P 171 116 75 179 124 79
P 172 116 94 159 125 94
P 173 116 114 140 126 109
P 174 116 133 120 127 124
P 175 116 153 101 128 139
P 176 116 172 82 129 154
P 171 117 81 172 123 84
P 172 117 101 153 124 99
P 173 117 120 133 125 114
P 174 117 140 114 126 129
P 175 117 159 94 127 144
P 176 117 179 75 128 159
P 171 118 88 166 122 89
P 172 118 107 146 123 104
P 173 118 127 127 124 119
P 174 118 146 107 125 134
P 175 118 166 88 126 149
P 170 119 75 179 120 79
P 171 119 94 159 121 94
P 172 119 114 140 122 109
P 173 119 133 120 123 124
P 174 119 153 101 124 139
P 175 119 172 82 125 154
P 170 120 81 172 119 84
P 171 120 101 153 120 99
P 172 120 120 133 121 114
P 173 120 140 114 122 129
P 174 120 159 94 123 144
P 175 120 179 75 124 159
P 170 121 88 166 118 89
P 171 121 107 146 119 104
P 172 121 127 127 120 119
P 173 121 146 107 121 134
P 174 121 166 88 122 149
P 170 122 94 159 117 94
P 171 122 114 140 118 109
P 172 122 133 120 119 124
P 173 122 153 101 120 139
P 174 122 172 82 121 154
P 169 123 81 172 115 84
P 170 123 101 153 116 99
P 171 123 120 133 117 114
P 172 123 140 114 118 129
P 173 123 159 94 119 144
P 174 123 179 75 120 159
P 169 124 88 166 114 89
P 170 124 107 146 115 104
P 171 124 127 127 116 119
P 172 124 146 107 117 134
P 173 124 166 88 118 149
P 169 125 94 159 113 94
P 170 125 114 140 114 109
P 171 125 133 120 115 124
P 172 125 153 101 116 139
P 173 125 172 81 117 154
P 168 126 81 172 111 84
P 169 126 101 153 112 99
P 170 126 120 133 113 114
P 171 126 140 114 114 129
P 172 126 159 94 115 144
P 168 127 88 166 110 89
P 169 127 107 146 111 104
P 170 127 127 127 112 119
P 171 127 146 107 113 134
P 172 127 166 88 114 149
P 168 128 94 159 109 94
P 169 128 114 140 110 109
P 170 128 133 120 111 124
P 171 128 153 101 112 139
P 172 128 172 81 113 154
P 167 129 81 172 107 84
P 168 129 101 153 108 99
P 169 129 120 133 109 114
P 170 129 140 114 110 129
P 171 129 159 94 111 144
P 167 130 88 166 106 89
P 168 130 107 146 107 104
P 169 130 127 127 108 119
P 170 130 146 107 109 134
P 171 130 166 88 110 149
P 167 131 94 159 105 94
P 168 131 114 140 106 109
P 169 131 133 120 107 124
P 170 131 153 101 108 139
P 171 131 172 81 109 154
P 167 132 101 153 104 99
P 168 132 120 133 105 114
P 169 132 140 114 106 129
P 170 132 159 94 107 144
P 166 133 88 166 102 89
P 167 133 107 146 103 104
P 168 133 127 127 104 119
P 169 133 146 107 105 134
P 170 133 166 88 106 149
P 166 134 94 159 101 94
P 167 134 114 140 102 109
P 168 134 133 120 103 124
P 169 134 153 101 104 139
P 166 135 101 153 100 99
P 167 135 120 133 101 114
P 168 135 140 114 102 129
P 169 135 159 94 103 144
P 165 136 88 166 98 89
P 166 136 107 146 99 104
P 167 136 127 127 100 119
P 168 136 146 107 101 134
P 169 136 166 88 102 149
P 165 137 94 159 97 94
P 166 137 114 140 98 109
P 167 137 133 120 99 124
P 168 137 153 101 100 139
P 165 138 101 153 96 99
P 166 138 120 133 97 114
P 167 138 140 114 98 129
P 168 138 159 94 99 144
P 165 139 107 146 95 104
P 166 139 127 127 96 119
P 167 139 146 107 97 134
P 168 139 166 88 98 149
P 164 140 94 159 93 94
P 165 140 114 140 94 109
P 166 140 133 120 95 124
P 167 140 153 101 96 139
P 164 141 101 153 92 99
P 165 141 120 133 93 114
P 166 141 140 114 94 129
P 167 141 159 94 95 144
P 164 142 107 146 91 104
P 165 142 127 127 92 119
P 166 142 146 107 93 134
P 163 143 94 159 89 94
P 164 143 114 140 90 109
P 165 143 133 120 91 124
P 166 143 153 101 92 139
P 163 144 101 153 88 99
P 164 144 120 133 89 114
P 165 144 140 114 90 129
P 166 144 159 94 91 144
P 163 145 107 146 87 104
P 164 145 127 127 88 119
P 165 145 146 107 89 134
P 162 146 94 159 85 94
P 163 146 114 140 86 109
P 164 146 133 120 87 124
P 165 146 153 101 88 139
P 162 147 101 153 84 99
P 163 147 120 133 85 114
P 164 147 140 114 86 129
P 165 147 159 94 87 144
P 162 148 107 146 83 104
P 163 148 127 127 84 119
P 164 148 146 107 85 134
P 162 149 114 140 82 109
P 163 149 133 120 83 124
P 164 149 153 101 84 139
P 161 150 101 153 80 99
P 162 150 120 133 81 114
P 163 150 140 114 82 129
P 161 151 107 146 79 104
P 162 151 127 127 80 119
P 163 151 146 107 81 134
P 161 152 114 140 78 109
P 162 152 133 120 79 124
P 163 152 153 101 80 139
P 160 153 101 153 76 99
P 161 153 120 133 77 114
P 162 153 140 114 78 129
P 160 154 107 146 75 104
P 161 154 127 127 76 119
P 162 154 146 107 77 134
P 160 155 114 140 74 109
P 161 155 133 120 75 124
P 162 155 153 101 76 139
P 160 156 120 133 73 114
P 161 156 140 114 74 129
P 159 157 107 146 71 104
P 160 157 127 127 72 119
P 161 157 146 107 73 134
P 159 158 114 140 70 109
P 160 158 133 120 71 124
P 159 159 120 133 69 114
P 160 159 140 114 70 129
P 158 160 107 146 67 104
P 159 160 127 127 68 119
P 160 160 146 107 69 134
P 158 161 114 140 66 109
P 159 161 133 120 67 124
P 158 162 120 133 65 114
P 159 162 140 114 66 129
P 157 163 107 146 63 104
P 158 163 127 127 64 119
P 159 163 146 107 65 134
P 157 164 114 140 62 109
P 158 164 133 120 63 124
P 157 165 120 133 61 114
P 158 165 140 114 62 129
P 157 166 127 127 60 119
P 156 167 114 140 58 109
P 157 167 133 120 59 124
P 156 168 120 133 57 114
P 157 168 140 114 58 129
P 156 169 127 127 56 119
P 155 170 114 140 54 109
P 156 170 133 120 55 124
P 155 171 120 133 53 114
P 156 171 140 114 54 129
P 155 172 127 127 52 119
P 155 173 133 120 51 124
P 154 174 120 133 49 114
P 154 175 127 127 48 119
P 154 176 133 120 47 124
P 153 177 120 133 45 114
P 153 178 127 127 44 119
P 153 179 133 120 43 124
P 152 180 120 133 41 114
P 152 181 127 127 40 119
P 151 184 127 127 36 119
P 150 187 127 127 32 119
